#
# The copyright to the intellectual property of this file is held by www.climatedata.info
# Title,"Temperature, CO2 and Milankovitch cycles - Vostok"
# Source: http://www.ncdc.noaa.gov/paleo/indexice.html
# Source: http://www1.ncdc.noaa.gov/pub/data/paleo/climate_forcing/orbital_variations/berger_insolation/
#
BP,Temp
-422100,0.084
-422000,0.095
-421900,0.106
-421800,0.117
-421700,0.128
-421600,0.14
-421500,0.152
-421400,0.179
-421300,0.207
-421200,0.234
-421100,0.262
-421000,0.289
-420900,0.317
-420800,0.352
-420700,0.388
-420600,0.424
-420500,0.461
-420400,0.497
-420300,0.533
-420200,0.536
-420100,0.531
-420000,0.526
-419900,0.521
-419800,0.516
-419700,0.511
-419600,0.57
-419500,0.643
-419400,0.717
-419300,0.79
-419200,0.863
-419100,0.936
-419000,0.995
-418900,1.053
-418800,1.111
-418700,1.169
-418600,1.227
-418500,1.276
-418400,1.299
-418300,1.323
-418200,1.346
-418100,1.369
-418000,1.393
-417900,1.404
-417800,1.409
-417700,1.415
-417600,1.42
-417500,1.426
-417400,1.428
-417300,1.415
-417200,1.402
-417100,1.389
-417000,1.376
-416900,1.364
-416800,1.355
-416700,1.347
-416600,1.34
-416500,1.333
-416400,1.325
-416300,1.311
-416200,1.276
-416100,1.241
-416000,1.206
-415900,1.171
-415800,1.137
-415700,1.134
-415600,1.14
-415500,1.145
-415400,1.151
-415300,1.156
-415200,1.154
-415100,1.138
-415000,1.121
-414900,1.104
-414800,1.088
-414700,1.071
-414600,1.033
-414500,0.992
-414400,0.952
-414300,0.912
-414200,0.871
-414100,0.846
-414000,0.837
-413900,0.827
-413800,0.818
-413700,0.809
-413600,0.801
-413500,0.852
-413400,0.904
-413300,0.956
-413200,1.008
-413100,1.06
-413000,1.088
-412900,1.101
-412800,1.115
-412700,1.128
-412600,1.141
-412500,1.155
-412400,1.17
-412300,1.186
-412200,1.201
-412100,1.216
-412000,1.232
-411900,1.253
-411800,1.274
-411700,1.296
-411600,1.317
-411500,1.338
-411400,1.327
-411300,1.314
-411200,1.3
-411100,1.287
-411000,1.273
-410900,1.407
-410800,1.58
-410700,1.754
-410600,1.927
-410500,2.101
-410400,2.047
-410300,1.946
-410200,1.846
-410100,1.745
-410000,1.645
-409900,1.571
-409800,1.499
-409700,1.427
-409600,1.355
-409500,1.283
-409400,1.25
-409300,1.218
-409200,1.186
-409100,1.154
-409000,1.123
-408900,1.087
-408800,1.052
-408700,1.016
-408600,0.981
-408500,0.945
-408400,0.925
-408300,0.907
-408200,0.89
-408100,0.872
-408000,0.854
-407900,0.829
-407800,0.801
-407700,0.774
-407600,0.746
-407500,0.719
-407400,0.68
-407300,0.637
-407200,0.594
-407100,0.551
-407000,0.508
-406900,0.47
-406800,0.435
-406700,0.4
-406600,0.365
-406500,0.331
-406400,0.3
-406300,0.275
-406200,0.25
-406100,0.224
-406000,0.199
-405900,0.168
-405800,0.114
-405700,0.06
-405600,0.007
-405500,-0.047
-405400,-0.1
-405300,-0.134
-405200,-0.169
-405100,-0.203
-405000,-0.237
-404900,-0.271
-404800,-0.293
-404700,-0.31
-404600,-0.327
-404500,-0.344
-404400,-0.361
-404300,-0.388
-404200,-0.428
-404100,-0.467
-404000,-0.507
-403900,-0.546
-403800,-0.592
-403700,-0.672
-403600,-0.752
-403500,-0.831
-403400,-0.911
-403300,-0.991
-403200,-1.041
-403100,-1.081
-403000,-1.121
-402900,-1.161
-402800,-1.201
-402700,-1.232
-402600,-1.237
-402500,-1.242
-402400,-1.248
-402300,-1.253
-402200,-1.259
-402100,-1.235
-402000,-1.204
-401900,-1.173
-401800,-1.141
-401700,-1.11
-401600,-1.095
-401500,-1.11
-401400,-1.125
-401300,-1.14
-401200,-1.155
-401100,-1.17
-401000,-1.243
-400900,-1.318
-400800,-1.394
-400700,-1.469
-400600,-1.545
-400500,-1.586
-400400,-1.597
-400300,-1.608
-400200,-1.619
-400100,-1.629
-400000,-1.64
-399900,-1.642
-399800,-1.644
-399700,-1.646
-399600,-1.647
-399500,-1.649
-399400,-1.653
-399300,-1.659
-399200,-1.664
-399100,-1.67
-399000,-1.675
-398900,-1.684
-398800,-1.728
-398700,-1.772
-398600,-1.815
-398500,-1.859
-398400,-1.903
-398300,-1.943
-398200,-1.981
-398100,-2.019
-398000,-2.057
-397900,-2.095
-397800,-2.131
-397700,-2.144
-397600,-2.156
-397500,-2.169
-397400,-2.181
-397300,-2.194
-397200,-2.232
-397100,-2.293
-397000,-2.354
-396900,-2.415
-396800,-2.476
-396700,-2.536
-396600,-2.583
-396500,-2.629
-396400,-2.675
-396300,-2.72
-396200,-2.766
-396100,-2.828
-396000,-2.936
-395900,-3.044
-395800,-3.152
-395700,-3.26
-395600,-3.368
-395500,-3.487
-395400,-3.618
-395300,-3.75
-395200,-3.881
-395100,-4.013
-395000,-4.144
-394900,-4.273
-394800,-4.397
-394700,-4.521
-394600,-4.645
-394500,-4.769
-394400,-4.892
-394300,-5.016
-394200,-5.076
-394100,-5.133
-394000,-5.191
-393900,-5.248
-393800,-5.306
-393700,-5.363
-393600,-5.395
-393500,-5.382
-393400,-5.368
-393300,-5.354
-393200,-5.341
-393100,-5.327
-393000,-5.314
-392900,-5.295
-392800,-5.273
-392700,-5.252
-392600,-5.23
-392500,-5.209
-392400,-5.188
-392300,-5.181
-392200,-5.246
-392100,-5.312
-392000,-5.377
-391900,-5.442
-391800,-5.507
-391700,-5.573
-391600,-5.579
-391500,-5.542
-391400,-5.506
-391300,-5.47
-391200,-5.433
-391100,-5.397
-391000,-5.36
-390900,-5.357
-390800,-5.354
-390700,-5.351
-390600,-5.348
-390500,-5.345
-390400,-5.342
-390300,-5.348
-390200,-5.363
-390100,-5.378
-390000,-5.394
-389900,-5.409
-389800,-5.425
-389700,-5.44
-389600,-5.382
-389500,-5.324
-389400,-5.266
-389300,-5.208
-389200,-5.15
-389100,-5.093
-389000,-5.065
-388900,-5.057
-388800,-5.049
-388700,-5.041
-388600,-5.033
-388500,-5.025
-388400,-5.041
-388300,-5.101
-388200,-5.162
-388100,-5.222
-388000,-5.282
-387900,-5.342
-387800,-5.4
-387700,-5.41
-387600,-5.419
-387500,-5.429
-387400,-5.438
-387300,-5.447
-387200,-5.457
-387100,-5.48
-387000,-5.51
-386900,-5.539
-386800,-5.569
-386700,-5.599
-386600,-5.629
-386500,-5.637
-386400,-5.591
-386300,-5.546
-386200,-5.5
-386100,-5.454
-386000,-5.408
-385900,-5.363
-385800,-5.233
-385700,-5.097
-385600,-4.962
-385500,-4.827
-385400,-4.692
-385300,-4.556
-385200,-4.473
-385100,-4.397
-385000,-4.321
-384900,-4.245
-384800,-4.169
-384700,-4.084
-384600,-3.928
-384500,-3.772
-384400,-3.616
-384300,-3.46
-384200,-3.304
-384100,-3.156
-384000,-3.013
-383900,-2.87
-383800,-2.727
-383700,-2.584
-383600,-2.518
-383500,-2.561
-383400,-2.605
-383300,-2.648
-383200,-2.691
-383100,-2.733
-383000,-2.772
-382900,-2.811
-382800,-2.85
-382700,-2.89
-382600,-2.953
-382500,-3.105
-382400,-3.257
-382300,-3.409
-382200,-3.561
-382100,-3.712
-382000,-3.778
-381900,-3.838
-381800,-3.899
-381700,-3.96
-381600,-4.02
-381500,-4.075
-381400,-4.124
-381300,-4.172
-381200,-4.221
-381100,-4.27
-381000,-4.319
-380900,-4.382
-380800,-4.446
-380700,-4.51
-380600,-4.574
-380500,-4.638
-380400,-4.692
-380300,-4.727
-380200,-4.762
-380100,-4.797
-380000,-4.832
-379900,-4.867
-379800,-4.852
-379700,-4.808
-379600,-4.764
-379500,-4.72
-379400,-4.675
-379300,-4.631
-379200,-4.57
-379100,-4.509
-379000,-4.448
-378900,-4.386
-378800,-4.325
-378700,-4.244
-378600,-4.137
-378500,-4.03
-378400,-3.923
-378300,-3.816
-378200,-3.706
-378100,-3.562
-378000,-3.418
-377900,-3.275
-377800,-3.131
-377700,-2.991
-377600,-3.047
-377500,-3.104
-377400,-3.16
-377300,-3.216
-377200,-3.276
-377100,-3.432
-377000,-3.588
-376900,-3.743
-376800,-3.899
-376700,-4.054
-376600,-4.151
-376500,-4.24
-376400,-4.33
-376300,-4.42
-376200,-4.51
-376100,-4.603
-376000,-4.699
-375900,-4.795
-375800,-4.891
-375700,-4.988
-375600,-5.081
-375500,-5.113
-375400,-5.145
-375300,-5.177
-375200,-5.209
-375100,-5.241
-375000,-5.265
-374900,-5.278
-374800,-5.29
-374700,-5.302
-374600,-5.315
-374500,-5.327
-374400,-5.375
-374300,-5.433
-374200,-5.491
-374100,-5.549
-374000,-5.607
-373900,-5.664
-373800,-5.705
-373700,-5.747
-373600,-5.788
-373500,-5.83
-373400,-5.871
-373300,-5.913
-373200,-5.956
-373100,-5.999
-373000,-6.041
-372900,-6.084
-372800,-6.127
-372700,-6.183
-372600,-6.255
-372500,-6.327
-372400,-6.399
-372300,-6.471
-372200,-6.543
-372100,-6.587
-372000,-6.602
-371900,-6.617
-371800,-6.632
-371700,-6.647
-371600,-6.662
-371500,-6.598
-371400,-6.439
-371300,-6.281
-371200,-6.122
-371100,-5.963
-371000,-5.804
-370900,-5.706
-370800,-5.648
-370700,-5.591
-370600,-5.533
-370500,-5.476
-370400,-5.419
-370300,-5.384
-370200,-5.349
-370100,-5.314
-370000,-5.28
-369900,-5.245
-369800,-5.154
-369700,-5.023
-369600,-4.892
-369500,-4.761
-369400,-4.63
-369300,-4.509
-369200,-4.407
-369100,-4.305
-369000,-4.204
-368900,-4.102
-368800,-4.055
-368700,-4.141
-368600,-4.227
-368500,-4.313
-368400,-4.399
-368300,-4.489
-368200,-4.588
-368100,-4.688
-368000,-4.787
-367900,-4.886
-367800,-4.967
-367700,-4.945
-367600,-4.924
-367500,-4.903
-367400,-4.882
-367300,-4.861
-367200,-4.856
-367100,-4.852
-367000,-4.848
-366900,-4.845
-366800,-4.841
-366700,-4.887
-366600,-4.943
-366500,-4.999
-366400,-5.055
-366300,-5.111
-366200,-5.165
-366100,-5.216
-366000,-5.268
-365900,-5.319
-365800,-5.371
-365700,-5.439
-365600,-5.528
-365500,-5.618
-365400,-5.708
-365300,-5.797
-365200,-5.885
-365100,-5.945
-365000,-6.005
-364900,-6.065
-364800,-6.125
-364700,-6.185
-364600,-6.17
-364500,-6.102
-364400,-6.034
-364300,-5.966
-364200,-5.898
-364100,-5.837
-364000,-5.814
-363900,-5.792
-363800,-5.769
-363700,-5.747
-363600,-5.724
-363500,-5.791
-363400,-5.881
-363300,-5.97
-363200,-6.059
-363100,-6.148
-363000,-6.177
-362900,-6.121
-362800,-6.065
-362700,-6.01
-362600,-5.954
-362500,-5.899
-362400,-5.879
-362300,-5.858
-362200,-5.837
-362100,-5.816
-362000,-5.796
-361900,-5.852
-361800,-5.936
-361700,-6.02
-361600,-6.105
-361500,-6.189
-361400,-6.226
-361300,-6.19
-361200,-6.155
-361100,-6.119
-361000,-6.084
-360900,-6.049
-360800,-6.018
-360700,-5.988
-360600,-5.958
-360500,-5.928
-360400,-5.897
-360300,-5.877
-360200,-5.86
-360100,-5.842
-360000,-5.825
-359900,-5.808
-359800,-5.864
-359700,-5.979
-359600,-6.095
-359500,-6.21
-359400,-6.326
-359300,-6.421
-359200,-6.464
-359100,-6.507
-359000,-6.549
-358900,-6.592
-358800,-6.634
-358700,-6.6
-358600,-6.554
-358500,-6.507
-358400,-6.461
-358300,-6.415
-358200,-6.407
-358100,-6.442
-358000,-6.478
-357900,-6.513
-357800,-6.549
-357700,-6.589
-357600,-6.668
-357500,-6.747
-357400,-6.826
-357300,-6.905
-357200,-6.984
-357100,-7.038
-357000,-7.079
-356900,-7.121
-356800,-7.162
-356700,-7.204
-356600,-7.233
-356500,-7.179
-356400,-7.125
-356300,-7.07
-356200,-7.016
-356100,-6.962
-356000,-6.961
-355900,-6.995
-355800,-7.03
-355700,-7.065
-355600,-7.099
-355500,-7.136
-355400,-7.187
-355300,-7.237
-355200,-7.288
-355100,-7.338
-355000,-7.389
-354900,-7.415
-354800,-7.424
-354700,-7.433
-354600,-7.442
-354500,-7.451
-354400,-7.46
-354300,-7.504
-354200,-7.549
-354100,-7.593
-354000,-7.638
-353900,-7.682
-353800,-7.71
-353700,-7.71
-353600,-7.71
-353500,-7.71
-353400,-7.71
-353300,-7.71
-353200,-7.718
-353100,-7.728
-353000,-7.739
-352900,-7.75
-352800,-7.76
-352700,-7.768
-352600,-7.744
-352500,-7.721
-352400,-7.698
-352300,-7.675
-352200,-7.652
-352100,-7.634
-352000,-7.621
-351900,-7.608
-351800,-7.596
-351700,-7.583
-351600,-7.571
-351500,-7.582
-351400,-7.595
-351300,-7.608
-351200,-7.62
-351100,-7.633
-351000,-7.64
-350900,-7.64
-350800,-7.64
-350700,-7.64
-350600,-7.64
-350500,-7.64
-350400,-7.635
-350300,-7.629
-350200,-7.624
-350100,-7.618
-350000,-7.613
-349900,-7.586
-349800,-7.532
-349700,-7.479
-349600,-7.425
-349500,-7.371
-349400,-7.318
-349300,-7.261
-349200,-7.204
-349100,-7.147
-349000,-7.09
-348900,-7.033
-348800,-7.024
-348700,-7.03
-348600,-7.036
-348500,-7.042
-348400,-7.048
-348300,-7.036
-348200,-7.01
-348100,-6.985
-348000,-6.96
-347900,-6.935
-347800,-6.913
-347700,-6.895
-347600,-6.878
-347500,-6.86
-347400,-6.842
-347300,-6.831
-347200,-6.833
-347100,-6.835
-347000,-6.837
-346900,-6.838
-346800,-6.836
-346700,-6.82
-346600,-6.805
-346500,-6.789
-346400,-6.773
-346300,-6.756
-346200,-6.734
-346100,-6.712
-346000,-6.69
-345900,-6.667
-345800,-6.647
-345700,-6.633
-345600,-6.619
-345500,-6.605
-345400,-6.59
-345300,-6.572
-345200,-6.541
-345100,-6.51
-345000,-6.479
-344900,-6.449
-344800,-6.463
-344700,-6.546
-344600,-6.63
-344500,-6.713
-344400,-6.797
-344300,-6.832
-344200,-6.816
-344100,-6.8
-344000,-6.784
-343900,-6.768
-343800,-6.747
-343700,-6.722
-343600,-6.698
-343500,-6.673
-343400,-6.649
-343300,-6.633
-343200,-6.623
-343100,-6.613
-343000,-6.602
-342900,-6.592
-342800,-6.545
-342700,-6.489
-342600,-6.432
-342500,-6.376
-342400,-6.32
-342300,-6.307
-342200,-6.294
-342100,-6.282
-342000,-6.269
-341900,-6.263
-341800,-6.274
-341700,-6.285
-341600,-6.295
-341500,-6.306
-341400,-6.384
-341300,-6.503
-341200,-6.622
-341100,-6.742
-341000,-6.861
-340900,-6.975
-340800,-7.089
-340700,-7.202
-340600,-7.315
-340500,-7.429
-340400,-7.384
-340300,-7.321
-340200,-7.259
-340100,-7.197
-340000,-7.134
-339900,-7.101
-339800,-7.071
-339700,-7.04
-339600,-7.009
-339500,-6.984
-339400,-7.07
-339300,-7.156
-339200,-7.241
-339100,-7.327
-339000,-7.397
-338900,-7.377
-338800,-7.356
-338700,-7.336
-338600,-7.316
-338500,-7.294
-338400,-7.265
-338300,-7.237
-338200,-7.208
-338100,-7.179
-338000,-7.178
-337900,-7.231
-337800,-7.284
-337700,-7.337
-337600,-7.39
-337500,-7.409
-337400,-7.385
-337300,-7.36
-337200,-7.336
-337100,-7.311
-337000,-7.315
-336900,-7.341
-336800,-7.368
-336700,-7.395
-336600,-7.421
-336500,-7.409
-336400,-7.378
-336300,-7.348
-336200,-7.317
-336100,-7.286
-336000,-7.33
-335900,-7.392
-335800,-7.453
-335700,-7.515
-335600,-7.577
-335500,-7.636
-335400,-7.694
-335300,-7.753
-335200,-7.811
-335100,-7.87
-335000,-7.882
-334900,-7.894
-334800,-7.906
-334700,-7.918
-334600,-7.93
-334500,-7.932
-334400,-7.934
-334300,-7.936
-334200,-7.938
-334100,-7.94
-334000,-7.96
-333900,-7.98
-333800,-8,201
-333700,-8.02
-333600,-8.039
-333500,-8.003
-333400,-7.967
-333300,-7.93
-333200,-7.894
-333100,-7.853
-333000,-7.737
-332900,-7.621
-332800,-7.504
-332700,-7.388
-332600,-7.265
-332500,-7.119
-332400,-6.974
-332300,-6.828
-332200,-6.682
-332100,-6.547
-332000,-6.417
-331900,-6.287
-331800,-6.157
-331700,-6.042
-331600,-5.972
-331500,-5.901
-331400,-5.831
-331300,-5.76
-331200,-5.738
-331100,-5.717
-331000,-5.695
-330900,-5.674
-330800,-5.556
-330700,-5.418
-330600,-5.281
-330500,-5.143
-330400,-5.07
-330300,-5.016
-330200,-4.963
-330100,-4.91
-330000,-4.829
-329900,-4.741
-329800,-4.653
-329700,-4.565
-329600,-4.473
-329500,-4.379
-329400,-4.286
-329300,-4.184
-329200,-4.038
-329100,-3.892
-329000,-3.746
-328900,-3.638
-328800,-3.561
-328700,-3.485
-328600,-3.408
-328500,-3.297
-328400,-3.187
-328300,-3.076
-328200,-2.962
-328100,-2.846
-328000,-2.729
-327900,-2.633
-327800,-2.606
-327700,-2.578
-327600,-2.551
-327500,-2.508
-327400,-2.465
-327300,-2.422
-327200,-2.405
-327100,-2.399
-327000,-2.393
-326900,-2.28
-326800,-2.069
-326700,-1.859
-326600,-1.629
-326500,-1.37
-326400,-1.11
-326300,-0.854
-326200,-0.601
-326100,-0.349
-326000,-0.183
-325900,-0.072
-325800,0.038
-325700,0.264
-325600,0.504
-325500,0.779
-325400,1.144
-325300,1.51
-325200,1.639
-325100,1.702
-325000,1.783
-324900,1.894
-324800,2.006
-324700,2.154
-324600,2.302
-324500,2.442
-324400,2.58
-324300,2.697
-324200,2.792
-324100,2.857
-324000,2.848
-323900,2.848
-323800,2.917
-323700,2.987
-323600,3.057
-323500,3.127
-323400,3.117
-323300,3.089
-323200,3.08
-323100,3.08
-323000,3.107
-322900,3.155
-322800,3.182
-322700,3.187
-322600,3.124
-322500,2.949
-322400,2.824
-322300,2.838
-322200,2.837
-322100,2.743
-322000,2.65
-321900,2.433
-321800,2.217
-321700,1.987
-321600,1.755
-321500,1.557
-321400,1.383
-321300,1.245
-321200,1.194
-321100,1.143
-321000,0.838
-320900,0.52
-320800,0.274
-320700,0.086
-320600,-0.092
-320500,-0.128
-320400,-0.164
-320300,-0.167
-320200,-0.143
-320100,-0.118
-320000,-0.009
-319900,0.099
-319800,0.169
-319700,0.206
-319600,0.237
-319500,0.205
-319400,0.172
-319300,0.124
-319200,0.067
-319100,0.019
-319000,0.015
-318900,0.011
-318800,0.066
-318700,0.144
-318600,0.179
-318500,0.105
-318400,0.031
-318300,0.003
-318200,-0.018
-318100,-0.048
-318000,-0.094
-317900,-0.139
-317800,-0.25
-317700,-0.362
-317600,-0.414
-317500,-0.402
-317400,-0.389
-317300,-0.312
-317200,-0.235
-317100,-0.229
-317000,-0.282
-316900,-0.324
-316800,-0.262
-316700,-0.201
-316600,-0.18
-316500,-0.18
-316400,-0.212
-316300,-0.347
-316200,-0.482
-316100,-0.494
-316000,-0.473
-315900,-0.463
-315800,-0.471
-315700,-0.479
-315600,-0.538
-315500,-0.603
-315400,-0.697
-315300,-0.83
-315200,-0.962
-315100,-0.977
-315000,-0.985
-314900,-1.009
-314800,-1.053
-314700,-1.096
-314600,-1.18
-314500,-1.266
-314400,-1.326
-314300,-1.342
-314200,-1.357
-314100,-1.367
-314000,-1.374
-313900,-1.376
-313800,-1.36
-313700,-1.344
-313600,-1.418
-313500,-1.524
-313400,-1.623
-313300,-1.692
-313200,-1.762
-313100,-1.82
-313000,-1.87
-312900,-1.92
-312800,-2.058
-312700,-2.198
-312600,-2.298
-312500,-2.32
-312400,-2.343
-312300,-2.375
-312200,-2.412
-312100,-2.45
-312000,-2.365
-311900,-2.279
-311800,-2.233
-311700,-2.275
-311600,-2.317
-311500,-2.345
-311400,-2.368
-311300,-2.391
-311200,-2.447
-311100,-2.503
-311000,-2.571
-310900,-2.66
-310800,-2.75
-310700,-2.848
-310600,-2.95
-310500,-3.053
-310400,-3.147
-310300,-3.241
-310200,-3.324
-310100,-3.349
-310000,-3.374
-309900,-3.426
-309800,-3.532
-309700,-3.638
-309600,-3.715
-309500,-3.764
-309400,-3.813
-309300,-3.837
-309200,-3.847
-309100,-3.858
-309000,-3.884
-308900,-3.915
-308800,-3.947
-308700,-3.993
-308600,-4.042
-308500,-4.09
-308400,-4.199
-308300,-4.308
-308200,-4.416
-308100,-4.51
-308000,-4.604
-307900,-4.687
-307800,-4.65
-307700,-4.614
-307600,-4.584
-307500,-4.631
-307400,-4.677
-307300,-4.731
-307200,-4.853
-307100,-4.974
-307000,-5.091
-306900,-5.107
-306800,-5.123
-306700,-5.14
-306600,-5.266
-306500,-5.394
-306400,-5.522
-306300,-5.507
-306200,-5.469
-306100,-5.43
-306000,-5.354
-305900,-5.263
-305800,-5.173
-305700,-5.072
-305600,-4.966
-305500,-4.859
-305400,-4.712
-305300,-4.541
-305200,-4.37
-305100,-4.273
-305000,-4.206
-304900,-4.139
-304800,-4.053
-304700,-3.964
-304600,-3.871
-304500,-3.717
-304400,-3.563
-304300,-3.406
-304200,-3.244
-304100,-3.082
-304000,-2.99
-303900,-2.932
-303800,-2.859
-303700,-2.644
-303600,-2.43
-303500,-2.196
-303400,-1.948
-303300,-1.76
-303200,-1.886
-303100,-2.011
-303000,-2.116
-302900,-2.215
-302800,-2.403
-302700,-2.766
-302600,-3.128
-302500,-3.332
-302400,-3.503
-302300,-3.572
-302200,-3.232
-302100,-2.893
-302000,-2.701
-301900,-2.604
-301800,-2.561
-301700,-2.877
-301600,-3.194
-301500,-3.226
-301400,-3.069
-301300,-2.925
-301200,-3.024
-301100,-3.123
-301000,-3.129
-300900,-3.05
-300800,-2.971
-300700,-3.033
-300600,-3.096
-300500,-3.154
-300400,-3.205
-300300,-3.256
-300200,-3.194
-300100,-3.123
-300000,-3.097
-299900,-3.141
-299800,-3.185
-299700,-3.28
-299600,-3.382
-299500,-3.481
-299400,-3.574
-299300,-3.667
-299200,-3.79
-299100,-3.923
-299000,-4.03
-298900,-3.942
-298800,-3.855
-298700,-3.882
-298600,-4.03
-298500,-4.178
-298400,-4.288
-298300,-4.392
-298200,-4.485
-298100,-4.518
-298000,-4.551
-297900,-4.59
-297800,-4.638
-297700,-4.685
-297600,-4.75
-297500,-4.822
-297400,-4.895
-297300,-4.87
-297200,-4.837
-297100,-4.816
-297000,-4.856
-296900,-4.896
-296800,-4.937
-296700,-4.98
-296600,-5.024
-296500,-4.924
-296400,-4.737
-296300,-4.551
-296200,-4.543
-296100,-4.558
-296000,-4.597
-295900,-4.734
-295800,-4.87
-295700,-4.944
-295600,-4.951
-295500,-4.958
-295400,-5.006
-295300,-5.067
-295200,-5.129
-295100,-5.204
-295000,-5.279
-294900,-5.355
-294800,-5.433
-294700,-5.511
-294600,-5.624
-294500,-5.797
-294400,-5.97
-294300,-5.983
-294200,-5.824
-294100,-5.664
-294000,-5.544
-293900,-5.452
-293800,-5.359
-293700,-5.306
-293600,-5.262
-293500,-5.217
-293400,-5.046
-293300,-4.876
-293200,-4.624
-293100,-4.198
-293000,-3.772
-292900,-3.605
-292800,-3.519
-292700,-3.468
-292600,-3.493
-292500,-3.518
-292400,-3.741
-292300,-3.987
-292200,-4.21
-292100,-4.402
-292000,-4.593
-291900,-4.766
-291800,-4.936
-291700,-5.059
-291600,-5.006
-291500,-4.954
-291400,-4.871
-291300,-4.764
-291200,-4.657
-291100,-4.826
-291000,-5.016
-290900,-5.176
-290800,-5.265
-290700,-5.354
-290600,-5.522
-290500,-5.741
-290400,-5.961
-290300,-6,239
-290200,-6,239
-290100,-6,239
-290000,-5.841
-289900,-5.682
-289800,-5.569
-289700,-5.609
-289600,-5.65
-289500,-5.739
-289400,-5.879
-289300,-6.019
-289200,-6.17
-289100,-6.324
-289000,-6.478
-288900,-6.452
-288800,-6.397
-288700,-6.341
-288600,-6.151
-288500,-5.958
-288400,-5.792
-288300,-5.748
-288200,-5.704
-288100,-5.58
-288000,-5.358
-287900,-5.137
-287800,-5.147
-287700,-5.22
-287600,-5.302
-287500,-5.43
-287400,-5.557
-287300,-5.684
-287200,-5.809
-287100,-5.934
-287000,-6.014
-286900,-6.083
-286800,-6.15
-286700,-6.132
-286600,-6.114
-286500,-6.115
-286400,-6.177
-286300,-6.238
-286200,-6.292
-286100,-6.339
-286000,-6.385
-285900,-6.441
-285800,-6.501
-285700,-6.562
-285600,-6.695
-285500,-6.841
-285400,-6.987
-285300,-7.142
-285200,-7.298
-285100,-7.449
-285000,-7.399
-284900,-7.348
-284800,-7.3
-284700,-7.289
-284600,-7.279
-284500,-7.258
-284400,-7.106
-284300,-6.954
-284200,-6.773
-284100,-6.455
-284000,-6.137
-283900,-5.886
-283800,-5.731
-283700,-5.576
-283600,-5.543
-283500,-5.547
-283400,-5.528
-283300,-5.4
-283200,-5.271
-283100,-5.131
-283000,-4.983
-282900,-4.862
-282800,-4.983
-282700,-5.103
-282600,-5.274
-282500,-5.477
-282400,-5.676
-282300,-5.786
-282200,-5.897
-282100,-6.029
-282000,-6.189
-281900,-6.35
-281800,-6.42
-281700,-6.461
-281600,-6.497
-281500,-6.353
-281400,-6.208
-281300,-6.055
-281200,-5.882
-281100,-5.71
-281000,-5.559
-280900,-5.418
-280800,-5.326
-280700,-5.48
-280600,-5.635
-280500,-5.81
-280400,-5.998
-280300,-6.18
-280200,-6.176
-280100,-6.172
-280000,-6.069
-279900,-5.805
-279800,-5.54
-279700,-5.363
-279600,-5.205
-279500,-5.041
-279400,-4.863
-279300,-4.684
-279200,-4.58
-279100,-4.482
-279000,-4.438
-278900,-4.433
-278800,-4.431
-278700,-4.435
-278600,-4.44
-278500,-4.448
-278400,-4.457
-278300,-4.455
-278200,-4.446
-278100,-4.382
-278000,-4.188
-277900,-3.999
-277800,-3.977
-277700,-3.954
-277600,-3.826
-277500,-3.672
-277400,-3.531
-277300,-3.401
-277200,-3.26
-277100,-3.108
-277000,-2.987
-276900,-2.924
-276800,-2.948
-276700,-3.174
-276600,-3.378
-276500,-3.505
-276400,-3.614
-276300,-3.549
-276200,-3.483
-276100,-3.435
-276000,-3.388
-275900,-3.439
-275800,-3.51
-275700,-3.591
-275600,-3.675
-275500,-3.715
-275400,-3.725
-275300,-3.811
-275200,-3.995
-275100,-4.108
-275000,-4.025
-274900,-3.95
-274800,-3.95
-274700,-3.95
-274600,-3.886
-274500,-3.816
-274400,-3.814
-274300,-3.833
-274200,-3.916
-274100,-4.037
-274000,-4.198
-273900,-4.401
-273800,-4.523
-273700,-4.424
-273600,-4.33
-273500,-4.33
-273400,-4.33
-273300,-4.338
-273200,-4.347
-273100,-4.374
-273000,-4.41
-272900,-4.476
-272800,-4.575
-272700,-4.677
-272600,-4.788
-272500,-4.9
-272400,-4.766
-272300,-4.632
-272200,-4.668
-272100,-4.758
-272000,-4.995
-271900,-5.363
-271800,-5.658
-271700,-5.696
-271600,-5.734
-271500,-5.708
-271400,-5.67
-271300,-5.579
-271200,-5.429
-271100,-5.308
-271000,-5.369
-270900,-5.43
-270800,-5.567
-270700,-5.72
-270600,-5.84
-270500,-5.924
-270400,-5.998
-270300,-5.977
-270200,-5.956
-270100,-6.098
-270000,-6.312
-269900,-6.483
-269800,-6.531
-269700,-6.579
-269600,-6.609
-269500,-6.633
-269400,-6.672
-269300,-6.748
-269200,-6.823
-269100,-6.818
-269000,-6.791
-268900,-6.753
-268800,-6.689
-268700,-6.625
-268600,-6.403
-268500,-6.135
-268400,-6.051
-268300,-6.313
-268200,-6.574
-268100,-6.692
-268000,-6.801
-267900,-6.936
-267800,-7.101
-267700,-7.267
-267600,-7.41
-267500,-7.552
-267400,-7.651
-267300,-7.655
-267200,-7.659
-267100,-7.629
-267000,-7.584
-266900,-7.544
-266800,-7.624
-266700,-7.704
-266600,-7.727
-266500,-7.674
-266400,-7.621
-266300,-7.476
-266200,-7.309
-266100,-7.233
-266000,-7.466
-265900,-7.699
-265800,-7.97
-265700,-8.263
-265600,-8.555
-265500,-8.417
-265400,-8.257
-265300,-8.108
-265200,-8.003
-265100,-7.897
-265000,-7.852
-264900,-7.856
-264800,-7.86
-264700,-7.739
-264600,-7.608
-264500,-7.572
-264400,-7.73
-264300,-7.887
-264200,-8.093
-264100,-8.316
-264000,-8.527
-263900,-8.442
-263800,-8.358
-263700,-8.274
-263600,-8.191
-263500,-8.108
-263400,-8.092
-263300,-8.111
-263200,-8.131
-263100,-8.239
-263000,-8.348
-262900,-8.394
-262800,-8.316
-262700,-8.237
-262600,-8.232
-262500,-8.266
-262400,-8.3
-262300,-8.344
-262200,-8.389
-262100,-8.39
-262000,-8.292
-261900,-8.194
-261800,-8.167
-261700,-8.179
-261600,-8.192
-261500,-8.282
-261400,-8.372
-261300,-8.43
-261200,-8.43
-261100,-8.43
-261000,-8.453
-260900,-8.487
-260800,-8.519
-260700,-8.421
-260600,-8.323
-260500,-8.267
-260400,-8.286
-260300,-8.305
-260200,-8.307
-260100,-8.303
-260000,-8.289
-259900,-8.17
-259800,-8.05
-259700,-8.002
-259600,-8.025
-259500,-8.048
-259400,-8.064
-259300,-8.08
-259200,-8.075
-259100,-8.032
-259000,-7.989
-258900,-7.989
-258800,-8.001
-258700,-7.979
-258600,-7.844
-258500,-7.709
-258400,-7.621
-258300,-7.552
-258200,-7.534
-258100,-7.674
-258000,-7.815
-257900,-7.805
-257800,-7.745
-257700,-7.687
-257600,-7.639
-257500,-7.59
-257400,-7.528
-257300,-7.463
-257200,-7.379
-257100,-7.258
-257000,-7.137
-256900,-7.05
-256800,-6.965
-256700,-6.935
-256600,-6.944
-256500,-6.922
-256400,-6.809
-256300,-6.697
-256200,-6.553
-256100,-6.407
-256000,-6.381
-255900,-6.413
-255800,-6.422
-255700,-6.404
-255600,-6.369
-255500,-6.265
-255400,-6.161
-255300,-5.981
-255200,-5.801
-255100,-5.628
-255000,-5.458
-254900,-5.315
-254800,-5.183
-254700,-5.289
-254600,-5.511
-254500,-5.837
-254400,-6.233
-254300,-6.51
-254200,-6.644
-254100,-6.739
-254000,-6.685
-253900,-6.632
-253800,-6.736
-253700,-6.847
-253600,-6.895
-253500,-6.917
-253400,-6.967
-253300,-7.054
-253200,-7.097
-253100,-6.841
-253000,-6.586
-252900,-6.336
-252800,-6.087
-252700,-6.163
-252600,-6.386
-252500,-6.649
-252400,-6.948
-252300,-7.113
-252200,-6.95
-252100,-6.785
-252000,-6.538
-251900,-6.292
-251800,-6.346
-251700,-6.461
-251600,-6.494
-251500,-6.485
-251400,-6.449
-251300,-6.385
-251200,-6.248
-251100,-5.953
-251000,-5.676
-250900,-5.464
-250800,-5.292
-250700,-5.302
-250600,-5.386
-250500,-5.805
-250400,-6.191
-250300,-6.355
-250200,-6.518
-250100,-6.46
-250000,-6.4
-249900,-6.279
-249800,-6.147
-249700,-6.236
-249600,-6.41
-249500,-6.488
-249400,-6.502
-249300,-6.562
-249200,-6.677
-249100,-6.821
-249000,-7.038
-248900,-7.245
-248800,-7.32
-248700,-7.395
-248600,-7.392
-248500,-7.37
-248400,-7.298
-248300,-7.182
-248200,-7.104
-248100,-7.117
-248000,-7.13
-247900,-7.13
-247800,-7.13
-247700,-6.994
-247600,-6.834
-247500,-6.725
-247400,-6.641
-247300,-6.676
-247200,-6.824
-247100,-6.944
-247000,-7.013
-246900,-7.047
-246800,-6.914
-246700,-6.78
-246600,-6.803
-246500,-6.827
-246400,-6.842
-246300,-6.856
-246200,-6.927
-246100,-7.024
-246000,-7.099
-245900,-7.154
-245800,-7.114
-245700,-6.892
-245600,-6.699
-245500,-6.637
-245400,-6.585
-245300,-6.651
-245200,-6.717
-245100,-6.833
-245000,-6.95
-244900,-7.008
-244800,-7.055
-244700,-7.054
-244600,-7.031
-244500,-7.001
-244400,-6.964
-244300,-6.919
-244200,-6.863
-244100,-6.769
-244000,-6.558
-243900,-6.344
-243800,-6.122
-243700,-5.896
-243600,-5.655
-243500,-5.432
-243400,-5.284
-243300,-5.14
-243200,-5.005
-243100,-4.951
-243000,-5,206
-242900,-5.217
-242800,-5.55
-242700,-5.682
-242600,-5.729
-242500,-5.764
-242400,-5.794
-242300,-5.825
-242200,-5.856
-242100,-5.967
-242000,-6.089
-241900,-6.15
-241800,-6.206
-241700,-6.018
-241600,-5.808
-241500,-5.512
-241400,-5.216
-241300,-4.991
-241200,-4.731
-241100,-4.362
-241000,-4.08
-240900,-3.893
-240800,-3.711
-240700,-3.542
-240600,-3.468
-240500,-3.329
-240400,-3.117
-240300,-2.811
-240200,-2.494
-240100,-2.182
-240000,-2.174
-239900,-2.123
-239800,-1.81
-239700,-1.482
-239600,-1.058
-239500,-0.524
-239400,-0.249
-239300,0.198
-239200,0.499
-239100,0.587
-239000,0.698
-238900,0.948
-238800,1.081
-238700,1.218
-238600,1.402
-238500,1.581
-238400,1.675
-238300,1.758
-238200,1.892
-238100,2.062
-238000,2.175
-237900,2.056
-237800,1.841
-237700,1.735
-237600,1.466
-237500,0.867
-237400,0.37
-237300,0.468
-237200,0.249
-237100,0.128
-237000,-0.137
-236900,-0.642
-236800,-0.901
-236700,-1.074
-236600,-1.158
-236500,-1.162
-236400,-1.117
-236300,-1.293
-236200,-1.418
-236100,-1.495
-236000,-1.816
-235900,-2.01
-235800,-2.115
-235700,-2.129
-235600,-2.203
-235500,-2.122
-235400,-1.921
-235300,-1.928
-235200,-2.185
-235100,-2.506
-235000,-2.734
-234900,-2.701
-234800,-2.547
-234700,-2.267
-234600,-2.23
-234500,-2.22
-234400,-2.254
-234300,-2.562
-234200,-2.716
-234100,-2.711
-234000,-2.396
-233900,-2.474
-233800,-2.66
-233700,-2.853
-233600,-3.108
-233500,-3.384
-233400,-3.68
-233300,-3.681
-233200,-3.608
-233100,-3.464
-233000,-3.635
-232900,-3.821
-232800,-3.892
-232700,-4.028
-232600,-4.174
-232500,-4.256
-232400,-4.261
-232300,-4.211
-232200,-4.316
-232100,-4.42
-232000,-4.519
-231900,-4.728
-231800,-4.935
-231700,-4.965
-231600,-5.006
-231500,-5.06
-231400,-5.109
-231300,-5.17
-231200,-5.3
-231100,-5.56
-231000,-5.974
-230900,-6.037
-230800,-5.964
-230700,-5.949
-230600,-5.963
-230500,-6.092
-230400,-6.097
-230300,-5.915
-230200,-5.959
-230100,-6.13
-230000,-6.243
-229900,-6.358
-229800,-6.56
-229700,-6.735
-229600,-6.833
-229500,-6.916
-229400,-6.98
-229300,-7.061
-229200,-7.157
-229100,-7.241
-229000,-7.32
-228900,-7.336
-228800,-7.331
-228700,-7.099
-228600,-6.821
-228500,-6.479
-228400,-6.174
-228300,-6.071
-228200,-6.124
-228100,-6.4
-228000,-6.61
-227900,-6.781
-227800,-6.95
-227700,-7.118
-227600,-7.157
-227500,-7.217
-227400,-7.442
-227300,-7.629
-227200,-7.67
-227100,-7.602
-227000,-7.253
-226900,-6.93
-226800,-6.648
-226700,-6.464
-226600,-6.35
-226500,-6.255
-226400,-6.142
-226300,-5.795
-226200,-5.612
-226100,-5.696
-226000,-6.084
-225900,-6.59
-225800,-6.228
-225700,-5.806
-225600,-5.215
-225500,-5.329
-225400,-5.875
-225300,-6.066
-225200,-6.203
-225100,-6.215
-225000,-6.107
-224900,-5.913
-224800,-6.284
-224700,-6.707
-224600,-7.002
-224500,-7.278
-224400,-7.521
-224300,-7.564
-224200,-7.414
-224100,-7.426
-224000,-7.528
-223900,-7.571
-223800,-7.598
-223700,-7.615
-223600,-7.621
-223500,-7.443
-223400,-7.254
-223300,-7.027
-223200,-6.919
-223100,-6.992
-223000,-6.936
-222900,-6.8
-222800,-6.638
-222700,-6.54
-222600,-6.995
-222500,-7.247
-222400,-7.125
-222300,-6.797
-222200,-6.299
-222100,-6.136
-222000,-6.056
-221900,-6.032
-221800,-6.071
-221700,-6.174
-221600,-5.98
-221500,-5.674
-221400,-5.146
-221300,-4.925
-221200,-4.899
-221100,-4.991
-221000,-4.823
-220900,-4.483
-220800,-4.387
-220700,-4.552
-220600,-4.853
-220500,-4.952
-220400,-4.761
-220300,-4.413
-220200,-4.276
-220100,-4.267
-220000,-4.32
-219900,-4.361
-219800,-3.841
-219700,-3.254
-219600,-2.859
-219500,-3.243
-219400,-3.253
-219300,-3.114
-219200,-2.976
-219100,-2.915
-219000,-2.923
-218900,-3.031
-218800,-3.203
-218700,-3.226
-218600,-2.85
-218500,-2.449
-218400,-2.175
-218300,-2.077
-218200,-1.987
-218100,-1.89
-218000,-1.944
-217900,-2.085
-217800,-2.036
-217700,-1.188
-217600,-1.197
-217500,-1.148
-217400,-1.062
-217300,-0.94
-217200,-0.942
-217100,-1.114
-217000,-1.189
-216900,-0.973
-216800,-1.044
-216700,-1.324
-216600,-1.859
-216500,-2.12
-216400,-2.13
-216300,-2.154
-216200,-2.383
-216100,-2.303
-216000,-1.974
-215900,-1.629
-215800,-1.548
-215700,-1.636
-215600,-1.198
-215500,-0.918
-215400,-1.006
-215300,-1.189
-215200,-1.345
-215100,-1.544
-215000,-1.556
-214900,-1.362
-214800,-1.302
-214700,-1.372
-214600,-1.565
-214500,-1.604
-214400,-1.473
-214300,-1.404
-214200,-1.445
-214100,-1.527
-214000,-1.531
-213900,-1.36
-213800,-1.449
-213700,-1.975
-213600,-1.888
-213500,-1.732
-213400,-1.711
-213300,-1.826
-213200,-1.867
-213100,-1.512
-213000,-1.645
-212900,-2.001
-212800,-1.76
-212700,-1.642
-212600,-1.825
-212500,-2.043
-212400,-2.089
-212300,-2.154
-212200,-1.841
-212100,-1.982
-212000,-2.01
-211900,-2.407
-211800,-2.734
-211700,-2.551
-211600,-2.286
-211500,-2.498
-211400,-2.551
-211300,-2.621
-211200,-2.658
-211100,-2.542
-211000,-2.205
-210900,-2.144
-210800,-2.292
-210700,-2.63
-210600,-2.849
-210500,-2.834
-210400,-2.665
-210300,-2.64
-210200,-2.53
-210100,-2.893
-210000,-3.325
-209900,-3.55
-209800,-3.504
-209700,-3.702
-209600,-3.607
-209500,-3.366
-209400,-3.084
-209300,-2.903
-209200,-3.053
-209100,-3.554
-209000,-3.614
-208900,-3.568
-208800,-3.598
-208700,-3.59
-208600,-3.659
-208500,-3.753
-208400,-3.771
-208300,-3.796
-208200,-4.304
-208100,-4.119
-208000,-4.063
-207900,-4.212
-207800,-4.509
-207700,-4.479
-207600,-4.416
-207500,-4.407
-207400,-4.478
-207300,-4.34
-207200,-4.298
-207100,-4.32
-207000,-4.355
-206900,-4.278
-206800,-4.531
-206700,-4.637
-206600,-4.573
-206500,-4.397
-206400,-4.597
-206300,-4.857
-206200,-5.026
-206100,-4.952
-206000,-4.583
-205900,-4.4
-205800,-4.322
-205700,-4.231
-205600,-3.993
-205500,-3.738
-205400,-3.654
-205300,-3.683
-205200,-3.674
-205100,-3.559
-205000,-3.256
-204900,-2.925
-204800,-2.67
-204700,-2.703
-204600,-2.997
-204500,-3.178
-204400,-3.246
-204300,-2.918
-204200,-2.751
-204100,-2.927
-204000,-3.07
-203900,-2.998
-203800,-2.89
-203700,-2.719
-203600,-2.451
-203500,-2.538
-203400,-2.399
-203300,-2.055
-203200,-1.946
-203100,-2.182
-203000,-2.426
-202900,-2.425
-202800,-2.304
-202700,-2.379
-202600,-2.538
-202500,-2.511
-202400,-2.58
-202300,-2.443
-202200,-1.784
-202100,-1.855
-202000,-2.213
-201900,-2.203
-201800,-2.162
-201700,-2.154
-201600,-2.03
-201500,-2.069
-201400,-1.856
-201300,-1.566
-201200,-2.003
-201100,-2.605
-201000,-2.777
-200900,-2.833
-200800,-2.824
-200700,-2.585
-200600,-2.443
-200500,-2.203
-200400,-2.121
-200300,-2.577
-200200,-2.977
-200100,-2.758
-200000,-2.716
-199900,-2.945
-199800,-2.809
-199700,-3.11
-199600,-3.498
-199500,-3.496
-199400,-3.499
-199300,-3.69
-199200,-3.759
-199100,-3.355
-199000,-2.989
-198900,-3.059
-198800,-3.231
-198700,-3.235
-198600,-3.436
-198500,-3.727
-198400,-3.808
-198300,-3.804
-198200,-3.847
-198100,-4.023
-198000,-4.324
-197900,-4.4
-197800,-4.443
-197700,-4.834
-197600,-4.866
-197500,-4.814
-197400,-4.88
-197300,-5.03
-197200,-5.143
-197100,-4.895
-197000,-4.277
-196900,-4.286
-196800,-4.816
-196700,-5.384
-196600,-5.446
-196500,-5.643
-196400,-5.72
-196300,-5.688
-196200,-5.592
-196100,-5.699
-196000,-5.757
-195900,-5.832
-195800,-5.946
-195700,-5.893
-195600,-5.646
-195500,-5.276
-195400,-4.902
-195300,-4.812
-195200,-4.882
-195100,-5.094
-195000,-5.159
-194900,-4.888
-194800,-4.258
-194700,-4.729
-194600,-4.911
-194500,-4.729
-194400,-4.629
-194300,-4.876
-194200,-5.193
-194100,-5.543
-194000,-5.775
-193900,-5.884
-193800,-5.864
-193700,-5.701
-193600,-6.059
-193500,-6.47
-193400,-6.703
-193300,-6.335
-193200,-6.235
-193100,-6.062
-193000,-5.755
-192900,-5.369
-192800,-5.814
-192700,-5.991
-192600,-5.963
-192500,-5.826
-192400,-5.558
-192300,-5.186
-192200,-4.928
-192100,-4.874
-192000,-5.042
-191900,-5.44
-191800,-5.383
-191700,-5.469
-191600,-5.535
-191500,-5.482
-191400,-5.353
-191300,-5.213
-191200,-4.832
-191100,-4.159
-191000,-3.648
-190900,-3.876
-190800,-4.549
-190700,-4.723
-190600,-4.782
-190500,-4.827
-190400,-5.279
-190300,-5.759
-190200,-6.083
-190100,-6.46
-190000,-6.335
-189900,-6.152
-189800,-6.17
-189700,-6.636
-189600,-6.927
-189500,-7.05
-189400,-6.941
-189300,-6.493
-189200,-6.598
-189100,-6.861
-189000,-7.178
-188900,-7.439
-188800,-7.493
-188700,-7.659
-188600,-7.902
-188500,-7.697
-188400,-7.728
-188300,-7.845
-188200,-7.866
-188100,-7.381
-188000,-7.024
-187900,-7.031
-187800,-7.33
-187700,-7.6
-187600,-7.855
-187500,-8.105
-187400,-7.905
-187300,-7.602
-187200,-7.273
-187100,-7.338
-187000,-7.638
-186900,-7.968
-186800,-8.073
-186700,-7.847
-186600,-7.815
-186500,-8.137
-186400,-8.008
-186300,-7.962
-186200,-7.973
-186100,-7.916
-186000,-7.768
-185900,-7.824
-185800,-8.419
-185700,-8.627
-185600,-8.506
-185500,-7.972
-185400,-7.812
-185300,-7.933
-185200,-8.219
-185100,-8.128
-185000,-7.929
-184900,-7.841
-184800,-8.168
-184700,-8.514
-184600,-8.246
-184500,-7.102
-184400,-7.304
-184300,-7.724
-184200,-8.036
-184100,-7.816
-184000,-7.972
-183900,-8.121
-183800,-8.199
-183700,-8.178
-183600,-7.926
-183500,-7.725
-183400,-8.063
-183300,-8.393
-183200,-8.333
-183100,-7.769
-183000,-7.718
-182900,-7.503
-182800,-7.464
-182700,-8.045
-182600,-7.794
-182500,-7.602
-182400,-7.594
-182300,-7.944
-182200,-7.921
-182100,-7.676
-182000,-7.27
-181900,-7.001
-181800,-6.798
-181700,-6.735
-181600,-6.65
-181500,-6.193
-181400,-5.86
-181300,-6.547
-181200,-6.79
-181100,-6.399
-181000,-5.691
-180900,-5.338
-180800,-5.584
-180700,-5.64
-180600,-5.678
-180500,-5.99
-180400,-6.406
-180300,-6.282
-180200,-6.34
-180100,-6.343
-180000,-6.365
-179900,-6.095
-179800,-5.457
-179700,-5.34
-179600,-6.013
-179500,-6.633
-179400,-6.922
-179300,-6.882
-179200,-6.666
-179100,-6.763
-179000,-7.3
-178900,-7.909
-178800,-8.335
-178700,-8.285
-178600,-8.194
-178500,-8.166
-178400,-8.12
-178300,-7.71
-178200,-7.391
-178100,-7.175
-178000,-7.043
-177900,-6.94
-177800,-7.334
-177700,-7.417
-177600,-7.234
-177500,-6.915
-177400,-6.882
-177300,-7.014
-177200,-7.071
-177100,-7.216
-177000,-7.455
-176900,-7.22
-176800,-7.428
-176700,-7.558
-176600,-7.561
-176500,-7.499
-176400,-7.366
-176300,-7.46
-176200,-7.446
-176100,-7.229
-176000,-7.221
-175900,-7.06
-175800,-6.472
-175700,-6.06
-175600,-6.378
-175500,-7.22
-175400,-6.887
-175300,-6.353
-175200,-6.149
-175100,-6.088
-175000,-5.99
-174900,-5.98
-174800,-6.264
-174700,-6.109
-174600,-5.983
-174500,-5.995
-174400,-6.102
-174300,-6.389
-174200,-6.766
-174100,-6.819
-174000,-6.007
-173900,-5.778
-173800,-6.108
-173700,-6.725
-173600,-7.072
-173500,-6.983
-173400,-7.106
-173300,-6.935
-173200,-7.148
-173100,-7.482
-173000,-7.675
-172900,-7.51
-172800,-7.613
-172700,-7.593
-172600,-7.549
-172500,-7.634
-172400,-8.107
-172300,-8.147
-172200,-8.102
-172100,-7.95
-172000,-7.632
-171900,-7.172
-171800,-6.947
-171700,-7.141
-171600,-7.046
-171500,-6.252
-171400,-6.196
-171300,-6.92
-171200,-7.696
-171100,-7.471
-171000,-6.874
-170900,-6.728
-170800,-7.24
-170700,-6.907
-170600,-6.273
-170500,-6.158
-170400,-6.46
-170300,-6.908
-170200,-7.249
-170100,-7.007
-170000,-6.668
-169900,-6.794
-169800,-6.642
-169700,-6.184
-169600,-5.564
-169500,-5.293
-169400,-5.918
-169300,-6.295
-169200,-6.33
-169100,-6.33
-169000,-6.531
-168900,-6.881
-168800,-6.997
-168700,-6.863
-168600,-6.747
-168500,-6.885
-168400,-6.642
-168300,-6.644
-168200,-6.962
-168100,-7.341
-168000,-7.664
-167900,-7.909
-167800,-8.037
-167700,-7.986
-167600,-7.96
-167500,-7.898
-167400,-7.786
-167300,-7.971
-167200,-8.176
-167100,-8.349
-167000,-8.275
-166900,-7.826
-166800,-7.89
-166700,-7.727
-166600,-7.992
-166500,-8.275
-166400,-8.143
-166300,-8.356
-166200,-8.423
-166100,-8.235
-166000,-8.099
-165900,-8.531
-165800,-8.562
-165700,-8.339
-165600,-8.1
-165500,-7.951
-165400,-7.821
-165300,-8.208
-165200,-8.304
-165100,-8.353
-165000,-8.415
-164900,-8.297
-164800,-8.155
-164700,-8.469
-164600,-8.705
-164500,-8.56
-164400,-8.473
-164300,-8.326
-164200,-7.937
-164100,-7.634
-164000,-7.747
-163900,-7.663
-163800,-7.442
-163700,-7.285
-163600,-7.009
-163500,-6.887
-163400,-7.014
-163300,-7.047
-163200,-7.038
-163100,-7.229
-163000,-6.675
-162900,-6.255
-162800,-6.314
-162700,-6.517
-162600,-6.133
-162500,-5.536
-162400,-5.752
-162300,-6.346
-162200,-6.6
-162100,-6.688
-162000,-7.183
-161900,-7.244
-161800,-7.076
-161700,-7.261
-161600,-7.396
-161500,-7.624
-161400,-7.868
-161300,-7.508
-161200,-7.352
-161100,-7.452
-161000,-7.014
-160900,-6.948
-160800,-6.969
-160700,-7.043
-160600,-7.258
-160500,-6.789
-160400,-6.777
-160300,-6.677
-160200,-6.747
-160100,-6.363
-160000,-6.026
-159900,-6.342
-159800,-6.438
-159700,-6.316
-159600,-5.819
-159500,-5.923
-159400,-6.178
-159300,-5.486
-159200,-5.516
-159100,-6.195
-159000,-6.689
-158900,-6.722
-158800,-7.143
-158700,-7.627
-158600,-7.992
-158500,-7.378
-158400,-6.816
-158300,-6.792
-158200,-6.948
-158100,-7.307
-158000,-7.89
-157900,-7.744
-157800,-7.675
-157700,-7.862
-157600,-7.765
-157500,-7.768
-157400,-8.115
-157300,-8.572
-157200,-8.501
-157100,-8.567
-157000,-8.56
-156900,-8.522
-156800,-8.499
-156700,-8.48
-156600,-8.19
-156500,-8.457
-156400,-8.858
-156300,-8.851
-156200,-8.454
-156100,-8.304
-156000,-8.788
-155900,-8.53
-155800,-8.122
-155700,-8.076
-155600,-8.36
-155500,-8.203
-155400,-8.093
-155300,-8.065
-155200,-8.522
-155100,-8.71
-155000,-8.594
-154900,-8.811
-154800,-8.973
-154700,-8.198
-154600,-7.578
-154500,-7.591
-154400,-7.952
-154300,-8.044
-154200,-7.645
-154100,-7.716
-154000,-7.637
-153900,-7.706
-153800,-7.953
-153700,-8.082
-153600,-7.914
-153500,-7.531
-153400,-7.279
-153300,-7.681
-153200,-7.769
-153100,-7.67
-153000,-7.66
-152900,-7.568
-152800,-7.56
-152700,-7.719
-152600,-7.914
-152500,-8.088
-152400,-8.149
-152300,-7.826
-152200,-7.711
-152100,-7.816
-152000,-7.89
-151900,-7.862
-151800,-7.699
-151700,-7.396
-151600,-7.384
-151500,-7.416
-151400,-7.233
-151300,-6.948
-151200,-6.91
-151100,-6.871
-151000,-6.677
-150900,-6.707
-150800,-7.173
-150700,-7.421
-150600,-7.199
-150500,-6.947
-150400,-7.083
-150300,-7.401
-150200,-7.493
-150100,-7.331
-150000,-7.357
-149900,-7.568
-149800,-7.606
-149700,-7.634
-149600,-7.654
-149500,-7.533
-149400,-7.493
-149300,-7.59
-149200,-7.621
-149100,-7.563
-149000,-7.64
-148900,-7.734
-148800,-7.84
-148700,-7.84
-148600,-7.675
-148500,-7.684
-148400,-7.583
-148300,-7.605
-148200,-8.039
-148100,-8.457
-148000,-8.437
-147900,-8.314
-147800,-8.252
-147700,-8.01
-147600,-8.03
-147500,-8.114
-147400,-8.082
-147300,-8.02
-147200,-7.998
-147100,-7.935
-147000,-7.895
-146900,-8.001
-146800,-8.019
-146700,-7.987
-146600,-7.863
-146500,-7.749
-146400,-7.794
-146300,-7.921
-146200,-7.994
-146100,-8.086
-146000,-8.333
-145900,-8.445
-145800,-8.348
-145700,-8.461
-145600,-8.578
-145500,-8.449
-145400,-8.231
-145300,-8.087
-145200,-7.976
-145100,-7.942
-145000,-8.197
-144900,-8.313
-144800,-8.228
-144700,-8.003
-144600,-7.878
-144500,-7.816
-144400,-7.75
-144300,-7.887
-144200,-8.147
-144100,-8.126
-144000,-8.009
-143900,-8.382
-143800,-8.826
-143700,-8.698
-143600,-8.444
-143500,-8.34
-143400,-8.327
-143300,-8.262
-143200,-8.15
-143100,-8.139
-143000,-8.419
-142900,-8.569
-142800,-8.662
-142700,-8.715
-142600,-8.593
-142500,-8.38
-142400,-8.29
-142300,-8.297
-142200,-8.135
-142100,-8.234
-142000,-8.531
-141900,-8.41
-141800,-8.481
-141700,-8.556
-141600,-8.644
-141500,-8.633
-141400,-8.47
-141300,-8.325
-141200,-8.42
-141100,-8.75
-141000,-8.61
-140900,-8.215
-140800,-8.297
-140700,-8.511
-140600,-8.634
-140500,-8.584
-140400,-8.413
-140300,-8.421
-140200,-8.83
-140100,-8.98
-140000,-8.704
-139900,-8.491
-139800,-8.57
-139700,-8.759
-139600,-8.799
-139500,-8.62
-139400,-8.4
-139300,-8.409
-139200,-8.526
-139100,-8.327
-139000,-8.3
-138900,-8.506
-138800,-8.639
-138700,-8.67
-138600,-8.69
-138500,-8.683
-138400,-8.653
-138300,-8.961
-138200,-9.222
-138100,-8.957
-138000,-8.625
-137900,-8.125
-137800,-7.696
-137700,-7.508
-137600,-7.46
-137500,-7.578
-137400,-7.834
-137300,-7.961
-137200,-7.893
-137100,-7.728
-137000,-7.53
-136900,-7.691
-136800,-7.861
-136700,-7.477
-136600,-7.324
-136500,-7.522
-136400,-7.395
-136300,-7.472
-136200,-7.793
-136100,-7.499
-136000,-7.145
-135900,-7.311
-135800,-7.326
-135700,-7.126
-135600,-6.907
-135500,-6.863
-135400,-7.314
-135300,-7.463
-135200,-7.254
-135100,-7.159
-135000,-6.882
-134900,-6.909
-134800,-6.879
-134700,-6.254
-134600,-5.746
-134500,-5.898
-134400,-6.007
-134300,-5.812
-134200,-5.485
-134100,-5.292
-134000,-4.864
-133900,-4.467
-133800,-4.435
-133700,-3.968
-133600,-3.23
-133500,-3.359
-133400,-3.813
-133300,-3.74
-133200,-3.577
-133100,-3.772
-133000,-3.648
-132900,-3.331
-132800,-2.963
-132700,-2.603
-132600,-2.577
-132500,-2.536
-132400,-2.438
-132300,-2.509
-132200,-2.76
-132100,-2.697
-132000,-2.309
-131900,-2.232
-131800,-1.619
-131700,-1.483
-131600,-1.645
-131500,-1.904
-131400,-1.3
-131300,-0.373
-131200,-0.323
-131100,-0.695
-131000,-0.559
-130900,-0.465
-130800,-0.253
-130700,0.136
-130600,0.351
-130500,0.547
-130400,0.634
-130300,0.878
-130200,1.09
-130100,1.802
-130000,1.314
-129900,1.398
-129800,1.768
-129700,2.123
-129600,1.42
-129500,-0.104
-129400,1.463
-129300,2.655
-129200,2.056
-129100,1.401
-129000,1.494
-128900,1.988
-128800,2.427
-128700,1.879
-128600,2.365
-128500,3.06
-128400,3.167
-128300,2.73
-128200,2.684
-128100,2.665
-128000,2.213
-127900,2.226
-127800,2.55
-127700,2.25
-127600,2.496
-127500,2.306
-127400,2.456
-127300,2.418
-127200,2.202
-127100,2.042
-127000,2.061
-126900,1.706
-126800,2.057
-126700,2.5
-126600,1.622
-126500,0.96
-126400,0.956
-126300,1.015
-126200,0.423
-126100,0.285
-126000,0.453
-125900,0.585
-125800,0.5
-125700,0.478
-125600,1.097
-125500,1.029
-125400,0.686
-125300,1.059
-125200,0.87
-125100,0.442
-125000,0.065
-124900,0.107
-124800,0.631
-124700,0.604
-124600,0.649
-124500,0.589
-124400,0.443
-124300,0.536
-124200,0.598
-124100,1.24
-124000,0.51
-123900,0.581
-123800,0.715
-123700,0.366
-123600,0.253
-123500,0.284
-123400,0.459
-123300,0.824
-123200,-0.006
-123100,-0.487
-123000,-0.355
-122900,-0.159
-122800,-0.744
-122700,-0.144
-122600,0.281
-122500,0.233
-122400,0.137
-122300,0.467
-122200,0.355
-122100,-0.147
-122000,0.162
-121900,0.581
-121800,0.059
-121700,-0.165
-121600,-0.6
-121500,-0.617
-121400,-0.645
-121300,-0.243
-121200,-0.462
-121100,-0.927
-121000,-0.698
-120900,-0.59
-120800,-0.313
-120700,-0.045
-120600,0.073
-120500,-0.401
-120400,-0.78
-120300,-0.863
-120200,-1.086
-120100,-1.161
-120000,-0.939
-119900,-1.44
-119800,-1.267
-119700,-0.733
-119600,-1.254
-119500,-1.081
-119400,-1.276
-119300,-1.381
-119200,-1.245
-119100,-0.516
-119000,-1.06
-118900,-1.265
-118800,-1.751
-118700,-0.607
-118600,-0.64
-118500,-1.115
-118400,-1.456
-118300,-1.129
-118200,-0.93
-118100,-1.152
-118000,-1.683
-117900,-1.858
-117800,-1.787
-117700,-1.546
-117600,-1.097
-117500,-1.611
-117400,-1.733
-117300,-1.456
-117200,-1.824
-117100,-1.51
-117000,-1.486
-116900,-1.8
-116800,-2.235
-116700,-2.524
-116600,-2.67
-116500,-2.67
-116400,-2.732
-116300,-2.826
-116200,-2.872
-116100,-2.959
-116000,-3.174
-115900,-3.524
-115800,-2.998
-115700,-2.581
-115600,-2.47
-115500,-2.47
-115400,-2.47
-115300,-2.478
-115200,-3.688
-115100,-4.025
-115000,-3.475
-114900,-3.901
-114800,-4.293
-114700,-4.636
-114600,-4.866
-114500,-4.656
-114400,-4.251
-114300,-4.351
-114200,-4.364
-114100,-4.354
-114000,-4.516
-113900,-4.57
-113800,-5.199
-113700,-5.463
-113600,-5.033
-113500,-4.889
-113400,-4.853
-113300,-4.936
-113200,-4.98
-113100,-5.48
-113000,-5.857
-112900,-6.016
-112800,-5.884
-112700,-5.673
-112600,-5.741
-112500,-5.883
-112400,-5.938
-112300,-5.94
-112200,-5.94
-112100,-5.94
-112000,-6.088
-111900,-6.343
-111800,-6.349
-111700,-5.932
-111600,-5.68
-111500,-5.68
-111400,-5.68
-111300,-5.68
-111200,-5.68
-111100,-5.826
-111000,-6.07
-110900,-6.276
-110800,-6.273
-110700,-5.753
-110600,-5.57
-110500,-5.57
-110400,-5.573
-110300,-5.58
-110200,-5.58
-110100,-5.574
-110000,-5.506
-109900,-5.737
-109800,-6.249
-109700,-6.191
-109600,-6.09
-109500,-6.09
-109400,-6.347
-109300,-6.776
-109200,-6.79
-109100,-6.465
-109000,-6.27
-108900,-6.277
-108800,-6.28
-108700,-6.291
-108600,-6.467
-108500,-6.602
-108400,-6.684
-108300,-6.71
-108200,-6.827
-108100,-6.95
-108000,-6.936
-107900,-6.878
-107800,-6.74
-107700,-6.518
-107600,-6.48
-107500,-6.48
-107400,-6.268
-107300,-5.573
-107200,-4.918
-107100,-4.4
-107000,-4.4
-106900,-4.739
-106800,-4.985
-106700,-4.671
-106600,-4.296
-106500,-4.147
-106400,-4.453
-106300,-4.188
-106200,-3.568
-106100,-2.816
-106000,-3.563
-105900,-3.836
-105800,-3.926
-105700,-3.941
-105600,-4.494
-105500,-4.551
-105400,-4.274
-105300,-4.141
-105200,-4.28
-105100,-4.549
-105000,-4.803
-104900,-4.481
-104800,-4.17
-104700,-4.244
-104600,-4.33
-104500,-4.323
-104400,-4.374
-104300,-4.306
-104200,-4.062
-104100,-4.128
-104000,-4.222
-103900,-4.325
-103800,-4.478
-103700,-4.414
-103600,-4.427
-103500,-4.504
-103400,-3.969
-103300,-3.622
-103200,-3.737
-103100,-2.855
-103000,-3.146
-102900,-3.155
-102800,-2.423
-102700,-3.197
-102600,-3.016
-102500,-2.544
-102400,-2.176
-102300,-2.433
-102200,-2.777
-102100,-2.318
-102000,-2.081
-101900,-2.293
-101800,-2.479
-101700,-2.301
-101600,-2.852
-101500,-2.639
-101400,-2.712
-101300,-2.987
-101200,-3.18
-101100,-3.294
-101000,-3.469
-100900,-3.633
-100800,-3.477
-100700,-3.61
-100600,-3.68
-100500,-3.399
-100400,-3.11
-100300,-3.597
-100200,-3.964
-100100,-3.663
-100000,-3.467
-99900,-3.49
-99800,-3.655
-99700,-4.055
-99600,-3.93
-99500,-3.996
-99400,-4.038
-99300,-4.102
-99200,-4.366
-99100,-4.384
-99000,-3.832
-98900,-4.2
-98800,-4.43
-98700,-4.645
-98600,-3.761
-98500,-3.509
-98400,-3.747
-98300,-4.84
-98200,-4.459
-98100,-4.768
-98000,-5.304
-97900,-4.53
-97800,-4.112
-97700,-3.662
-97600,-4.752
-97500,-5.07
-97400,-4.991
-97300,-4.369
-97200,-5.001
-97100,-4.701
-97000,-4.51
-96900,-4.51
-96800,-4.24
-96700,-4.028
-96600,-4.298
-96500,-4.331
-96400,-4.016
-96300,-3.782
-96200,-3.5
-96100,-3.965
-96000,-4.157
-95900,-3.722
-95800,-3.7
-95700,-3.835
-95600,-4,231
-95500,-4,231
-95400,-3.756
-95300,-3.58
-95200,-4.875
-95100,-4.551
-95000,-3.96
-94900,-3.833
-94800,-4.037
-94700,-4.414
-94600,-4.193
-94500,-3.548
-94400,-3.998
-94300,-4.86
-94200,-4.97
-94100,-3.987
-94000,-3.33
-93900,-3.284
-93800,-3.8
-93700,-4.622
-93600,-5.472
-93500,-4.653
-93400,-4.679
-93300,-4.557
-93200,-5.028
-93100,-4.572
-93000,-4.098
-92900,-4.443
-92800,-3.899
-92700,-4.397
-92600,-5.296
-92500,-4.869
-92400,-4.143
-92300,-4.218
-92200,-4.679
-92100,-5.049
-92000,-4.697
-91900,-4.836
-91800,-4.36
-91700,-4.06
-91600,-3.953
-91500,-3.554
-91400,-4.888
-91300,-5.768
-91200,-5.331
-91100,-5.171
-91000,-5.003
-90900,-4.837
-90800,-4.86
-90700,-4.688
-90600,-5.174
-90500,-5.761
-90400,-5.653
-90300,-5.384
-90200,-6.022
-90100,-6.306
-90000,-5.021
-89900,-5.06
-89800,-5.413
-89700,-5.426
-89600,-5.113
-89500,-4.86
-89400,-5.574
-89300,-5.362
-89200,-4.835
-89100,-4.285
-89000,-4.099
-88900,-4.496
-88800,-4.923
-88700,-5.06
-88600,-5.054
-88500,-5.098
-88400,-5.113
-88300,-5.12
-88200,-5.129
-88100,-4.682
-88000,-4.43
-87900,-4.202
-87800,-4.208
-87700,-4.531
-87600,-3.989
-87500,-4.71
-87400,-4.049
-87300,-3.707
-87200,-4.394
-87100,-4.45
-87000,-4.206
-86900,-4.125
-86800,-4.282
-86700,-4.076
-86600,-4.616
-86500,-3.959
-86400,-3.733
-86300,-3.736
-86200,-3.564
-86100,-3.38
-86000,-3.411
-85900,-3.524
-85800,-3.443
-85700,-3.161
-85600,-2.623
-85500,-2.447
-85400,-2.66
-85300,-3.197
-85200,-3.031
-85100,-2.48
-85000,-2.795
-84900,-3.305
-84800,-3.456
-84700,-3.012
-84600,-2.031
-84500,-2.805
-84400,-3.931
-84300,-3.919
-84200,-3.91
-84100,-4.255
-84000,-4.53
-83900,-3.749
-83800,-3.206
-83700,-3.562
-83600,-4.262
-83500,-3.466
-83400,-3.703
-83300,-3.94
-83200,-3.923
-83100,-3.18
-83000,-2.918
-82900,-2.682
-82800,-3.7
-82700,-4.406
-82600,-4.61
-82500,-4.31
-82400,-4.684
-82300,-3.983
-82200,-2.634
-82100,-3.398
-82000,-3.54
-81900,-3.77
-81800,-3.742
-81700,-3.801
-81600,-3.79
-81500,-3.514
-81400,-4.302
-81300,-3.794
-81200,-3.719
-81100,-5.137
-81000,-4.865
-80900,-4.571
-80800,-4.73
-80700,-4.66
-80600,-4.308
-80500,-4.445
-80400,-5.676
-80300,-6.253
-80200,-6.293
-80100,-5.002
-80000,-4.013
-79900,-5.231
-79800,-5.295
-79700,-4.984
-79600,-5.353
-79500,-5.449
-79400,-4.341
-79300,-4.845
-79200,-4.868
-79100,-4.8
-79000,-5.99
-78900,-6.075
-78800,-5.811
-78700,-6.026
-78600,-6.306
-78500,-6.293
-78400,-6.314
-78300,-4.392
-78200,-6.06
-78100,-7.183
-78000,-6.591
-77900,-6.489
-77800,-6.046
-77700,-5.768
-77600,-5.865
-77500,-6.721
-77400,-6.979
-77300,-6.511
-77200,-6.028
-77100,-5.456
-77000,-5.475
-76900,-5.329
-76800,-4.795
-76700,-4.92
-76600,-5.203
-76500,-5.116
-76400,-4.844
-76300,-4.106
-76200,-4.806
-76100,-4.912
-76000,-5.036
-75900,-5.029
-75800,-4.377
-75700,-4.532
-75600,-4.811
-75500,-5.297
-75400,-5.334
-75300,-5.15
-75200,-5.526
-75100,-5.54
-75000,-5.573
-74900,-5.686
-74800,-5.855
-74700,-6.329
-74600,-6.392
-74500,-4.995
-74400,-5.637
-74300,-6.015
-74200,-6.681
-74100,-6.831
-74000,-6.484
-73900,-6.782
-73800,-7.105
-73700,-6.574
-73600,-6.298
-73500,-7.262
-73400,-7.505
-73300,-6.751
-73200,-6.352
-73100,-6.047
-73000,-5.752
-72900,-5.472
-72800,-6.278
-72700,-6.488
-72600,-6.765
-72500,-6.574
-72400,-6.264
-72300,-5.818
-72200,-5.759
-72100,-5.493
-72000,-5.527
-71900,-6.084
-71800,-5.207
-71700,-5.022
-71600,-5.28
-71500,-4.642
-71400,-5.248
-71300,-5.751
-71200,-5.944
-71100,-5.759
-71000,-5.694
-70900,-5.66
-70800,-5.666
-70700,-5.67
-70600,-5.67
-70500,-6.643
-70400,-7.211
-70300,-7.069
-70200,-7.356
-70100,-7.782
-70000,-7.539
-69900,-6.943
-69800,-6.595
-69700,-6.928
-69600,-7.326
-69500,-7.5
-69400,-6.886
-69300,-6.428
-69200,-5.69
-69100,-5.947
-69000,-5.858
-68900,-6.387
-68800,-7.66
-68700,-8.16
-68600,-7.952
-68500,-7.893
-68400,-7.501
-68300,-7.842
-68200,-8.11
-68100,-7.705
-68000,-7.695
-67900,-7.96
-67800,-8.094
-67700,-8.001
-67600,-7.777
-67500,-7.764
-67400,-7.617
-67300,-7.598
-67200,-7.507
-67100,-7.26
-67000,-7.421
-66900,-7.724
-66800,-7.547
-66700,-7.757
-66600,-7.638
-66500,-7.028
-66400,-7.023
-66300,-7.622
-66200,-8.169
-66100,-8.266
-66000,-7.83
-65900,-7.582
-65800,-8.361
-65700,-8.462
-65600,-7.898
-65500,-7.573
-65400,-7.325
-65300,-7.639
-65200,-7.914
-65100,-7.975
-65000,-8.145
-64900,-7.946
-64800,-7.966
-64700,-7.5
-64600,-7.455
-64500,-7.856
-64400,-7.426
-64300,-7.585
-64200,-7.572
-64100,-7.147
-64000,-6.868
-63900,-6.808
-63800,-6.827
-63700,-6.467
-63600,-6.66
-63500,-6.761
-63400,-6.307
-63300,-6.72
-63200,-7.323
-63100,-7.51
-63000,-7.51
-62900,-7.51
-62800,-7.535
-62700,-7.655
-62600,-7.998
-62500,-8.088
-62400,-7.641
-62300,-7.699
-62200,-7.385
-62100,-7.062
-62000,-7.066
-61900,-6.816
-61800,-6.54
-61700,-6.766
-61600,-7.198
-61500,-7.012
-61400,-6.861
-61300,-6.812
-61200,-6.622
-61100,-6.888
-61000,-7.266
-60900,-7.367
-60800,-6.773
-60700,-6.583
-60600,-6.515
-60500,-6.284
-60400,-6.358
-60300,-6.31
-60200,-6.134
-60100,-6.147
-60000,-6.527
-59900,-6.322
-59800,-5.686
-59700,-5.53
-59600,-5.53
-59500,-5.883
-59400,-5.969
-59300,-5.855
-59200,-6.192
-59100,-6.402
-59000,-6.022
-58900,-5.874
-58800,-5.996
-58700,-5.918
-58600,-5.675
-58500,-5.16
-58400,-4.594
-58300,-4.261
-58200,-4.952
-58100,-4.778
-58000,-4.643
-57900,-4.959
-57800,-4.959
-57700,-5.677
-57600,-4.976
-57500,-4.85
-57400,-4.461
-57300,-4.016
-57200,-4.693
-57100,-4.35
-57000,-3.729
-56900,-3.942
-56800,-4.74
-56700,-4.432
-56600,-4.587
-56500,-5.094
-56400,-4.786
-56300,-5.069
-56200,-4.812
-56100,-4.909
-56000,-5.056
-55900,-4.982
-55800,-5.629
-55700,-5.56
-55600,-5.388
-55500,-5.306
-55400,-5.584
-55300,-5.352
-55200,-5.707
-55100,-6.224
-55000,-6.555
-54900,-6.437
-54800,-6.293
-54700,-6.322
-54600,-6.385
-54500,-6.663
-54400,-6.443
-54300,-6.869
-54200,-7.058
-54100,-6.54
-54000,-6.248
-53900,-6.355
-53800,-6.094
-53700,-6.501
-53600,-6.65
-53500,-6.507
-53400,-5.828
-53300,-5.619
-53200,-6.299
-53100,-7.079
-53000,-7.126
-52900,-6.627
-52800,-6.128
-52700,-6.57
-52600,-6.264
-52500,-6.058
-52400,-5.381
-52300,-5.381
-52200,-5.822
-52100,-5.766
-52000,-5.56
-51900,-5.872
-51800,-5.622
-51700,-5.646
-51600,-6.497
-51500,-6.373
-51400,-5.72
-51300,-5.298
-51200,-4.099
-51100,-4.691
-51000,-5.757
-50900,-5.952
-50800,-5.867
-50700,-5.272
-50600,-5.58
-50500,-5.607
-50400,-5.54
-50300,-5.381
-50200,-5.646
-50100,-5.243
-50000,-5.15
-49900,-5.598
-49800,-5.479
-49700,-5.608
-49600,-6.038
-49500,-5.96
-49400,-5.748
-49300,-5.51
-49200,-5.856
-49100,-5.768
-49000,-5.961
-48900,-6.336
-48800,-6.466
-48700,-6.355
-48600,-6.143
-48500,-5.815
-48400,-5.991
-48300,-6.02
-48200,-6.524
-48100,-6.573
-48000,-6.692
-47900,-6.765
-47800,-6.291
-47700,-6.479
-47600,-6.913
-47500,-6.654
-47400,-6.683
-47300,-6.204
-47200,-5.984
-47100,-6.441
-47000,-6.819
-46900,-6.757
-46800,-6.488
-46700,-6.908
-46600,-6.86
-46500,-6.965
-46400,-7.386
-46300,-7.479
-46200,-7.387
-46100,-7.373
-46000,-7.018
-45900,-6.98
-45800,-6.722
-45700,-7.155
-45600,-7.859
-45500,-7.65
-45400,-7.929
-45300,-8.033
-45200,-7.194
-45100,-6.704
-45000,-6.693
-44900,-6.985
-44800,-7.44
-44700,-6.476
-44600,-6.551
-44500,-7.35
-44400,-7.114
-44300,-6.943
-44200,-7.25
-44100,-6.926
-44000,-6.789
-43900,-6.917
-43800,-6.563
-43700,-6.602
-43600,-6.389
-43500,-5.444
-43400,-6.254
-43300,-6.012
-43200,-5.51
-43100,-5.705
-43000,-5.92
-42900,-5.894
-42800,-6.034
-42700,-5.807
-42600,-5.432
-42500,-5.458
-42400,-5.599
-42300,-5.311
-42200,-4.766
-42100,-5.475
-42000,-5.262
-41900,-4.729
-41800,-5.013
-41700,-4.568
-41600,-5.149
-41500,-5.147
-41400,-5.038
-41300,-5.155
-41200,-5.808
-41100,-6.557
-41000,-6.123
-40900,-5.74
-40800,-6.424
-40700,-6.651
-40600,-6.619
-40500,-6.833
-40400,-6.578
-40300,-6.356
-40200,-7.108
-40100,-7.074
-40000,-6.943
-39900,-6.337
-39800,-5.547
-39700,-6.009
-39600,-6.13
-39500,-6.239
-39400,-6.22
-39300,-6.039
-39200,-5.93
-39100,-6.241
-39000,-6.573
-38900,-6.623
-38800,-6.68
-38700,-6.735
-38600,-6.994
-38500,-7.18
-38400,-7.125
-38300,-6.985
-38200,-6.798
-38100,-6.603
-38000,-6.367
-37900,-6.412
-37800,-6.598
-37700,-6.769
-37600,-6.188
-37500,-6.579
-37400,-7.181
-37300,-6.959
-37200,-6.9
-37100,-6.818
-37000,-6.646
-36900,-6.301
-36800,-6.235
-36700,-6.837
-36600,-6.726
-36500,-7.309
-36400,-7.61
-36300,-7.149
-36200,-6.837
-36100,-6.453
-36000,-6.179
-35900,-5.75
-35800,-5.647
-35700,-5.426
-35600,-5.609
-35500,-5.414
-35400,-5.258
-35300,-5.596
-35200,-5.884
-35100,-5.931
-35000,-5.308
-34900,-4.856
-34800,-5.276
-34700,-5.8
-34600,-6.121
-34500,-6.024
-34400,-6.328
-34300,-6.332
-34200,-6.763
-34100,-6.788
-34000,-6.854
-33900,-7.307
-33800,-7.186
-33700,-7.145
-33600,-7.387
-33500,-7.488
-33400,-7.177
-33300,-7.317
-33200,-7.6
-33100,-7.597
-33000,-7.451
-32900,-7.408
-32800,-7.47
-32700,-6.704
-32600,-6.74
-32500,-7.267
-32400,-7.171
-32300,-6.61
-32200,-7.228
-32100,-6.953
-32000,-6.755
-31900,-6.769
-31800,-7.188
-31700,-7.606
-31600,-8.077
-31500,-8.083
-31400,-7.809
-31300,-7.655
-31200,-7.887
-31100,-8.033
-31000,-7.975
-30900,-7.738
-30800,-7.348
-30700,-7.417
-30600,-7.551
-30500,-7.689
-30400,-7.8
-30300,-7.662
-30200,-7.021
-30100,-7.333
-30000,-8.095
-29900,-8.372
-29800,-8.532
-29700,-8.381
-29600,-8.367
-29500,-8.333
-29400,-7.996
-29300,-7.686
-29200,-7.361
-29100,-7.03
-29000,-6.71
-28900,-6.833
-28800,-7.275
-28700,-7.698
-28600,-8.108
-28500,-8.509
-28400,-8.672
-28300,-7.913
-28200,-7.602
-28100,-7.848
-28000,-8.075
-27900,-8.29
-27800,-8.55
-27700,-8.532
-27600,-8.07
-27500,-8.034
-27400,-8.522
-27300,-8.804
-27200,-9.02
-27100,-8.978
-27000,-8.477
-26900,-7.766
-26800,-7.666
-26700,-8.012
-26600,-8.09
-26500,-8.023
-26400,-7.739
-26300,-7.389
-26200,-7.18
-26100,-7.476
-26000,-7.432
-25900,-7.277
-25800,-7.065
-25700,-7.047
-25600,-7.777
-25500,-8.18
-25400,-8.069
-25300,-7.738
-25200,-7.818
-25100,-7.997
-25000,-7.975
-24900,-7.281
-24800,-7.19
-24700,-7.5
-24600,-7.515
-24500,-7.94
-24400,-9.008
-24300,-8.898
-24200,-8.002
-24100,-8.035
-24000,-8.296
-23900,-8.507
-23800,-8.63
-23700,-8.63
-23600,-8.294
-23500,-7.776
-23400,-8.604
-23300,-8.978
-23200,-8.856
-23100,-8.647
-23000,-8.111
-22900,-7.963
-22800,-8.588
-22700,-8.507
-22600,-8.423
-22500,-8.335
-22400,-8.399
-22300,-8.752
-22200,-8.82
-22100,-8.386
-22000,-8.142
-21900,-8.216
-21800,-8.273
-21700,-7.758
-21600,-7.383
-21500,-7.838
-21400,-8.045
-21300,-7.937
-21200,-7.91
-21100,-7.95
-21000,-8.106
-20900,-8.028
-20800,-7.89
-20700,-7.953
-20600,-8.039
-20500,-8.047
-20400,-8.096
-20300,-7.897
-20200,-7.531
-20100,-7.797
-20000,-7.778
-19900,-8.377
-19800,-8.539
-19700,-8.701
-19600,-8.415
-19500,-8.013
-19400,-7.615
-19300,-7.749
-19200,-8.027
-19100,-8.231
-19000,-7.923
-18900,-7.599
-18800,-8.322
-18700,-8.727
-18600,-8.442
-18500,-8.311
-18400,-7.839
-18300,-7.859
-18200,-8.166
-18100,-8.547
-18000,-8.024
-17900,-7.732
-17800,-7.804
-17700,-7.836
-17600,-7.749
-17500,-7.997
-17400,-8.136
-17300,-7.466
-17200,-7.547
-17100,-7.812
-17000,-8.365
-16900,-8.353
-16800,-7.457
-16700,-7.088
-16600,-6.831
-16500,-6.744
-16400,-6.88
-16300,-6.787
-16200,-6.336
-16100,-5.95
-16000,-5.945
-15900,-6.01
-15800,-5.31
-15700,-5.555
-15600,-5.53
-15500,-5.702
-15400,-4.951
-15300,-4.81
-15200,-5.203
-15100,-5.321
-15000,-4.55
-14900,-4.67
-14800,-4.288
-14700,-3.933
-14600,-4.276
-14500,-3.742
-14400,-4.093
-14300,-3.678
-14200,-3.246
-14100,-2.807
-14000,-2.356
-13900,-2.184
-13800,-2.118
-13700,-3.02
-13600,-3.57
-13500,-4.181
-13400,-3.551
-13300,-3.17
-13200,-3.617
-13100,-3.776
-13000,-3.688
-12900,-3.443
-12800,-3.323
-12700,-3.877
-12600,-4.25
-12500,-3.743
-12400,-3.874
-12300,-4.069
-12200,-2.896
-12100,-3.017
-12000,-2.503
-11900,-2.645
-11800,-2.355
-11700,-1.864
-11600,-1.594
-11500,-1.371
-11400,-0.893
-11300,-0.419
-11200,0.616
-11100,0.09
-11000,-0.219
-10900,-0.246
-10800,-0.395
-10700,-0.778
-10600,-0.869
-10500,-0.767
-10400,-0.595
-10300,-0.964
-10200,0.438
-10100,-0.526
-10000,-0.484
-9900,-0.364
-9800,-0.81
-9700,-0.582
-9600,0.449
-9500,-0.16
-9400,-0.81
-9300,0.013
-9200,-0.162
-9100,-0.573
-9000,-0.553
-8900,-0.538
-8800,-0.595
-8700,0.04
-8600,-0.711
-8500,-0.597
-8400,-0.237
-8300,-0.667
-8200,-0.079
-8100,0.66
-8000,-0.552
-7900,-0.901
-7800,-0.61
-7700,-0.083
-7600,0.001
-7500,-0.02
-7400,-0.641
-7300,-0.234
-7200,-0.015
-7100,-0.904
-7000,-0.838
-6900,-0.849
-6800,-1.078
-6700,0.013
-6600,-0.289
-6500,-0.4
-6400,-1.443
-6300,0.05
-6200,-0.269
-6100,0.309
-6000,-0.681
-5900,0.391
-5800,-0.23
-5700,-0.11
-5600,0.059
-5500,0.153
-5400,0.5
-5300,0.12
-5200,-0.261
-5100,0.16
-5000,-0.504
-4900,-0.944
-4800,0.172
-4700,-0.819
-4600,0.154
-4500,1.13
-4400,1.13
-4300,0.616
-4200,-1.004
-4100,-0.896
-4000,-0.717
-3900,-0.153
-3800,-0.549
-3700,0.439
-3600,0.22
-3500,-0.646
-3400,0.041
-3300,-0.534
-3200,0.145
-3100,-0.441
-3000,-1.114
-2900,-0.615
-2800,-0.761
-2700,-0.836
-2600,-0.945
-2500,0.277
-2400,-1.02
-2300,0.679
-2200,-0.794
-2100,-0.552
-2000,-0.411
-1900,-0.405
-1800,-1.231
-1700,-0.916
-1600,-1.216
-1500,-0.503
-1400,-0.072
-1300,-1.123
-1200,-0.531
-1100,-0.597
-1000,-0.665
-900,-0.406
-800,-0.129
-700,-1.28
-600,-0.696
-500,-1.135
-400,1.202
-300,-0.312
-200,-0.264
-100,0
0,0
