#
# COVID-19 Country file (official WHO count)
# Country = Afghanistan
# Latitude = 34.0
# Population = 34135.635
# Territory = 652864.0
# LEB = 64.8
# DPA = 239000
# DPA65 = 59750
# GDP = 551.0
# GDP_PPP = 2012.0
# COVID-19 Mortality = 103.3
# First_Case = 2020_02_25
# Last_Case = 2021_06_13
# First_Death = 2020_03_23
# Last_Death = 2021_06_13
# Status as of 2021_06_13 = Community transmission
# Vaccine type = Oxford/AstraZeneca
# Vaccine start = 2021_02_22
#
Date	Conf_Cases	Conf_Deaths	Daily_Cases	Daily_Deaths
2020_02_25	       1	       0	       1	       0
2020_02_26	       1	       0	       0	       0
2020_02_27	       1	       0	       0	       0
2020_02_28	       1	       0	       0	       0
2020_02_29	       1	       0	       0	       0
2020_03_01	       1	       0	       0	       0
2020_03_02	       1	       0	       0	       0
2020_03_03	       1	       0	       0	       0
2020_03_04	       1	       0	       0	       0
2020_03_05	       1	       0	       0	       0
2020_03_06	       1	       0	       0	       0
2020_03_07	       1	       0	       0	       0
2020_03_08	       4	       0	       3	       0
2020_03_09	       4	       0	       0	       0
2020_03_10	       4	       0	       0	       0
2020_03_11	       4	       0	       0	       0
2020_03_12	       7	       0	       3	       0
2020_03_13	       7	       0	       0	       0
2020_03_14	       7	       0	       0	       0
2020_03_15	      10	       0	       3	       0
2020_03_16	      16	       0	       6	       0
2020_03_17	      21	       0	       5	       0
2020_03_18	      22	       0	       1	       0
2020_03_19	      22	       0	       0	       0
2020_03_20	      22	       0	       0	       0
2020_03_21	      24	       0	       2	       0
2020_03_22	      24	       0	       0	       0
2020_03_23	      40	       1	      16	       1
2020_03_24	      42	       1	       2	       0
2020_03_25	      74	       1	      32	       0
2020_03_26	      80	       2	       6	       1
2020_03_27	      80	       2	       0	       0
2020_03_28	     106	       2	      26	       0
2020_03_29	     114	       4	       8	       2
2020_03_30	     114	       4	       0	       0
2020_03_31	     166	       4	      52	       0
2020_04_01	     192	       4	      26	       0
2020_04_02	     235	       4	      43	       0
2020_04_03	     269	       5	      34	       1
2020_04_04	     270	       5	       1	       0
2020_04_05	     299	       7	      29	       2
2020_04_06	     337	       7	      38	       0
2020_04_07	     367	      11	      30	       4
2020_04_08	     423	      14	      56	       3
2020_04_09	     444	      15	      21	       1
2020_04_10	     521	      15	      77	       0
2020_04_11	     521	      15	       0	       0
2020_04_12	     555	      18	      34	       3
2020_04_13	     607	      19	      52	       1
2020_04_14	     665	      22	      58	       3
2020_04_15	     770	      25	     105	       3
2020_04_16	     794	      29	      24	       4
2020_04_17	     845	      30	      51	       1
2020_04_18	     908	      30	      63	       0
2020_04_19	     933	      30	      25	       0
2020_04_20	     996	      33	      63	       3
2020_04_21	    1026	      36	      30	       3
2020_04_22	    1092	      36	      66	       0
2020_04_23	    1176	      40	      84	       4
2020_04_24	    1226	      40	      50	       0
2020_04_25	    1330	      43	     104	       3
2020_04_26	    1463	      49	     133	       6
2020_04_27	    1531	      50	      68	       1
2020_04_28	    1703	      60	     172	      10
2020_04_29	    1827	      60	     124	       0
2020_04_30	    1827	      60	       0	       0
2020_05_01	    2171	      64	     344	       4
2020_05_02	    2469	      72	     298	       8
2020_05_03	    2469	      72	       0	       0
2020_05_04	    2469	      72	       0	       0
2020_05_05	    2469	      72	       0	       0
2020_05_06	    3224	      95	     755	      23
2020_05_07	    3392	     104	     168	       9
2020_05_08	    3563	     105	     171	       1
2020_05_09	    3563	     105	       0	       0
2020_05_10	    4402	     119	     839	      14
2020_05_11	    4664	     120	     262	       1
2020_05_12	    4967	     127	     303	       7
2020_05_13	    4967	     127	       0	       0
2020_05_14	    5339	     136	     372	       9
2020_05_15	    6053	     153	     714	      17
2020_05_16	    6402	     168	     349	      15
2020_05_17	    6635	     169	     233	       1
2020_05_18	    7072	     173	     437	       4
2020_05_19	    7655	     177	     583	       4
2020_05_20	    8145	     187	     490	      10
2020_05_21	    8676	     193	     531	       6
2020_05_22	    9216	     205	     540	      12
2020_05_23	    9866	     211	     650	       6
2020_05_24	   10582	     218	     716	       7
2020_05_25	   11094	     219	     512	       1
2020_05_26	   11831	     220	     737	       1
2020_05_27	   12379	     226	     548	       6
2020_05_28	   13016	     235	     637	       9
2020_05_29	   13659	     246	     643	      11
2020_05_30	   14443	     248	     784	       2
2020_05_31	   15094	     250	     651	       2
2020_06_01	   15750	     265	     656	      15
2020_06_02	   16492	     270	     742	       5
2020_06_03	   17267	     294	     775	      24
2020_06_04	   17891	     299	     624	       5
2020_06_05	   18969	     309	    1078	      10
2020_06_06	   19551	     327	     582	      18
2020_06_07	   20342	     357	     791	      30
2020_06_08	   20917	     369	     575	      12
2020_06_09	   21222	     376	     305	       7
2020_06_10	   22142	     405	     920	      29
2020_06_11	   22890	     426	     748	      21
2020_06_12	   23546	     446	     656	      20
2020_06_13	   24102	     451	     556	       5
2020_06_14	   24766	     471	     664	      20
2020_06_15	   25527	     476	     761	       5
2020_06_16	   25633	     484	     106	       8
2020_06_17	   26874	     504	    1241	      20
2020_06_18	   27337	     546	     463	      42
2020_06_19	   27878	     548	     541	       2
2020_06_20	   28297	     548	     419	       0
2020_06_21	   28833	     581	     536	      33
2020_06_22	   29143	     598	     310	      17
2020_06_23	   29481	     618	     338	      20
2020_06_24	   29640	     639	     159	      21
2020_06_25	   30175	     675	     535	      36
2020_06_26	   30260	     680	      85	       5
2020_06_27	   30616	     703	     356	      23
2020_06_28	   30967	     729	     351	      26
2020_06_29	   31238	     733	     271	       4
2020_06_30	   31238	     733	       0	       0
2020_07_01	   31762	     774	     524	      41
2020_07_02	   32022	     807	     260	      33
2020_07_03	   32324	     819	     302	      12
2020_07_04	   32672	     826	     348	       7
2020_07_05	   32951	     864	     279	      38
2020_07_06	   33064	     887	     113	      23
2020_07_07	   33384	     920	     320	      33
2020_07_08	   33594	     936	     210	      16
2020_07_09	   33653	     937	      59	       1
2020_07_10	   34194	     971	     541	      34
2020_07_11	   34351	     975	     157	       4
2020_07_12	   34451	    1010	     100	      35
2020_07_13	   34451	    1010	       0	       0
2020_07_14	   34740	    1045	     289	      35
2020_07_15	   34940	    1094	     200	      49
2020_07_16	   35070	    1113	     130	      19
2020_07_17	   35229	    1147	     159	      34
2020_07_18	   35289	    1147	      60	       0
2020_07_19	   35475	    1181	     186	      34
2020_07_20	   35509	    1183	      34	       2
2020_07_21	   35615	    1184	     106	       1
2020_07_22	   35727	    1190	     112	       6
2020_07_23	   35915	    1211	     188	      21
2020_07_24	   35981	    1225	      66	      14
2020_07_25	   36036	    1246	      55	      21
2020_07_26	   36036	    1246	       0	       0
2020_07_27	   36263	    1269	     227	      23
2020_07_28	   36368	    1270	     105	       1
2020_07_29	   36471	    1271	     103	       1
2020_07_30	   36542	    1271	      71	       0
2020_07_31	   36542	    1271	       0	       0
2020_08_01	   36710	    1283	     168	      12
2020_08_02	   36710	    1283	       0	       0
2020_08_03	   36710	    1283	       0	       0
2020_08_04	   36747	    1288	      37	       5
2020_08_05	   36829	    1294	      82	       6
2020_08_06	   36896	    1298	      67	       4
2020_08_07	   36937	    1298	      41	       0
2020_08_08	   37015	    1307	      78	       9
2020_08_09	   37054	    1312	      39	       5
2020_08_10	   37054	    1312	       0	       0
2020_08_11	   37269	    1344	     215	      32
2020_08_12	   37345	    1354	      76	      10
2020_08_13	   37424	    1363	      79	       9
2020_08_14	   37431	    1363	       7	       0
2020_08_15	   37551	    1370	     120	       7
2020_08_16	   37596	    1375	      45	       5
2020_08_17	   37653	    1376	      57	       1
2020_08_18	   37711	    1378	      58	       2
2020_08_19	   37768	    1380	      57	       2
2020_08_20	   37826	    1381	      58	       1
2020_08_21	   37883	    1383	      57	       2
2020_08_22	   37941	    1385	      58	       2
2020_08_23	   37999	    1387	      58	       2
2020_08_24	   38019	    1389	      20	       2
2020_08_25	   38040	    1391	      21	       2
2020_08_26	   38060	    1393	      20	       2
2020_08_27	   38081	    1395	      21	       2
2020_08_28	   38101	    1397	      20	       2
2020_08_29	   38122	    1399	      21	       2
2020_08_30	   38143	    1402	      21	       3
2020_08_31	   38179	    1403	      36	       1
2020_09_01	   38215	    1404	      36	       1
2020_09_02	   38252	    1406	      37	       2
2020_09_03	   38288	    1407	      36	       1
2020_09_04	   38325	    1409	      37	       2
2020_09_05	   38361	    1410	      36	       1
2020_09_06	   38398	    1412	      37	       2
2020_09_07	   38432	    1413	      34	       1
2020_09_08	   38467	    1414	      35	       1
2020_09_09	   38502	    1415	      35	       1
2020_09_10	   38536	    1416	      34	       1
2020_09_11	   38571	    1417	      35	       1
2020_09_12	   38606	    1418	      35	       1
2020_09_13	   38641	    1420	      35	       2
2020_09_14	   38698	    1423	      57	       3
2020_09_15	   38756	    1426	      58	       3
2020_09_16	   38813	    1429	      57	       3
2020_09_17	   38871	    1432	      58	       3
2020_09_18	   38928	    1435	      57	       3
2020_09_19	   38986	    1438	      58	       3
2020_09_20	   39044	    1441	      58	       3
2020_09_21	   39070	    1442	      26	       1
2020_09_22	   39096	    1444	      26	       2
2020_09_23	   39122	    1446	      26	       2
2020_09_24	   39148	    1447	      26	       1
2020_09_25	   39174	    1449	      26	       2
2020_09_26	   39200	    1451	      26	       2
2020_09_27	   39227	    1453	      27	       2
2020_09_28	   39243	    1454	      16	       1
2020_09_29	   39259	    1455	      16	       1
2020_09_30	   39275	    1456	      16	       1
2020_10_01	   39292	    1458	      17	       2
2020_10_02	   39308	    1459	      16	       1
2020_10_03	   39324	    1460	      16	       1
2020_10_04	   39341	    1462	      17	       2
2020_10_05	   39406	    1464	      65	       2
2020_10_06	   39471	    1466	      65	       2
2020_10_07	   39537	    1468	      66	       2
2020_10_08	   39602	    1470	      65	       2
2020_10_09	   39668	    1472	      66	       2
2020_10_10	   39733	    1474	      65	       2
2020_10_11	   39799	    1477	      66	       3
2020_10_12	   39868	    1479	      69	       2
2020_10_13	   39938	    1482	      70	       3
2020_10_14	   40008	    1485	      70	       3
2020_10_15	   40077	    1488	      69	       3
2020_10_16	   40147	    1491	      70	       3
2020_10_17	   40217	    1494	      70	       3
2020_10_18	   40287	    1497	      70	       3
2020_10_19	   40379	    1500	      92	       3
2020_10_20	   40472	    1503	      93	       3
2020_10_21	   40565	    1506	      93	       3
2020_10_22	   40658	    1509	      93	       3
2020_10_23	   40751	    1512	      93	       3
2020_10_24	   40844	    1515	      93	       3
2020_10_25	   40937	    1518	      93	       3
2020_10_26	   41006	    1520	      69	       2
2020_10_27	   41076	    1523	      70	       3
2020_10_28	   41146	    1525	      70	       2
2020_10_29	   41215	    1528	      69	       3
2020_10_30	   41285	    1530	      70	       2
2020_10_31	   41355	    1533	      70	       3
2020_11_01	   41425	    1536	      70	       3
2020_11_02	   41511	    1538	      86	       2
2020_11_03	   41598	    1541	      87	       3
2020_11_04	   41685	    1544	      87	       3
2020_11_05	   41772	    1547	      87	       3
2020_11_06	   41859	    1550	      87	       3
2020_11_07	   41946	    1553	      87	       3
2020_11_08	   42033	    1556	      87	       3
2020_11_09	   42176	    1563	     143	       7
2020_11_10	   42319	    1570	     143	       7
2020_11_11	   42462	    1577	     143	       7
2020_11_12	   42605	    1584	     143	       7
2020_11_13	   42748	    1591	     143	       7
2020_11_14	   42891	    1598	     143	       7
2020_11_15	   43035	    1605	     144	       7
2020_11_16	   43244	    1615	     209	      10
2020_11_17	   43454	    1625	     210	      10
2020_11_18	   43664	    1635	     210	      10
2020_11_19	   43873	    1645	     209	      10
2020_11_20	   44083	    1655	     210	      10
2020_11_21	   44293	    1665	     210	      10
2020_11_22	   44503	    1675	     210	      10
2020_11_23	   44712	    1686	     209	      11
2020_11_24	   44921	    1697	     209	      11
2020_11_25	   45130	    1708	     209	      11
2020_11_26	   45339	    1719	     209	      11
2020_11_27	   45548	    1730	     209	      11
2020_11_28	   45757	    1741	     209	      11
2020_11_29	   45966	    1752	     209	      11
2020_11_30	   46205	    1768	     239	      16
2020_12_01	   46444	    1784	     239	      16
2020_12_02	   46683	    1800	     239	      16
2020_12_03	   46923	    1816	     240	      16
2020_12_04	   47162	    1832	     239	      16
2020_12_05	   47401	    1848	     239	      16
2020_12_06	   47641	    1865	     240	      17
2020_12_07	   47828	    1878	     187	      13
2020_12_08	   48015	    1892	     187	      14
2020_12_09	   48202	    1905	     187	      13
2020_12_10	   48390	    1919	     188	      14
2020_12_11	   48577	    1932	     187	      13
2020_12_12	   48764	    1946	     187	      14
2020_12_13	   48952	    1960	     188	      14
2020_12_14	   49178	    1973	     226	      13
2020_12_15	   49404	    1986	     226	      13
2020_12_16	   49630	    2000	     226	      14
2020_12_17	   49857	    2013	     227	      13
2020_12_18	   50083	    2027	     226	      14
2020_12_19	   50309	    2040	     226	      13
2020_12_20	   50536	    2054	     227	      14
2020_12_21	   50723	    2068	     187	      14
2020_12_22	   50910	    2083	     187	      15
2020_12_23	   51098	    2098	     188	      15
2020_12_24	   51285	    2113	     187	      15
2020_12_25	   51473	    2128	     188	      15
2020_12_26	   51660	    2143	     187	      15
2020_12_27	   51848	    2158	     188	      15
2020_12_28	   51971	    2167	     123	       9
2020_12_29	   52094	    2176	     123	       9
2020_12_30	   52217	    2185	     123	       9
2020_12_31	   52340	    2194	     123	       9
2021_01_01	   52463	    2203	     123	       9
2021_01_02	   52586	    2212	     123	       9
2021_01_03	   52709	    2221	     123	       9
2021_01_04	   52820	    2229	     111	       8
2021_01_05	   52931	    2237	     111	       8
2021_01_06	   53043	    2245	     112	       8
2021_01_07	   53154	    2253	     111	       8
2021_01_08	   53266	    2261	     112	       8
2021_01_09	   53377	    2269	     111	       8
2021_01_10	   53489	    2277	     112	       8
2021_01_11	   53559	    2285	      70	       8
2021_01_12	   53630	    2294	      71	       9
2021_01_13	   53701	    2303	      71	       9
2021_01_14	   53771	    2312	      70	       9
2021_01_15	   53842	    2321	      71	       9
2021_01_16	   53913	    2330	      71	       9
2021_01_17	   53984	    2339	      71	       9
2021_01_18	   54071	    2344	      87	       5
2021_01_19	   54158	    2350	      87	       6
2021_01_20	   54245	    2355	      87	       5
2021_01_21	   54333	    2361	      88	       6
2021_01_22	   54420	    2366	      87	       5
2021_01_23	   54507	    2372	      87	       6
2021_01_24	   54595	    2378	      88	       6
2021_01_25	   54656	    2381	      61	       3
2021_01_26	   54717	    2384	      61	       3
2021_01_27	   54778	    2387	      61	       3
2021_01_28	   54839	    2390	      61	       3
2021_01_29	   54900	    2393	      61	       3
2021_01_30	   54961	    2396	      61	       3
2021_01_31	   55023	    2400	      62	       4
2021_02_01	   55067	    2401	      44	       1
2021_02_02	   55112	    2402	      45	       1
2021_02_03	   55156	    2404	      44	       2
2021_02_04	   55201	    2405	      45	       1
2021_02_05	   55245	    2407	      44	       2
2021_02_06	   55290	    2408	      45	       1
2021_02_07	   55335	    2410	      45	       2
2021_02_08	   55357	    2412	      22	       2
2021_02_09	   55379	    2414	      22	       2
2021_02_10	   55402	    2417	      23	       3
2021_02_11	   55424	    2419	      22	       2
2021_02_12	   55447	    2422	      23	       3
2021_02_13	   55469	    2424	      22	       2
2021_02_14	   55492	    2427	      23	       3
2021_02_15	   55508	    2427	      16	       0
2021_02_16	   55524	    2428	      16	       1
2021_02_17	   55540	    2429	      16	       1
2021_02_18	   55556	    2429	      16	       0
2021_02_19	   55572	    2430	      16	       1
2021_02_20	   55588	    2431	      16	       1
2021_02_21	   55604	    2432	      16	       1
2021_02_22	   55619	    2433	      15	       1
2021_02_23	   55635	    2435	      16	       2
2021_02_24	   55651	    2436	      16	       1
2021_02_25	   55666	    2438	      15	       2
2021_02_26	   55682	    2439	      16	       1
2021_02_27	   55698	    2441	      16	       2
2021_02_28	   55714	    2443	      16	       2
2021_03_01	   55733	    2443	      19	       0
2021_03_02	   55752	    2444	      19	       1
2021_03_03	   55771	    2445	      19	       1
2021_03_04	   55790	    2446	      19	       1
2021_03_05	   55809	    2447	      19	       1
2021_03_06	   55828	    2448	      19	       1
2021_03_07	   55847	    2449	      19	       1
2021_03_08	   55866	    2450	      19	       1
2021_03_09	   55886	    2451	      20	       1
2021_03_10	   55906	    2452	      20	       1
2021_03_11	   55925	    2453	      19	       1
2021_03_12	   55945	    2454	      20	       1
2021_03_13	   55965	    2455	      20	       1
2021_03_14	   55985	    2457	      20	       2
2021_03_15	   56001	    2457	      16	       0
2021_03_16	   56018	    2458	      17	       1
2021_03_17	   56035	    2459	      17	       1
2021_03_18	   56052	    2460	      17	       1
2021_03_19	   56069	    2461	      17	       1
2021_03_20	   56086	    2462	      17	       1
2021_03_21	   56103	    2463	      17	       1
2021_03_22	   56130	    2464	      27	       1
2021_03_23	   56157	    2465	      27	       1
2021_03_24	   56184	    2466	      27	       1
2021_03_25	   56212	    2467	      28	       1
2021_03_26	   56239	    2468	      27	       1
2021_03_27	   56266	    2469	      27	       1
2021_03_28	   56294	    2470	      28	       1
2021_03_29	   56348	    2473	      54	       3
2021_03_30	   56403	    2477	      55	       4
2021_03_31	   56457	    2481	      54	       4
2021_04_01	   56512	    2485	      55	       4
2021_04_02	   56566	    2489	      54	       4
2021_04_03	   56621	    2493	      55	       4
2021_04_04	   56676	    2497	      55	       4
2021_04_05	   56745	    2500	      69	       3
2021_04_06	   56814	    2503	      69	       3
2021_04_07	   56883	    2507	      69	       4
2021_04_08	   56952	    2510	      69	       3
2021_04_09	   57021	    2514	      69	       4
2021_04_10	   57090	    2517	      69	       3
2021_04_11	   57160	    2521	      70	       4
2021_04_12	   57250	    2523	      90	       2
2021_04_13	   57340	    2526	      90	       3
2021_04_14	   57431	    2528	      91	       2
2021_04_15	   57521	    2531	      90	       3
2021_04_16	   57612	    2533	      91	       2
2021_04_17	   57702	    2536	      90	       3
2021_04_18	   57793	    2539	      91	       3
2021_04_19	   57943	    2545	     150	       6
2021_04_20	   58093	    2551	     150	       6
2021_04_21	   58243	    2557	     150	       6
2021_04_22	   58393	    2563	     150	       6
2021_04_23	   58543	    2569	     150	       6
2021_04_24	   58693	    2575	     150	       6
2021_04_25	   58843	    2582	     150	       7
2021_04_26	   59025	    2589	     182	       7
2021_04_27	   59208	    2597	     183	       8
2021_04_28	   59391	    2605	     183	       8
2021_04_29	   59573	    2613	     182	       8
2021_04_30	   59756	    2621	     183	       8
2021_05_01	   59939	    2629	     183	       8
2021_05_02	   60122	    2637	     183	       8
2021_05_03	   60367	    2644	     245	       7
2021_05_04	   60613	    2651	     246	       7
2021_05_05	   60859	    2658	     246	       7
2021_05_06	   61104	    2665	     245	       7
2021_05_07	   61350	    2672	     246	       7
2021_05_08	   61596	    2679	     246	       7
2021_05_09	   61842	    2686	     246	       7
2021_05_10	   62076	    2694	     234	       8
2021_05_11	   62311	    2702	     235	       8
2021_05_12	   62545	    2710	     234	       8
2021_05_13	   62780	    2718	     235	       8
2021_05_14	   63014	    2726	     234	       8
2021_05_15	   63249	    2734	     235	       8
2021_05_16	   63484	    2742	     235	       8
2021_05_17	   63804	    2750	     320	       8
2021_05_18	   64125	    2759	     321	       9
2021_05_19	   64445	    2767	     320	       8
2021_05_20	   64766	    2776	     321	       9
2021_05_21	   65086	    2784	     320	       8
2021_05_22	   65407	    2793	     321	       9
2021_05_23	   65728	    2802	     321	       9
2021_05_24	   66447	    2818	     719	      16
2021_05_25	   67166	    2835	     719	      17
2021_05_26	   67885	    2852	     719	      17
2021_05_27	   68604	    2868	     719	      16
2021_05_28	   69323	    2885	     719	      17
2021_05_29	   70042	    2902	     719	      17
2021_05_30	   70761	    2919	     719	      17
2021_05_31	   71970	    2951	    1209	      32
2021_06_01	   73179	    2983	    1209	      32
2021_06_02	   74388	    3015	    1209	      32
2021_06_03	   75597	    3048	    1209	      33
2021_06_04	   76806	    3080	    1209	      32
2021_06_05	   78015	    3112	    1209	      32
2021_06_06	   79224	    3145	    1209	      33
2021_06_07	   80743	    3199	    1519	      54
2021_06_08	   82263	    3254	    1520	      55
2021_06_09	   83782	    3308	    1519	      54
2021_06_10	   85302	    3363	    1520	      55
2021_06_11	   86821	    3417	    1519	      54
2021_06_12	   88341	    3472	    1520	      55
2021_06_13	   89861	    3527	    1520	      55
