#
# COVID-19 Country file (official WHO count)
# Country = Angola
# Latitude = -9.0
# Population = 32827.401
# Territory = 1246700.0
# LEB = 61.1
# DPA = 255000
# DPA65 = 51000
# GDP = 3572.0
# GDP_PPP = 6672.0
# COVID-19 Mortality = 25.1
# First_Case = 2020_03_22
# Last_Case = 2021_06_13
# First_Death = 2020_04_01
# Last_Death = 2021_06_13
# Status as of 2021_06_13 = Community transmission
# Vaccine type = Oxford/AstraZeneca
# Vaccine start = 2021_03_05
#
Date	Conf_Cases	Conf_Deaths	Daily_Cases	Daily_Deaths
2020_03_22	       2	       0	       2	       0
2020_03_23	       2	       0	       0	       0
2020_03_24	       2	       0	       0	       0
2020_03_25	       2	       0	       0	       0
2020_03_26	       2	       0	       0	       0
2020_03_27	       2	       0	       0	       0
2020_03_28	       2	       0	       0	       0
2020_03_29	       2	       0	       0	       0
2020_03_30	       2	       0	       0	       0
2020_03_31	       2	       0	       0	       0
2020_04_01	       7	       2	       5	       2
2020_04_02	       8	       2	       1	       0
2020_04_03	       8	       2	       0	       0
2020_04_04	      10	       2	       2	       0
2020_04_05	      10	       2	       0	       0
2020_04_06	      14	       2	       4	       0
2020_04_07	      16	       2	       2	       0
2020_04_08	      17	       2	       1	       0
2020_04_09	      19	       2	       2	       0
2020_04_10	      19	       2	       0	       0
2020_04_11	      19	       2	       0	       0
2020_04_12	      19	       2	       0	       0
2020_04_13	      19	       2	       0	       0
2020_04_14	      19	       2	       0	       0
2020_04_15	      19	       2	       0	       0
2020_04_16	      19	       2	       0	       0
2020_04_17	      19	       2	       0	       0
2020_04_18	      19	       2	       0	       0
2020_04_19	      19	       2	       0	       0
2020_04_20	      19	       2	       0	       0
2020_04_21	      24	       2	       5	       0
2020_04_22	      24	       2	       0	       0
2020_04_23	      24	       2	       0	       0
2020_04_24	      25	       2	       1	       0
2020_04_25	      25	       2	       0	       0
2020_04_26	      25	       2	       0	       0
2020_04_27	      26	       2	       1	       0
2020_04_28	      27	       2	       1	       0
2020_04_29	      27	       2	       0	       0
2020_04_30	      27	       2	       0	       0
2020_05_01	      27	       2	       0	       0
2020_05_02	      29	       2	       2	       0
2020_05_03	      35	       2	       6	       0
2020_05_04	      35	       2	       0	       0
2020_05_05	      35	       2	       0	       0
2020_05_06	      36	       2	       1	       0
2020_05_07	      36	       2	       0	       0
2020_05_08	      36	       2	       0	       0
2020_05_09	      36	       2	       0	       0
2020_05_10	      43	       2	       7	       0
2020_05_11	      45	       2	       2	       0
2020_05_12	      45	       2	       0	       0
2020_05_13	      45	       2	       0	       0
2020_05_14	      45	       2	       0	       0
2020_05_15	      48	       2	       3	       0
2020_05_16	      48	       2	       0	       0
2020_05_17	      48	       2	       0	       0
2020_05_18	      48	       2	       0	       0
2020_05_19	      50	       2	       2	       0
2020_05_20	      52	       3	       2	       1
2020_05_21	      58	       3	       6	       0
2020_05_22	      60	       3	       2	       0
2020_05_23	      60	       3	       0	       0
2020_05_24	      60	       3	       0	       0
2020_05_25	      69	       4	       9	       1
2020_05_26	      69	       4	       0	       0
2020_05_27	      71	       4	       2	       0
2020_05_28	      71	       4	       0	       0
2020_05_29	      73	       4	       2	       0
2020_05_30	      81	       4	       8	       0
2020_05_31	      84	       4	       3	       0
2020_06_01	      86	       4	       2	       0
2020_06_02	      86	       4	       0	       0
2020_06_03	      86	       4	       0	       0
2020_06_04	      86	       4	       0	       0
2020_06_05	      86	       4	       0	       0
2020_06_06	      86	       4	       0	       0
2020_06_07	      86	       4	       0	       0
2020_06_08	      91	       4	       5	       0
2020_06_09	      92	       4	       1	       0
2020_06_10	      96	       4	       4	       0
2020_06_11	     113	       4	      17	       0
2020_06_12	     118	       5	       5	       1
2020_06_13	     130	       5	      12	       0
2020_06_14	     138	       6	       8	       1
2020_06_15	     140	       6	       2	       0
2020_06_16	     142	       6	       2	       0
2020_06_17	     142	       6	       0	       0
2020_06_18	     155	       7	      13	       1
2020_06_19	     166	       8	      11	       1
2020_06_20	     166	       8	       0	       0
2020_06_21	     172	       8	       6	       0
2020_06_22	     176	       9	       4	       1
2020_06_23	     183	       9	       7	       0
2020_06_24	     189	      10	       6	       1
2020_06_25	     197	      10	       8	       0
2020_06_26	     212	      10	      15	       0
2020_06_27	     212	      10	       0	       0
2020_06_28	     259	      10	      47	       0
2020_06_29	     267	      11	       8	       1
2020_06_30	     276	      11	       9	       0
2020_07_01	     284	      13	       8	       2
2020_07_02	     291	      15	       7	       2
2020_07_03	     315	      17	      24	       2
2020_07_04	     328	      18	      13	       1
2020_07_05	     346	      19	      18	       1
2020_07_06	     353	      19	       7	       0
2020_07_07	     353	      19	       0	       0
2020_07_08	     386	      21	      33	       2
2020_07_09	     396	      22	      10	       1
2020_07_10	     458	      23	      62	       1
2020_07_11	     462	      23	       4	       0
2020_07_12	     483	      25	      21	       2
2020_07_13	     506	      26	      23	       1
2020_07_14	     525	      26	      19	       0
2020_07_15	     541	      26	      16	       0
2020_07_16	     576	      27	      35	       1
2020_07_17	     607	      28	      31	       1
2020_07_18	     638	      29	      31	       1
2020_07_19	     687	      29	      49	       0
2020_07_20	     705	      29	      18	       0
2020_07_21	     749	      29	      44	       0
2020_07_22	     779	      30	      30	       1
2020_07_23	     812	      33	      33	       3
2020_07_24	     851	      33	      39	       0
2020_07_25	     880	      35	      29	       2
2020_07_26	     880	      35	       0	       0
2020_07_27	     932	      40	      52	       5
2020_07_28	     950	      41	      18	       1
2020_07_29	    1000	      47	      50	       6
2020_07_30	    1078	      48	      78	       1
2020_07_31	    1109	      51	      31	       3
2020_08_01	    1109	      51	       0	       0
2020_08_02	    1148	      52	      39	       1
2020_08_03	    1164	      54	      16	       2
2020_08_04	    1280	      58	     116	       4
2020_08_05	    1344	      59	      64	       1
2020_08_06	    1395	      62	      51	       3
2020_08_07	    1483	      64	      88	       2
2020_08_08	    1538	      67	      55	       3
2020_08_09	    1572	      70	      34	       3
2020_08_10	    1672	      75	     100	       5
2020_08_11	    1679	      78	       7	       3
2020_08_12	    1735	      80	      56	       2
2020_08_13	    1762	      80	      27	       0
2020_08_14	    1815	      83	      53	       3
2020_08_15	    1852	      86	      37	       3
2020_08_16	    1879	      86	      27	       0
2020_08_17	    1915	      87	      36	       1
2020_08_18	    1951	      88	      36	       1
2020_08_19	    1988	      89	      37	       1
2020_08_20	    2024	      90	      36	       1
2020_08_21	    2061	      91	      37	       1
2020_08_22	    2097	      92	      36	       1
2020_08_23	    2134	      94	      37	       2
2020_08_24	    2193	      95	      59	       1
2020_08_25	    2253	      97	      60	       2
2020_08_26	    2312	      99	      59	       2
2020_08_27	    2372	     101	      60	       2
2020_08_28	    2431	     103	      59	       2
2020_08_29	    2491	     105	      60	       2
2020_08_30	    2551	     107	      60	       2
2020_08_31	    2605	     108	      54	       1
2020_09_01	    2660	     109	      55	       1
2020_09_02	    2715	     111	      55	       2
2020_09_03	    2770	     112	      55	       1
2020_09_04	    2825	     114	      55	       2
2020_09_05	    2880	     115	      55	       1
2020_09_06	    2935	     117	      55	       2
2020_09_07	    2992	     119	      57	       2
2020_09_08	    3049	     121	      57	       2
2020_09_09	    3106	     123	      57	       2
2020_09_10	    3163	     125	      57	       2
2020_09_11	    3220	     127	      57	       2
2020_09_12	    3277	     129	      57	       2
2020_09_13	    3335	     132	      58	       3
2020_09_14	    3415	     134	      80	       2
2020_09_15	    3496	     136	      81	       2
2020_09_16	    3577	     138	      81	       2
2020_09_17	    3658	     140	      81	       2
2020_09_18	    3739	     142	      81	       2
2020_09_19	    3820	     144	      81	       2
2020_09_20	    3901	     147	      81	       3
2020_09_21	    4011	     150	     110	       3
2020_09_22	    4121	     153	     110	       3
2020_09_23	    4231	     157	     110	       4
2020_09_24	    4341	     160	     110	       3
2020_09_25	    4451	     164	     110	       4
2020_09_26	    4561	     167	     110	       3
2020_09_27	    4672	     171	     111	       4
2020_09_28	    4771	     173	      99	       2
2020_09_29	    4871	     176	     100	       3
2020_09_30	    4971	     178	     100	       2
2020_10_01	    5070	     181	      99	       3
2020_10_02	    5170	     183	     100	       2
2020_10_03	    5270	     186	     100	       3
2020_10_04	    5370	     189	     100	       3
2020_10_05	    5495	     193	     125	       4
2020_10_06	    5620	     197	     125	       4
2020_10_07	    5745	     201	     125	       4
2020_10_08	    5870	     205	     125	       4
2020_10_09	    5995	     209	     125	       4
2020_10_10	    6120	     213	     125	       4
2020_10_11	    6246	     218	     126	       5
2020_10_12	    6472	     222	     226	       4
2020_10_13	    6698	     226	     226	       4
2020_10_14	    6924	     230	     226	       4
2020_10_15	    7150	     235	     226	       5
2020_10_16	    7376	     239	     226	       4
2020_10_17	    7602	     243	     226	       4
2020_10_18	    7829	     248	     227	       5
2020_10_19	    8088	     251	     259	       3
2020_10_20	    8347	     254	     259	       3
2020_10_21	    8606	     257	     259	       3
2020_10_22	    8866	     260	     260	       3
2020_10_23	    9125	     263	     259	       3
2020_10_24	    9384	     266	     259	       3
2020_10_25	    9644	     270	     260	       4
2020_10_26	    9809	     272	     165	       2
2020_10_27	    9975	     274	     166	       2
2020_10_28	   10141	     276	     166	       2
2020_10_29	   10307	     278	     166	       2
2020_10_30	   10473	     280	     166	       2
2020_10_31	   10639	     282	     166	       2
2020_11_01	   10805	     284	     166	       2
2020_11_02	   11023	     286	     218	       2
2020_11_03	   11242	     289	     219	       3
2020_11_04	   11460	     292	     218	       3
2020_11_05	   11679	     294	     219	       2
2020_11_06	   11897	     297	     218	       3
2020_11_07	   12116	     300	     219	       3
2020_11_08	   12335	     303	     219	       3
2020_11_09	   12483	     305	     148	       2
2020_11_10	   12631	     308	     148	       3
2020_11_11	   12780	     311	     149	       3
2020_11_12	   12928	     313	     148	       2
2020_11_13	   13077	     316	     149	       3
2020_11_14	   13225	     319	     148	       3
2020_11_15	   13374	     322	     149	       3
2020_11_16	   13522	     324	     148	       2
2020_11_17	   13670	     326	     148	       2
2020_11_18	   13819	     328	     149	       2
2020_11_19	   13967	     330	     148	       2
2020_11_20	   14116	     332	     149	       2
2020_11_21	   14264	     334	     148	       2
2020_11_22	   14413	     336	     149	       2
2020_11_23	   14509	     337	      96	       1
2020_11_24	   14605	     338	      96	       1
2020_11_25	   14701	     339	      96	       1
2020_11_26	   14798	     341	      97	       2
2020_11_27	   14894	     342	      96	       1
2020_11_28	   14990	     343	      96	       1
2020_11_29	   15087	     345	      97	       2
2020_11_30	   15151	     346	      64	       1
2020_12_01	   15215	     347	      64	       1
2020_12_02	   15279	     348	      64	       1
2020_12_03	   15343	     350	      64	       2
2020_12_04	   15407	     351	      64	       1
2020_12_05	   15471	     352	      64	       1
2020_12_06	   15536	     354	      65	       2
2020_12_07	   15625	     355	      89	       1
2020_12_08	   15714	     357	      89	       2
2020_12_09	   15803	     359	      89	       2
2020_12_10	   15893	     360	      90	       1
2020_12_11	   15982	     362	      89	       2
2020_12_12	   16071	     364	      89	       2
2020_12_13	   16161	     366	      90	       2
2020_12_14	   16227	     368	      66	       2
2020_12_15	   16293	     371	      66	       3
2020_12_16	   16360	     374	      67	       3
2020_12_17	   16426	     377	      66	       3
2020_12_18	   16493	     380	      67	       3
2020_12_19	   16559	     383	      66	       3
2020_12_20	   16626	     386	      67	       3
2020_12_21	   16700	     387	      74	       1
2020_12_22	   16775	     389	      75	       2
2020_12_23	   16850	     391	      75	       2
2020_12_24	   16924	     393	      74	       2
2020_12_25	   16999	     395	      75	       2
2020_12_26	   17074	     397	      75	       2
2020_12_27	   17149	     399	      75	       2
2020_12_28	   17214	     400	      65	       1
2020_12_29	   17280	     401	      66	       1
2020_12_30	   17345	     402	      65	       1
2020_12_31	   17411	     403	      66	       1
2021_01_01	   17476	     404	      65	       1
2021_01_02	   17542	     405	      66	       1
2021_01_03	   17608	     407	      66	       2
2021_01_04	   17686	     408	      78	       1
2021_01_05	   17764	     409	      78	       1
2021_01_06	   17842	     410	      78	       1
2021_01_07	   17921	     412	      79	       2
2021_01_08	   17999	     413	      78	       1
2021_01_09	   18077	     414	      78	       1
2021_01_10	   18156	     416	      79	       2
2021_01_11	   18243	     418	      87	       2
2021_01_12	   18330	     420	      87	       2
2021_01_13	   18417	     422	      87	       2
2021_01_14	   18504	     424	      87	       2
2021_01_15	   18591	     426	      87	       2
2021_01_16	   18678	     428	      87	       2
2021_01_17	   18765	     431	      87	       3
2021_01_18	   18851	     434	      86	       3
2021_01_19	   18937	     438	      86	       4
2021_01_20	   19023	     442	      86	       4
2021_01_21	   19109	     445	      86	       3
2021_01_22	   19195	     449	      86	       4
2021_01_23	   19281	     453	      86	       4
2021_01_24	   19367	     457	      86	       4
2021_01_25	   19426	     458	      59	       1
2021_01_26	   19485	     459	      59	       1
2021_01_27	   19544	     460	      59	       1
2021_01_28	   19604	     461	      60	       1
2021_01_29	   19663	     462	      59	       1
2021_01_30	   19722	     463	      59	       1
2021_01_31	   19782	     464	      60	       1
2021_02_01	   19822	     465	      40	       1
2021_02_02	   19862	     467	      40	       2
2021_02_03	   19902	     468	      40	       1
2021_02_04	   19942	     470	      40	       2
2021_02_05	   19982	     471	      40	       1
2021_02_06	   20022	     473	      40	       2
2021_02_07	   20062	     475	      40	       2
2021_02_08	   20100	     477	      38	       2
2021_02_09	   20138	     479	      38	       2
2021_02_10	   20176	     481	      38	       2
2021_02_11	   20214	     484	      38	       3
2021_02_12	   20252	     486	      38	       2
2021_02_13	   20290	     488	      38	       2
2021_02_14	   20329	     491	      39	       3
2021_02_15	   20353	     492	      24	       1
2021_02_16	   20377	     493	      24	       1
2021_02_17	   20401	     494	      24	       1
2021_02_18	   20426	     495	      25	       1
2021_02_19	   20450	     496	      24	       1
2021_02_20	   20474	     497	      24	       1
2021_02_21	   20499	     498	      25	       1
2021_02_22	   20539	     499	      40	       1
2021_02_23	   20579	     500	      40	       1
2021_02_24	   20620	     501	      41	       1
2021_02_25	   20660	     502	      40	       1
2021_02_26	   20701	     503	      41	       1
2021_02_27	   20741	     504	      40	       1
2021_02_28	   20782	     506	      41	       2
2021_03_01	   20821	     506	      39	       0
2021_03_02	   20860	     507	      39	       1
2021_03_03	   20899	     508	      39	       1
2021_03_04	   20938	     509	      39	       1
2021_03_05	   20977	     510	      39	       1
2021_03_06	   21016	     511	      39	       1
2021_03_07	   21055	     512	      39	       1
2021_03_08	   21093	     513	      38	       1
2021_03_09	   21131	     514	      38	       1
2021_03_10	   21169	     515	      38	       1
2021_03_11	   21208	     516	      39	       1
2021_03_12	   21246	     517	      38	       1
2021_03_13	   21284	     518	      38	       1
2021_03_14	   21323	     520	      39	       2
2021_03_15	   21376	     520	      53	       0
2021_03_16	   21429	     521	      53	       1
2021_03_17	   21482	     522	      53	       1
2021_03_18	   21536	     523	      54	       1
2021_03_19	   21589	     524	      53	       1
2021_03_20	   21642	     525	      53	       1
2021_03_21	   21696	     526	      54	       1
2021_03_22	   21743	     527	      47	       1
2021_03_23	   21791	     528	      48	       1
2021_03_24	   21839	     529	      48	       1
2021_03_25	   21887	     530	      48	       1
2021_03_26	   21935	     531	      48	       1
2021_03_27	   21983	     532	      48	       1
2021_03_28	   22031	     533	      48	       1
2021_03_29	   22109	     534	      78	       1
2021_03_30	   22187	     535	      78	       1
2021_03_31	   22265	     536	      78	       1
2021_04_01	   22344	     537	      79	       1
2021_04_02	   22422	     538	      78	       1
2021_04_03	   22500	     539	      78	       1
2021_04_04	   22579	     540	      79	       1
2021_04_05	   22686	     541	     107	       1
2021_04_06	   22793	     542	     107	       1
2021_04_07	   22901	     544	     108	       2
2021_04_08	   23008	     545	     107	       1
2021_04_09	   23116	     547	     108	       2
2021_04_10	   23223	     548	     107	       1
2021_04_11	   23331	     550	     108	       2
2021_04_12	   23469	     551	     138	       1
2021_04_13	   23607	     553	     138	       2
2021_04_14	   23746	     554	     139	       1
2021_04_15	   23884	     556	     138	       2
2021_04_16	   24023	     557	     139	       1
2021_04_17	   24161	     559	     138	       2
2021_04_18	   24300	     561	     139	       2
2021_04_19	   24470	     563	     170	       2
2021_04_20	   24640	     565	     170	       2
2021_04_21	   24810	     567	     170	       2
2021_04_22	   24981	     570	     171	       3
2021_04_23	   25151	     572	     170	       2
2021_04_24	   25321	     574	     170	       2
2021_04_25	   25492	     577	     171	       3
2021_04_26	   25681	     580	     189	       3
2021_04_27	   25870	     583	     189	       3
2021_04_28	   26059	     586	     189	       3
2021_04_29	   26248	     590	     189	       4
2021_04_30	   26437	     593	     189	       3
2021_05_01	   26626	     596	     189	       3
2021_05_02	   26815	     600	     189	       4
2021_05_03	   27052	     604	     237	       4
2021_05_04	   27289	     608	     237	       4
2021_05_05	   27527	     612	     238	       4
2021_05_06	   27764	     617	     237	       5
2021_05_07	   28002	     621	     238	       4
2021_05_08	   28239	     625	     237	       4
2021_05_09	   28477	     630	     238	       5
2021_05_10	   28745	     633	     268	       3
2021_05_11	   29013	     637	     268	       4
2021_05_12	   29281	     640	     268	       3
2021_05_13	   29549	     644	     268	       4
2021_05_14	   29817	     647	     268	       3
2021_05_15	   30085	     651	     268	       4
2021_05_16	   30354	     655	     269	       4
2021_05_17	   30610	     663	     256	       8
2021_05_18	   30866	     672	     256	       9
2021_05_19	   31123	     680	     257	       8
2021_05_20	   31379	     689	     256	       9
2021_05_21	   31636	     697	     257	       8
2021_05_22	   31892	     706	     256	       9
2021_05_23	   32149	     715	     257	       9
2021_05_24	   32439	     721	     290	       6
2021_05_25	   32729	     727	     290	       6
2021_05_26	   33019	     733	     290	       6
2021_05_27	   33309	     739	     290	       6
2021_05_28	   33599	     745	     290	       6
2021_05_29	   33889	     751	     290	       6
2021_05_30	   34180	     757	     291	       6
2021_05_31	   34382	     762	     202	       5
2021_06_01	   34584	     767	     202	       5
2021_06_02	   34786	     772	     202	       5
2021_06_03	   34988	     778	     202	       6
2021_06_04	   35190	     783	     202	       5
2021_06_05	   35392	     788	     202	       5
2021_06_06	   35594	     794	     202	       6
2021_06_07	   35737	     798	     143	       4
2021_06_08	   35881	     802	     144	       4
2021_06_09	   36025	     807	     144	       5
2021_06_10	   36168	     811	     143	       4
2021_06_11	   36312	     816	     144	       5
2021_06_12	   36456	     820	     144	       4
2021_06_13	   36600	     825	     144	       5
