#
# COVID-19 Country file (official WHO count)
# Country = Argentina
# Latitude = -37.0
# Population = 45510.399
# Territory = 2780400.0
# LEB = 76.7
# DPA = 340000
# DPA65 = 244800
# GDP = 11990.0
# GDP_PPP = 20427.0
# COVID-19 Mortality = 1859.5
# First_Case = 2020_03_04
# Last_Case = 2021_06_13
# First_Death = 2020_03_08
# Last_Death = 2021_06_13
# Status as of 2021_06_13 = Community transmission
# Vaccine type = Oxford/AstraZeneca, Sinopharm/Beijing, Sputnik V
# Vaccine start = 2020_12_29
#
Date	Conf_Cases	Conf_Deaths	Daily_Cases	Daily_Deaths
2020_03_04	       1	       0	       1	       0
2020_03_05	       1	       0	       0	       0
2020_03_06	       1	       0	       0	       0
2020_03_07	       2	       0	       1	       0
2020_03_08	       9	       1	       7	       1
2020_03_09	      12	       1	       3	       0
2020_03_10	      12	       1	       0	       0
2020_03_11	      17	       1	       5	       0
2020_03_12	      19	       1	       2	       0
2020_03_13	      31	       1	      12	       0
2020_03_14	      34	       2	       3	       1
2020_03_15	      45	       2	      11	       0
2020_03_16	      56	       2	      11	       0
2020_03_17	      65	       2	       9	       0
2020_03_18	      65	       2	       0	       0
2020_03_19	      79	       2	      14	       0
2020_03_20	      97	       2	      18	       0
2020_03_21	     128	       3	      31	       1
2020_03_22	     158	       3	      30	       0
2020_03_23	     225	       4	      67	       1
2020_03_24	     266	       4	      41	       0
2020_03_25	     301	       4	      35	       0
2020_03_26	     387	       6	      86	       2
2020_03_27	     502	       8	     115	       2
2020_03_28	     589	      12	      87	       4
2020_03_29	     690	      17	     101	       5
2020_03_30	     745	      19	      55	       2
2020_03_31	     820	      20	      75	       1
2020_04_01	     966	      24	     146	       4
2020_04_02	    1054	      27	      88	       3
2020_04_03	    1133	      31	      79	       4
2020_04_04	    1265	      37	     132	       6
2020_04_05	    1353	      42	      88	       5
2020_04_06	    1451	      44	      98	       2
2020_04_07	    1554	      46	     103	       2
2020_04_08	    1628	      53	      74	       7
2020_04_09	    1715	      60	      87	       7
2020_04_10	    1795	      67	      80	       7
2020_04_11	    1929	      79	     134	      12
2020_04_12	    1975	      82	      46	       3
2020_04_13	    1975	      82	       0	       0
2020_04_14	    2252	      95	     277	      13
2020_04_15	    2336	     101	      84	       6
2020_04_16	    2477	     108	     141	       7
2020_04_17	    2598	     115	     121	       7
2020_04_18	    2694	     122	      96	       7
2020_04_19	    2784	     129	      90	       7
2020_04_20	    2839	     132	      55	       3
2020_04_21	    2960	     136	     121	       4
2020_04_22	    3073	     145	     113	       9
2020_04_23	    3197	     152	     124	       7
2020_04_24	    3340	     159	     143	       7
2020_04_25	    3479	     167	     139	       8
2020_04_26	    3701	     179	     222	      12
2020_04_27	    3838	     179	     137	       0
2020_04_28	    3892	     192	      54	      13
2020_04_29	    4019	     197	     127	       5
2020_04_30	    4201	     207	     182	      10
2020_05_01	    4304	     215	     103	       8
2020_05_02	    4476	     220	     172	       5
2020_05_03	    4532	     229	      56	       9
2020_05_04	    4681	     241	     149	      12
2020_05_05	    4799	     250	     118	       9
2020_05_06	    4922	     262	     123	      12
2020_05_07	    5076	     264	     154	       2
2020_05_08	    5305	     275	     229	      11
2020_05_09	    5530	     289	     225	      14
2020_05_10	    5680	     297	     150	       8
2020_05_11	    5924	     300	     244	       3
2020_05_12	    6034	     305	     110	       5
2020_05_13	    6278	     317	     244	      12
2020_05_14	    6563	     321	     285	       4
2020_05_15	    6973	     345	     410	      24
2020_05_16	    7134	     353	     161	       8
2020_05_17	    7479	     363	     345	      10
2020_05_18	    7805	     366	     326	       3
2020_05_19	    8068	     373	     263	       7
2020_05_20	    8371	     382	     303	       9
2020_05_21	    8809	     393	     438	      11
2020_05_22	    9283	     403	     474	      10
2020_05_23	    9931	     419	     648	      16
2020_05_24	   10649	     439	     718	      20
2020_05_25	   11353	     445	     704	       6
2020_05_26	   12076	     452	     723	       7
2020_05_27	   12628	     471	     552	      19
2020_05_28	   13228	     492	     600	      21
2020_05_29	   13933	     501	     705	       9
2020_05_30	   14702	     510	     769	       9
2020_05_31	   14702	     510	       0	       0
2020_06_01	   16214	     530	    1512	      20
2020_06_02	   16851	     541	     637	      11
2020_06_03	   17415	     560	     564	      19
2020_06_04	   18319	     570	     904	      10
2020_06_05	   19268	     588	     949	      18
2020_06_06	   20197	     615	     929	      27
2020_06_07	   21037	     642	     840	      27
2020_06_08	   22020	     656	     983	      14
2020_06_09	   22794	     670	     774	      14
2020_06_10	   23620	     698	     826	      28
2020_06_11	   24761	     717	    1141	      19
2020_06_12	   25987	     741	    1226	      24
2020_06_13	   27373	     772	    1386	      31
2020_06_14	   28764	     802	    1391	      30
2020_06_15	   30295	     819	    1531	      17
2020_06_16	   31577	     842	    1282	      23
2020_06_17	   32785	     862	    1208	      20
2020_06_18	   34159	     886	    1374	      24
2020_06_19	   35552	     929	    1393	      43
2020_06_20	   37510	     954	    1958	      25
2020_06_21	   39570	     979	    2060	      25
2020_06_22	   41204	     992	    1634	      13
2020_06_23	   42785	    1016	    1581	      24
2020_06_24	   44931	    1049	    2146	      33
2020_06_25	   47216	    1085	    2285	      36
2020_06_26	   49851	    1124	    2635	      39
2020_06_27	   52457	    1167	    2606	      43
2020_06_28	   55343	    1192	    2886	      25
2020_06_29	   57744	    1217	    2401	      25
2020_06_30	   59933	    1245	    2189	      28
2020_07_01	   62268	    1283	    2335	      38
2020_07_02	   64530	    1310	    2262	      27
2020_07_03	   67197	    1363	    2667	      53
2020_07_04	   69941	    1403	    2744	      40
2020_07_05	   72786	    1453	    2845	      50
2020_07_06	   75376	    1490	    2590	      37
2020_07_07	   77815	    1523	    2439	      33
2020_07_08	   80447	    1602	    2632	      79
2020_07_09	   83426	    1654	    2979	      52
2020_07_10	   87030	    1707	    3604	      53
2020_07_11	   90693	    1749	    3663	      42
2020_07_12	   94060	    1787	    3367	      38
2020_07_13	   97509	    1818	    3449	      31
2020_07_14	  100166	    1859	    2657	      41
2020_07_15	  103265	    1926	    3099	      67
2020_07_16	  106910	    1987	    3645	      61
2020_07_17	  111160	    2072	    4250	      85
2020_07_18	  114783	    2133	    3623	      61
2020_07_19	  119301	    2204	    4518	      71
2020_07_20	  122524	    2246	    3223	      42
2020_07_21	  126755	    2281	    4231	      35
2020_07_22	  130774	    2426	    4019	     145
2020_07_23	  136118	    2506	    5344	      80
2020_07_24	  141900	    2617	    5782	     111
2020_07_25	  148027	    2722	    6127	     105
2020_07_26	  148027	    2722	       0	       0
2020_07_27	  158321	    2913	   10294	     191
2020_07_28	  162526	    2956	    4205	      43
2020_07_29	  167416	    3082	    4890	     126
2020_07_30	  173355	    3200	    5939	     118
2020_07_31	  178996	    3311	    5641	     111
2020_08_01	  185373	    3466	    6377	     155
2020_08_02	  191302	    3543	    5929	      77
2020_08_03	  196543	    3612	    5241	      69
2020_08_04	  201919	    3667	    5376	      55
2020_08_05	  206743	    3863	    4824	     196
2020_08_06	  213535	    4009	    6792	     146
2020_08_07	  220682	    4135	    7147	     126
2020_08_08	  228195	    4291	    7513	     156
2020_08_09	  235677	    4450	    7482	     159
2020_08_10	  241811	    4556	    6134	     106
2020_08_11	  246499	    4634	    4688	      78
2020_08_12	  253868	    4785	    7369	     151
2020_08_13	  260911	    5088	    7043	     303
2020_08_14	  268574	    5246	    7663	     158
2020_08_15	  276072	    5428	    7498	     182
2020_08_16	  282437	    5565	    6365	     137
2020_08_17	  289095	    5740	    6658	     175
2020_08_18	  295753	    5916	    6658	     176
2020_08_19	  302411	    6092	    6658	     176
2020_08_20	  309069	    6267	    6658	     175
2020_08_21	  315727	    6443	    6658	     176
2020_08_22	  322385	    6619	    6658	     176
2020_08_23	  329043	    6795	    6658	     176
2020_08_24	  338038	    7010	    8995	     215
2020_08_25	  347033	    7226	    8995	     216
2020_08_26	  356028	    7442	    8995	     216
2020_08_27	  365023	    7657	    8995	     215
2020_08_28	  374018	    7873	    8995	     216
2020_08_29	  383013	    8089	    8995	     216
2020_08_30	  392009	    8305	    8996	     216
2020_08_31	  401990	    8502	    9981	     197
2020_09_01	  411972	    8699	    9982	     197
2020_09_02	  421954	    8896	    9982	     197
2020_09_03	  431936	    9093	    9982	     197
2020_09_04	  441918	    9290	    9982	     197
2020_09_05	  451900	    9487	    9982	     197
2020_09_06	  461882	    9685	    9982	     198
2020_09_07	  472428	    9902	   10546	     217
2020_09_08	  482974	   10119	   10546	     217
2020_09_09	  493520	   10336	   10546	     217
2020_09_10	  504066	   10554	   10546	     218
2020_09_11	  514612	   10771	   10546	     217
2020_09_12	  525158	   10988	   10546	     217
2020_09_13	  535705	   11206	   10547	     218
2020_09_14	  546841	   11420	   11136	     214
2020_09_15	  557977	   11634	   11136	     214
2020_09_16	  569113	   11848	   11136	     214
2020_09_17	  580249	   12062	   11136	     214
2020_09_18	  591385	   12276	   11136	     214
2020_09_19	  602521	   12490	   11136	     214
2020_09_20	  613658	   12705	   11137	     215
2020_09_21	  624740	   13062	   11082	     357
2020_09_22	  635822	   13420	   11082	     358
2020_09_23	  646905	   13777	   11083	     357
2020_09_24	  657987	   14135	   11082	     358
2020_09_25	  669070	   14492	   11083	     357
2020_09_26	  680152	   14850	   11082	     358
2020_09_27	  691235	   15208	   11083	     358
2020_09_28	  703871	   15978	   12636	     770
2020_09_29	  716507	   16748	   12636	     770
2020_09_30	  729143	   17518	   12636	     770
2020_10_01	  741780	   18288	   12637	     770
2020_10_02	  754416	   19058	   12636	     770
2020_10_03	  767052	   19828	   12636	     770
2020_10_04	  779689	   20599	   12637	     771
2020_10_05	  792800	   20974	   13111	     375
2020_10_06	  805911	   21349	   13111	     375
2020_10_07	  819022	   21724	   13111	     375
2020_10_08	  832134	   22099	   13112	     375
2020_10_09	  845245	   22474	   13111	     375
2020_10_10	  858356	   22849	   13111	     375
2020_10_11	  871468	   23225	   13112	     376
2020_10_12	  888355	   23659	   16887	     434
2020_10_13	  905242	   24094	   16887	     435
2020_10_14	  922130	   24528	   16888	     434
2020_10_15	  939017	   24963	   16887	     435
2020_10_16	  955905	   25397	   16888	     434
2020_10_17	  972792	   25832	   16887	     435
2020_10_18	  989680	   26267	   16888	     435
2020_10_19	 1004095	   26642	   14415	     375
2020_10_20	 1018511	   27018	   14416	     376
2020_10_21	 1032926	   27393	   14415	     375
2020_10_22	 1047342	   27769	   14416	     376
2020_10_23	 1061757	   28144	   14415	     375
2020_10_24	 1076173	   28520	   14416	     376
2020_10_25	 1090589	   28896	   14416	     376
2020_10_26	 1100101	   29166	    9512	     270
2020_10_27	 1109614	   29437	    9513	     271
2020_10_28	 1119127	   29708	    9513	     271
2020_10_29	 1128640	   29979	    9513	     271
2020_10_30	 1138153	   30250	    9513	     271
2020_10_31	 1147666	   30521	    9513	     271
2020_11_01	 1157179	   30792	    9513	     271
2020_11_02	 1167412	   31126	   10233	     334
2020_11_03	 1177646	   31461	   10234	     335
2020_11_04	 1187879	   31796	   10233	     335
2020_11_05	 1198113	   32131	   10234	     335
2020_11_06	 1208346	   32466	   10233	     335
2020_11_07	 1218580	   32801	   10234	     335
2020_11_08	 1228814	   33136	   10234	     335
2020_11_09	 1238466	   33408	    9652	     272
2020_11_10	 1248118	   33681	    9652	     273
2020_11_11	 1257770	   33954	    9652	     273
2020_11_12	 1267422	   34226	    9652	     272
2020_11_13	 1277074	   34499	    9652	     273
2020_11_14	 1286726	   34772	    9652	     273
2020_11_15	 1296378	   35045	    9652	     273
2020_11_16	 1305330	   35294	    8952	     249
2020_11_17	 1314282	   35543	    8952	     249
2020_11_18	 1323234	   35792	    8952	     249
2020_11_19	 1332186	   36042	    8952	     250
2020_11_20	 1341138	   36291	    8952	     249
2020_11_21	 1350090	   36540	    8952	     249
2020_11_22	 1359042	   36790	    8952	     250
2020_11_23	 1365932	   36993	    6890	     203
2020_11_24	 1372823	   37197	    6891	     204
2020_11_25	 1379714	   37401	    6891	     204
2020_11_26	 1386604	   37604	    6890	     203
2020_11_27	 1393495	   37808	    6891	     204
2020_11_28	 1400386	   38012	    6891	     204
2020_11_29	 1407277	   38216	    6891	     204
2020_11_30	 1414041	   38401	    6764	     185
2020_12_01	 1420806	   38586	    6765	     185
2020_12_02	 1427571	   38771	    6765	     185
2020_12_03	 1434336	   38956	    6765	     185
2020_12_04	 1441101	   39141	    6765	     185
2020_12_05	 1447866	   39326	    6765	     185
2020_12_06	 1454631	   39512	    6765	     186
2020_12_07	 1459587	   39668	    4956	     156
2020_12_08	 1464544	   39824	    4957	     156
2020_12_09	 1469501	   39980	    4957	     156
2020_12_10	 1474457	   40137	    4956	     157
2020_12_11	 1479414	   40293	    4957	     156
2020_12_12	 1484371	   40449	    4957	     156
2020_12_13	 1489328	   40606	    4957	     157
2020_12_14	 1495334	   40758	    6006	     152
2020_12_15	 1501341	   40910	    6007	     152
2020_12_16	 1507347	   41062	    6006	     152
2020_12_17	 1513354	   41215	    6007	     153
2020_12_18	 1519360	   41367	    6006	     152
2020_12_19	 1525367	   41519	    6007	     152
2020_12_20	 1531374	   41672	    6007	     153
2020_12_21	 1537542	   41779	    6168	     107
2020_12_22	 1543711	   41886	    6169	     107
2020_12_23	 1549879	   41993	    6168	     107
2020_12_24	 1556048	   42100	    6169	     107
2020_12_25	 1562216	   42207	    6168	     107
2020_12_26	 1568385	   42314	    6169	     107
2020_12_27	 1574554	   42422	    6169	     108
2020_12_28	 1582416	   42550	    7862	     128
2020_12_29	 1590279	   42678	    7863	     128
2020_12_30	 1598142	   42806	    7863	     128
2020_12_31	 1606005	   42934	    7863	     128
2021_01_01	 1613868	   43062	    7863	     128
2021_01_02	 1621731	   43190	    7863	     128
2021_01_03	 1629594	   43319	    7863	     129
2021_01_04	 1640130	   43455	   10536	     136
2021_01_05	 1650667	   43591	   10537	     136
2021_01_06	 1661204	   43727	   10537	     136
2021_01_07	 1671741	   43864	   10537	     137
2021_01_08	 1682278	   44000	   10537	     136
2021_01_09	 1692815	   44136	   10537	     136
2021_01_10	 1703352	   44273	   10537	     137
2021_01_11	 1714737	   44409	   11385	     136
2021_01_12	 1726122	   44545	   11385	     136
2021_01_13	 1737507	   44681	   11385	     136
2021_01_14	 1748892	   44818	   11385	     137
2021_01_15	 1760277	   44954	   11385	     136
2021_01_16	 1771662	   45090	   11385	     136
2021_01_17	 1783047	   45227	   11385	     137
2021_01_18	 1793158	   45419	   10111	     192
2021_01_19	 1803270	   45612	   10112	     193
2021_01_20	 1813382	   45804	   10112	     192
2021_01_21	 1823494	   45997	   10112	     193
2021_01_22	 1833606	   46189	   10112	     192
2021_01_23	 1843718	   46382	   10112	     193
2021_01_24	 1853830	   46575	   10112	     193
2021_01_25	 1862620	   46746	    8790	     171
2021_01_26	 1871410	   46917	    8790	     171
2021_01_27	 1880200	   47089	    8790	     172
2021_01_28	 1888991	   47260	    8791	     171
2021_01_29	 1897781	   47432	    8790	     172
2021_01_30	 1906571	   47603	    8790	     171
2021_01_31	 1915362	   47775	    8791	     172
2021_02_01	 1923168	   47947	    7806	     172
2021_02_02	 1930975	   48120	    7807	     173
2021_02_03	 1938782	   48293	    7807	     173
2021_02_04	 1946588	   48466	    7806	     173
2021_02_05	 1954395	   48639	    7807	     173
2021_02_06	 1962202	   48812	    7807	     173
2021_02_07	 1970009	   48985	    7807	     173
2021_02_08	 1977372	   49156	    7363	     171
2021_02_09	 1984735	   49328	    7363	     172
2021_02_10	 1992099	   49500	    7364	     172
2021_02_11	 1999462	   49672	    7363	     172
2021_02_12	 2006826	   49844	    7364	     172
2021_02_13	 2014189	   50016	    7363	     172
2021_02_14	 2021553	   50188	    7364	     172
2021_02_15	 2026285	   50304	    4732	     116
2021_02_16	 2031018	   50420	    4733	     116
2021_02_17	 2035750	   50536	    4732	     116
2021_02_18	 2040483	   50652	    4733	     116
2021_02_19	 2045215	   50768	    4732	     116
2021_02_20	 2049948	   50884	    4733	     116
2021_02_21	 2054681	   51000	    4733	     116
2021_02_22	 2061754	   51135	    7073	     135
2021_02_23	 2068828	   51270	    7074	     135
2021_02_24	 2075902	   51405	    7074	     135
2021_02_25	 2082975	   51540	    7073	     135
2021_02_26	 2090049	   51675	    7074	     135
2021_02_27	 2097123	   51810	    7074	     135
2021_02_28	 2104197	   51946	    7074	     136
2021_03_01	 2110270	   52078	    6073	     132
2021_03_02	 2116344	   52210	    6074	     132
2021_03_03	 2122418	   52342	    6074	     132
2021_03_04	 2128492	   52474	    6074	     132
2021_03_05	 2134566	   52606	    6074	     132
2021_03_06	 2140640	   52738	    6074	     132
2021_03_07	 2146714	   52870	    6074	     132
2021_03_08	 2153187	   52980	    6473	     110
2021_03_09	 2159660	   53091	    6473	     111
2021_03_10	 2166133	   53202	    6473	     111
2021_03_11	 2172606	   53313	    6473	     111
2021_03_12	 2179079	   53424	    6473	     111
2021_03_13	 2185552	   53535	    6473	     111
2021_03_14	 2192025	   53646	    6473	     111
2021_03_15	 2198151	   53764	    6126	     118
2021_03_16	 2204278	   53883	    6127	     119
2021_03_17	 2210405	   54001	    6127	     118
2021_03_18	 2216532	   54120	    6127	     119
2021_03_19	 2222659	   54238	    6127	     118
2021_03_20	 2228786	   54357	    6127	     119
2021_03_21	 2234913	   54476	    6127	     119
2021_03_22	 2242932	   54584	    8019	     108
2021_03_23	 2250952	   54692	    8020	     108
2021_03_24	 2258972	   54801	    8020	     109
2021_03_25	 2266991	   54909	    8019	     108
2021_03_26	 2275011	   55018	    8020	     109
2021_03_27	 2283031	   55126	    8020	     108
2021_03_28	 2291051	   55235	    8020	     109
2021_03_29	 2302779	   55347	   11728	     112
2021_03_30	 2314508	   55460	   11729	     113
2021_03_31	 2326237	   55572	   11729	     112
2021_04_01	 2337966	   55685	   11729	     113
2021_04_02	 2349695	   55797	   11729	     112
2021_04_03	 2361424	   55910	   11729	     113
2021_04_04	 2373153	   56023	   11729	     113
2021_04_05	 2390971	   56212	   17818	     189
2021_04_06	 2408789	   56402	   17818	     190
2021_04_07	 2426607	   56591	   17818	     189
2021_04_08	 2444426	   56781	   17819	     190
2021_04_09	 2462244	   56970	   17818	     189
2021_04_10	 2480062	   57160	   17818	     190
2021_04_11	 2497881	   57350	   17819	     190
2021_04_12	 2520844	   57597	   22963	     247
2021_04_13	 2543808	   57845	   22964	     248
2021_04_14	 2566772	   58093	   22964	     248
2021_04_15	 2589736	   58340	   22964	     247
2021_04_16	 2612700	   58588	   22964	     248
2021_04_17	 2635664	   58836	   22964	     248
2021_04_18	 2658628	   59084	   22964	     248
2021_04_19	 2682345	   59382	   23717	     298
2021_04_20	 2706063	   59681	   23718	     299
2021_04_21	 2729781	   59980	   23718	     299
2021_04_22	 2753498	   60279	   23717	     299
2021_04_23	 2777216	   60578	   23718	     299
2021_04_24	 2800934	   60877	   23718	     299
2021_04_25	 2824652	   61176	   23718	     299
2021_04_26	 2846467	   61560	   21815	     384
2021_04_27	 2868283	   61944	   21816	     384
2021_04_28	 2890099	   62328	   21816	     384
2021_04_29	 2911915	   62712	   21816	     384
2021_04_30	 2933731	   63096	   21816	     384
2021_05_01	 2955547	   63480	   21816	     384
2021_05_02	 2977363	   63865	   21816	     385
2021_05_03	 2997473	   64294	   20110	     429
2021_05_04	 3017583	   64724	   20110	     430
2021_05_05	 3037693	   65153	   20110	     429
2021_05_06	 3057803	   65583	   20110	     430
2021_05_07	 3077913	   66012	   20110	     429
2021_05_08	 3098023	   66442	   20110	     430
2021_05_09	 3118134	   66872	   20111	     430
2021_05_10	 3139752	   67297	   21618	     425
2021_05_11	 3161371	   67723	   21619	     426
2021_05_12	 3182990	   68149	   21619	     426
2021_05_13	 3204609	   68575	   21619	     426
2021_05_14	 3226228	   69001	   21619	     426
2021_05_15	 3247847	   69427	   21619	     426
2021_05_16	 3269466	   69853	   21619	     426
2021_05_17	 3299901	   70358	   30435	     505
2021_05_18	 3330336	   70863	   30435	     505
2021_05_19	 3360771	   71369	   30435	     506
2021_05_20	 3391206	   71874	   30435	     505
2021_05_21	 3421641	   72380	   30435	     506
2021_05_22	 3452076	   72885	   30435	     505
2021_05_23	 3482512	   73391	   30436	     506
2021_05_24	 3513927	   73862	   31415	     471
2021_05_25	 3545343	   74334	   31416	     472
2021_05_26	 3576759	   74806	   31416	     472
2021_05_27	 3608174	   75277	   31415	     471
2021_05_28	 3639590	   75749	   31416	     472
2021_05_29	 3671006	   76221	   31416	     472
2021_05_30	 3702422	   76693	   31416	     472
2021_05_31	 3732847	   77224	   30425	     531
2021_06_01	 3763272	   77755	   30425	     531
2021_06_02	 3793697	   78286	   30425	     531
2021_06_03	 3824122	   78817	   30425	     531
2021_06_04	 3854547	   79348	   30425	     531
2021_06_05	 3884972	   79879	   30425	     531
2021_06_06	 3915397	   80411	   30425	     532
2021_06_07	 3940781	   81013	   25384	     602
2021_06_08	 3966166	   81615	   25385	     602
2021_06_09	 3991551	   82218	   25385	     603
2021_06_10	 4016935	   82820	   25384	     602
2021_06_11	 4042320	   83423	   25385	     603
2021_06_12	 4067705	   84025	   25385	     602
2021_06_13	 4093090	   84628	   25385	     603
