#
# COVID-19 Country file (official WHO count)
# Country = Armenia
# Latitude = 40.0
# Population = 2938.679
# Territory = 29743.0
# LEB = 75.1
# DPA = 29000
# DPA65 = 21170
# GDP = 4225.0
# GDP_PPP = 10430.0
# COVID-19 Mortality = 1525.9
# First_Case = 2020_03_02
# Last_Case = 2021_06_13
# First_Death = 2020_03_27
# Last_Death = 2021_06_13
# Status as of 2021_06_13 = Community transmission
# Vaccine type = Oxford/AstraZeneca
# Vaccine start = 2021_03_28
#
Date	Conf_Cases	Conf_Deaths	Daily_Cases	Daily_Deaths
2020_03_02	       1	       0	       1	       0
2020_03_03	       1	       0	       0	       0
2020_03_04	       1	       0	       0	       0
2020_03_05	       1	       0	       0	       0
2020_03_06	       1	       0	       0	       0
2020_03_07	       1	       0	       0	       0
2020_03_08	       1	       0	       0	       0
2020_03_09	       1	       0	       0	       0
2020_03_10	       1	       0	       0	       0
2020_03_11	       1	       0	       0	       0
2020_03_12	       1	       0	       0	       0
2020_03_13	       1	       0	       0	       0
2020_03_14	       8	       0	       7	       0
2020_03_15	       8	       0	       0	       0
2020_03_16	      26	       0	      18	       0
2020_03_17	      52	       0	      26	       0
2020_03_18	      52	       0	       0	       0
2020_03_19	      84	       0	      32	       0
2020_03_20	     122	       0	      38	       0
2020_03_21	     136	       0	      14	       0
2020_03_22	     160	       0	      24	       0
2020_03_23	     190	       0	      30	       0
2020_03_24	     235	       0	      45	       0
2020_03_25	     265	       0	      30	       0
2020_03_26	     290	       0	      25	       0
2020_03_27	     329	       1	      39	       1
2020_03_28	     372	       1	      43	       0
2020_03_29	     424	       3	      52	       2
2020_03_30	     482	       3	      58	       0
2020_03_31	     482	       3	       0	       0
2020_04_01	     532	       3	      50	       0
2020_04_02	     571	       3	      39	       0
2020_04_03	     640	       4	      69	       1
2020_04_04	     736	       7	      96	       3
2020_04_05	     746	       7	      10	       0
2020_04_06	     746	       7	       0	       0
2020_04_07	     833	       8	      87	       1
2020_04_08	     877	       8	      44	       0
2020_04_09	     921	      10	      44	       2
2020_04_10	     937	      11	      16	       1
2020_04_11	     937	      11	       0	       0
2020_04_12	    1013	      13	      76	       2
2020_04_13	    1039	      14	      26	       1
2020_04_14	    1039	      14	       0	       0
2020_04_15	    1067	      16	      28	       2
2020_04_16	    1135	      18	      68	       2
2020_04_17	    1159	      18	      24	       0
2020_04_18	    1201	      19	      42	       1
2020_04_19	    1248	      20	      47	       1
2020_04_20	    1291	      20	      43	       0
2020_04_21	    1339	      22	      48	       2
2020_04_22	    1377	      24	      38	       2
2020_04_23	    1473	      24	      96	       0
2020_04_24	    1523	      24	      50	       0
2020_04_25	    1596	      27	      73	       3
2020_04_26	    1746	      28	     150	       1
2020_04_27	    1808	      29	      62	       1
2020_04_28	    1867	      30	      59	       1
2020_04_29	    1932	      30	      65	       0
2020_04_30	    2066	      32	     134	       2
2020_05_01	    2148	      33	      82	       1
2020_05_02	    2273	      33	     125	       0
2020_05_03	    2386	      35	     113	       2
2020_05_04	    2507	      39	     121	       4
2020_05_05	    2619	      40	     112	       1
2020_05_06	    2782	      40	     163	       0
2020_05_07	    2884	      42	     102	       2
2020_05_08	    3029	      43	     145	       1
2020_05_09	    3175	      44	     146	       1
2020_05_10	    3313	      45	     138	       1
2020_05_11	    3392	      45	      79	       0
2020_05_12	    3538	      47	     146	       2
2020_05_13	    3718	      48	     180	       1
2020_05_14	    3836	      49	     118	       1
2020_05_15	    4044	      52	     208	       3
2020_05_16	    4283	      55	     239	       3
2020_05_17	    4472	      60	     189	       5
2020_05_18	    4823	      61	     351	       1
2020_05_19	    5041	      64	     218	       3
2020_05_20	    5271	      67	     230	       3
2020_05_21	    5606	      70	     335	       3
2020_05_22	    5928	      74	     322	       4
2020_05_23	    6302	      77	     374	       3
2020_05_24	    6661	      81	     359	       4
2020_05_25	    7113	      87	     452	       6
2020_05_26	    7402	      91	     289	       4
2020_05_27	    7774	      98	     372	       7
2020_05_28	    8216	     113	     442	      15
2020_05_29	    8676	     120	     460	       7
2020_05_30	    8927	     127	     251	       7
2020_05_31	    9282	     131	     355	       4
2020_06_01	    9492	     139	     210	       8
2020_06_02	   10009	     158	     517	      19
2020_06_03	   10524	     170	     515	      12
2020_06_04	   11221	     176	     697	       6
2020_06_05	   11817	     183	     596	       7
2020_06_06	   12364	     190	     547	       7
2020_06_07	   13130	     200	     766	      10
2020_06_08	   13325	     211	     195	      11
2020_06_09	   13675	     217	     350	       6
2020_06_10	   14103	     227	     428	      10
2020_06_11	   14669	     245	     566	      18
2020_06_12	   15281	     258	     612	      13
2020_06_13	   16004	     264	     723	       6
2020_06_14	   16667	     269	     663	       5
2020_06_15	   17064	     285	     397	      16
2020_06_16	   17489	     293	     425	       8
2020_06_17	   18033	     302	     544	       9
2020_06_18	   18698	     309	     665	       7
2020_06_19	   19157	     319	     459	      10
2020_06_20	   19708	     332	     551	      13
2020_06_21	   20268	     350	     560	      18
2020_06_22	   20588	     360	     320	      10
2020_06_23	   21006	     372	     418	      12
2020_06_24	   21717	     386	     711	      14
2020_06_25	   22488	     397	     771	      11
2020_06_26	   23247	     410	     759	      13
2020_06_27	   23909	     420	     662	      10
2020_06_28	   24645	     426	     736	       6
2020_06_29	   25127	     433	     482	       7
2020_06_30	   25542	     443	     415	      10
2020_07_01	   26065	     453	     523	      10
2020_07_02	   26658	     459	     593	       6
2020_07_03	   27320	     469	     662	      10
2020_07_04	   27900	     477	     580	       8
2020_07_05	   28606	     484	     706	       7
2020_07_06	   28936	     491	     330	       7
2020_07_07	   29285	     503	     349	      12
2020_07_08	   29820	     521	     535	      18
2020_07_09	   30346	     535	     526	      14
2020_07_10	   30903	     546	     557	      11
2020_07_11	   31392	     559	     489	      13
2020_07_12	   31969	     565	     577	       6
2020_07_13	   32151	     573	     182	       8
2020_07_14	   32490	     581	     339	       8
2020_07_15	   33005	     592	     515	      11
2020_07_16	   33559	     607	     554	      15
2020_07_17	   34001	     620	     442	      13
2020_07_18	   34462	     631	     461	      11
2020_07_19	   34877	     641	     415	      10
2020_07_20	   34981	     650	     104	       9
2020_07_21	   35254	     662	     273	      12
2020_07_22	   35693	     678	     439	      16
2020_07_23	   36162	     688	     469	      10
2020_07_24	   36613	     692	     451	       4
2020_07_25	   36996	     700	     383	       8
2020_07_26	   36996	     700	       0	       0
2020_07_27	   37390	     711	     394	      11
2020_07_28	   37629	     719	     239	       8
2020_07_29	   37937	     723	     308	       4
2020_07_30	   38196	     728	     259	       5
2020_07_31	   38550	     738	     354	      10
2020_08_01	   38841	     749	     291	      11
2020_08_02	   39050	     754	     209	       5
2020_08_03	   39102	     762	      52	       8
2020_08_04	   39298	     762	     196	       0
2020_08_05	   39586	     770	     288	       8
2020_08_06	   39819	     772	     233	       2
2020_08_07	   39885	     777	      66	       5
2020_08_08	   40185	     785	     300	       8
2020_08_09	   40410	     791	     225	       6
2020_08_10	   40433	     796	      23	       5
2020_08_11	   40593	     803	     160	       7
2020_08_12	   40794	     806	     201	       3
2020_08_13	   41023	     809	     229	       3
2020_08_14	   41299	     814	     276	       5
2020_08_15	   41495	     817	     196	       3
2020_08_16	   41663	     818	     168	       1
2020_08_17	   41824	     822	     161	       4
2020_08_18	   41985	     827	     161	       5
2020_08_19	   42146	     832	     161	       5
2020_08_20	   42308	     837	     162	       5
2020_08_21	   42469	     842	     161	       5
2020_08_22	   42630	     847	     161	       5
2020_08_23	   42792	     852	     162	       5
2020_08_24	   42928	     855	     136	       3
2020_08_25	   43065	     859	     137	       4
2020_08_26	   43202	     862	     137	       3
2020_08_27	   43339	     866	     137	       4
2020_08_28	   43476	     869	     137	       3
2020_08_29	   43613	     873	     137	       4
2020_08_30	   43750	     877	     137	       4
2020_08_31	   43897	     879	     147	       2
2020_09_01	   44045	     882	     148	       3
2020_09_02	   44192	     885	     147	       3
2020_09_03	   44340	     888	     148	       3
2020_09_04	   44487	     891	     147	       3
2020_09_05	   44635	     894	     148	       3
2020_09_06	   44783	     897	     148	       3
2020_09_07	   44937	     899	     154	       2
2020_09_08	   45091	     902	     154	       3
2020_09_09	   45245	     905	     154	       3
2020_09_10	   45399	     907	     154	       2
2020_09_11	   45553	     910	     154	       3
2020_09_12	   45707	     913	     154	       3
2020_09_13	   45862	     916	     155	       3
2020_09_14	   46086	     918	     224	       2
2020_09_15	   46310	     920	     224	       2
2020_09_16	   46534	     922	     224	       2
2020_09_17	   46758	     924	     224	       2
2020_09_18	   46982	     926	     224	       2
2020_09_19	   47206	     928	     224	       2
2020_09_20	   47431	     930	     225	       2
2020_09_21	   47712	     933	     281	       3
2020_09_22	   47993	     936	     281	       3
2020_09_23	   48274	     939	     281	       3
2020_09_24	   48556	     942	     282	       3
2020_09_25	   48837	     945	     281	       3
2020_09_26	   49118	     948	     281	       3
2020_09_27	   49400	     951	     282	       3
2020_09_28	   49842	     954	     442	       3
2020_09_29	   50284	     958	     442	       4
2020_09_30	   50726	     962	     442	       4
2020_10_01	   51169	     965	     443	       3
2020_10_02	   51611	     969	     442	       4
2020_10_03	   52053	     973	     442	       4
2020_10_04	   52496	     977	     443	       4
2020_10_05	   53061	     983	     565	       6
2020_10_06	   53626	     989	     565	       6
2020_10_07	   54191	     995	     565	       6
2020_10_08	   54756	    1001	     565	       6
2020_10_09	   55321	    1007	     565	       6
2020_10_10	   55886	    1013	     565	       6
2020_10_11	   56451	    1020	     565	       7
2020_10_12	   57738	    1030	    1287	      10
2020_10_13	   59025	    1040	    1287	      10
2020_10_14	   60312	    1050	    1287	      10
2020_10_15	   61599	    1060	    1287	      10
2020_10_16	   62886	    1070	    1287	      10
2020_10_17	   64173	    1080	    1287	      10
2020_10_18	   65460	    1091	    1287	      11
2020_10_19	   67595	    1109	    2135	      18
2020_10_20	   69731	    1128	    2136	      19
2020_10_21	   71867	    1147	    2136	      19
2020_10_22	   74002	    1165	    2135	      18
2020_10_23	   76138	    1184	    2136	      19
2020_10_24	   78274	    1203	    2136	      19
2020_10_25	   80410	    1222	    2136	      19
2020_10_26	   82102	    1242	    1692	      20
2020_10_27	   83794	    1262	    1692	      20
2020_10_28	   85486	    1282	    1692	      20
2020_10_29	   87178	    1302	    1692	      20
2020_10_30	   88870	    1322	    1692	      20
2020_10_31	   90562	    1342	    1692	      20
2020_11_01	   92254	    1363	    1692	      21
2020_11_02	   94278	    1391	    2024	      28
2020_11_03	   96302	    1419	    2024	      28
2020_11_04	   98326	    1447	    2024	      28
2020_11_05	  100351	    1475	    2025	      28
2020_11_06	  102375	    1503	    2024	      28
2020_11_07	  104399	    1531	    2024	      28
2020_11_08	  106424	    1559	    2025	      28
2020_11_09	  107983	    1588	    1559	      29
2020_11_10	  109542	    1617	    1559	      29
2020_11_11	  111101	    1646	    1559	      29
2020_11_12	  112660	    1675	    1559	      29
2020_11_13	  114219	    1704	    1559	      29
2020_11_14	  115778	    1733	    1559	      29
2020_11_15	  117337	    1763	    1559	      30
2020_11_16	  118606	    1790	    1269	      27
2020_11_17	  119876	    1817	    1270	      27
2020_11_18	  121145	    1844	    1269	      27
2020_11_19	  122415	    1871	    1270	      27
2020_11_20	  123684	    1898	    1269	      27
2020_11_21	  124954	    1925	    1270	      27
2020_11_22	  126224	    1952	    1270	      27
2020_11_23	  127444	    1979	    1220	      27
2020_11_24	  128665	    2006	    1221	      27
2020_11_25	  129885	    2033	    1220	      27
2020_11_26	  131106	    2060	    1221	      27
2020_11_27	  132326	    2087	    1220	      27
2020_11_28	  133547	    2114	    1221	      27
2020_11_29	  134768	    2142	    1221	      28
2020_11_30	  135792	    2168	    1024	      26
2020_12_01	  136816	    2194	    1024	      26
2020_12_02	  137840	    2220	    1024	      26
2020_12_03	  138864	    2247	    1024	      27
2020_12_04	  139888	    2273	    1024	      26
2020_12_05	  140912	    2299	    1024	      26
2020_12_06	  141937	    2326	    1025	      27
2020_12_07	  142849	    2348	     912	      22
2020_12_08	  143762	    2371	     913	      23
2020_12_09	  144674	    2394	     912	      23
2020_12_10	  145587	    2417	     913	      23
2020_12_11	  146499	    2440	     912	      23
2020_12_12	  147412	    2463	     913	      23
2020_12_13	  148325	    2486	     913	      23
2020_12_14	  149110	    2506	     785	      20
2020_12_15	  149896	    2527	     786	      21
2020_12_16	  150682	    2547	     786	      20
2020_12_17	  151467	    2568	     785	      21
2020_12_18	  152253	    2588	     786	      20
2020_12_19	  153039	    2609	     786	      21
2020_12_20	  153825	    2630	     786	      21
2020_12_21	  154299	    2649	     474	      19
2020_12_22	  154774	    2668	     475	      19
2020_12_23	  155248	    2687	     474	      19
2020_12_24	  155723	    2706	     475	      19
2020_12_25	  156197	    2725	     474	      19
2020_12_26	  156672	    2744	     475	      19
2020_12_27	  157147	    2763	     475	      19
2020_12_28	  157558	    2775	     411	      12
2020_12_29	  157969	    2787	     411	      12
2020_12_30	  158381	    2800	     412	      13
2020_12_31	  158792	    2812	     411	      12
2021_01_01	  159204	    2825	     412	      13
2021_01_02	  159615	    2837	     411	      12
2021_01_03	  160027	    2850	     412	      13
2021_01_04	  160327	    2861	     300	      11
2021_01_05	  160628	    2872	     301	      11
2021_01_06	  160928	    2883	     300	      11
2021_01_07	  161229	    2895	     301	      12
2021_01_08	  161529	    2906	     300	      11
2021_01_09	  161830	    2917	     301	      11
2021_01_10	  162131	    2929	     301	      12
2021_01_11	  162481	    2938	     350	       9
2021_01_12	  162832	    2947	     351	       9
2021_01_13	  163183	    2956	     351	       9
2021_01_14	  163533	    2965	     350	       9
2021_01_15	  163884	    2974	     351	       9
2021_01_16	  164235	    2983	     351	       9
2021_01_17	  164586	    2992	     351	       9
2021_01_18	  164793	    2998	     207	       6
2021_01_19	  165000	    3005	     207	       7
2021_01_20	  165207	    3012	     207	       7
2021_01_21	  165414	    3018	     207	       6
2021_01_22	  165621	    3025	     207	       7
2021_01_23	  165828	    3032	     207	       7
2021_01_24	  166036	    3039	     208	       7
2021_01_25	  166177	    3044	     141	       5
2021_01_26	  166318	    3050	     141	       6
2021_01_27	  166460	    3056	     142	       6
2021_01_28	  166601	    3062	     141	       6
2021_01_29	  166743	    3068	     142	       6
2021_01_30	  166884	    3074	     141	       6
2021_01_31	  167026	    3080	     142	       6
2021_02_01	  167177	    3085	     151	       5
2021_02_02	  167329	    3090	     152	       5
2021_02_03	  167481	    3095	     152	       5
2021_02_04	  167632	    3101	     151	       6
2021_02_05	  167784	    3106	     152	       5
2021_02_06	  167936	    3111	     152	       5
2021_02_07	  168088	    3117	     152	       6
2021_02_08	  168242	    3120	     154	       3
2021_02_09	  168396	    3123	     154	       3
2021_02_10	  168550	    3127	     154	       4
2021_02_11	  168704	    3130	     154	       3
2021_02_12	  168858	    3134	     154	       4
2021_02_13	  169012	    3137	     154	       3
2021_02_14	  169167	    3141	     155	       4
2021_02_15	  169343	    3144	     176	       3
2021_02_16	  169519	    3147	     176	       3
2021_02_17	  169696	    3150	     177	       3
2021_02_18	  169872	    3154	     176	       4
2021_02_19	  170049	    3157	     177	       3
2021_02_20	  170225	    3160	     176	       3
2021_02_21	  170402	    3164	     177	       4
2021_02_22	  170638	    3168	     236	       4
2021_02_23	  170875	    3172	     237	       4
2021_02_24	  171111	    3176	     236	       4
2021_02_25	  171348	    3180	     237	       4
2021_02_26	  171584	    3184	     236	       4
2021_02_27	  171821	    3188	     237	       4
2021_02_28	  172058	    3192	     237	       4
2021_03_01	  172432	    3196	     374	       4
2021_03_02	  172806	    3200	     374	       4
2021_03_03	  173181	    3204	     375	       4
2021_03_04	  173555	    3208	     374	       4
2021_03_05	  173930	    3212	     375	       4
2021_03_06	  174304	    3216	     374	       4
2021_03_07	  174679	    3221	     375	       5
2021_03_08	  175208	    3225	     529	       4
2021_03_09	  175737	    3230	     529	       5
2021_03_10	  176267	    3235	     530	       5
2021_03_11	  176796	    3240	     529	       5
2021_03_12	  177326	    3245	     530	       5
2021_03_13	  177855	    3250	     529	       5
2021_03_14	  178385	    3255	     530	       5
2021_03_15	  179146	    3268	     761	      13
2021_03_16	  179907	    3281	     761	      13
2021_03_17	  180668	    3294	     761	      13
2021_03_18	  181429	    3308	     761	      14
2021_03_19	  182190	    3321	     761	      13
2021_03_20	  182951	    3334	     761	      13
2021_03_21	  183713	    3348	     762	      14
2021_03_22	  184656	    3364	     943	      16
2021_03_23	  185599	    3381	     943	      17
2021_03_24	  186543	    3397	     944	      16
2021_03_25	  187486	    3414	     943	      17
2021_03_26	  188430	    3430	     944	      16
2021_03_27	  189373	    3447	     943	      17
2021_03_28	  190317	    3464	     944	      17
2021_03_29	  191219	    3482	     902	      18
2021_03_30	  192121	    3500	     902	      18
2021_03_31	  193024	    3518	     903	      18
2021_04_01	  193926	    3537	     902	      19
2021_04_02	  194829	    3555	     903	      18
2021_04_03	  195731	    3573	     902	      18
2021_04_04	  196634	    3592	     903	      19
2021_04_05	  197517	    3612	     883	      20
2021_04_06	  198400	    3632	     883	      20
2021_04_07	  199283	    3653	     883	      21
2021_04_08	  200167	    3673	     884	      20
2021_04_09	  201050	    3694	     883	      21
2021_04_10	  201933	    3714	     883	      20
2021_04_11	  202817	    3735	     884	      21
2021_04_12	  203631	    3755	     814	      20
2021_04_13	  204446	    3775	     815	      20
2021_04_14	  205261	    3796	     815	      21
2021_04_15	  206075	    3816	     814	      20
2021_04_16	  206890	    3837	     815	      21
2021_04_17	  207705	    3857	     815	      20
2021_04_18	  208520	    3878	     815	      21
2021_04_19	  209201	    3898	     681	      20
2021_04_20	  209882	    3918	     681	      20
2021_04_21	  210563	    3938	     681	      20
2021_04_22	  211244	    3958	     681	      20
2021_04_23	  211925	    3978	     681	      20
2021_04_24	  212606	    3998	     681	      20
2021_04_25	  213288	    4018	     682	      20
2021_04_26	  213798	    4035	     510	      17
2021_04_27	  214309	    4052	     511	      17
2021_04_28	  214820	    4069	     511	      17
2021_04_29	  215330	    4087	     510	      18
2021_04_30	  215841	    4104	     511	      17
2021_05_01	  216352	    4121	     511	      17
2021_05_02	  216863	    4139	     511	      18
2021_05_03	  217206	    4152	     343	      13
2021_05_04	  217550	    4166	     344	      14
2021_05_05	  217894	    4179	     344	      13
2021_05_06	  218238	    4193	     344	      14
2021_05_07	  218582	    4206	     344	      13
2021_05_08	  218926	    4220	     344	      14
2021_05_09	  219270	    4234	     344	      14
2021_05_10	  219497	    4246	     227	      12
2021_05_11	  219724	    4259	     227	      13
2021_05_12	  219951	    4272	     227	      13
2021_05_13	  220178	    4284	     227	      12
2021_05_14	  220405	    4297	     227	      13
2021_05_15	  220632	    4310	     227	      13
2021_05_16	  220860	    4323	     228	      13
2021_05_17	  221015	    4332	     155	       9
2021_05_18	  221170	    4342	     155	      10
2021_05_19	  221326	    4352	     156	      10
2021_05_20	  221481	    4362	     155	      10
2021_05_21	  221637	    4372	     156	      10
2021_05_22	  221792	    4382	     155	      10
2021_05_23	  221948	    4392	     156	      10
2021_05_24	  222046	    4397	      98	       5
2021_05_25	  222144	    4403	      98	       6
2021_05_26	  222242	    4409	      98	       6
2021_05_27	  222341	    4414	      99	       5
2021_05_28	  222439	    4420	      98	       6
2021_05_29	  222537	    4426	      98	       6
2021_05_30	  222636	    4432	      99	       6
2021_05_31	  222713	    4435	      77	       3
2021_06_01	  222791	    4439	      78	       4
2021_06_02	  222869	    4443	      78	       4
2021_06_03	  222946	    4446	      77	       3
2021_06_04	  223024	    4450	      78	       4
2021_06_05	  223102	    4454	      78	       4
2021_06_06	  223180	    4458	      78	       4
2021_06_07	  223251	    4461	      71	       3
2021_06_08	  223323	    4465	      72	       4
2021_06_09	  223395	    4469	      72	       4
2021_06_10	  223466	    4472	      71	       3
2021_06_11	  223538	    4476	      72	       4
2021_06_12	  223610	    4480	      72	       4
2021_06_13	  223682	    4484	      72	       4
