#
# COVID-19 Country file (official WHO count)
# Country = Aruba
# Latitude = 13.0
# Population = 106.438
# Territory = 180.0
# LEB = 76.3
# DPA = 1000
# DPA65 = 730
# GDP = 25754.0
# GDP_PPP = 32378.0
# COVID-19 Mortality = 1005.3
# First_Case = 2020_03_17
# Last_Case = 2021_06_13
# First_Death = 2020_04_16
# Last_Death = 2021_05_30
# Status as of 2021_06_13 = Community transmission
# Vaccine type = Moderna
# Vaccine start = 2021_02_21
#
Date	Conf_Cases	Conf_Deaths	Daily_Cases	Daily_Deaths
2020_03_17	       2	       0	       2	       0
2020_03_18	       2	       0	       0	       0
2020_03_19	       4	       0	       2	       0
2020_03_20	       5	       0	       1	       0
2020_03_21	       5	       0	       0	       0
2020_03_22	       5	       0	       0	       0
2020_03_23	       8	       0	       3	       0
2020_03_24	       9	       0	       1	       0
2020_03_25	      12	       0	       3	       0
2020_03_26	      19	       0	       7	       0
2020_03_27	      19	       0	       0	       0
2020_03_28	      28	       0	       9	       0
2020_03_29	      46	       0	      18	       0
2020_03_30	      46	       0	       0	       0
2020_03_31	      50	       0	       4	       0
2020_04_01	      55	       0	       5	       0
2020_04_02	      55	       0	       0	       0
2020_04_03	      60	       0	       5	       0
2020_04_04	      62	       0	       2	       0
2020_04_05	      64	       0	       2	       0
2020_04_06	      64	       0	       0	       0
2020_04_07	      64	       0	       0	       0
2020_04_08	      71	       0	       7	       0
2020_04_09	      74	       0	       3	       0
2020_04_10	      82	       0	       8	       0
2020_04_11	      86	       0	       4	       0
2020_04_12	      92	       0	       6	       0
2020_04_13	      92	       0	       0	       0
2020_04_14	      92	       0	       0	       0
2020_04_15	      92	       0	       0	       0
2020_04_16	      93	       1	       1	       1
2020_04_17	      95	       2	       2	       1
2020_04_18	      96	       2	       1	       0
2020_04_19	      96	       2	       0	       0
2020_04_20	      97	       2	       1	       0
2020_04_21	      97	       2	       0	       0
2020_04_22	      97	       2	       0	       0
2020_04_23	     100	       2	       3	       0
2020_04_24	     100	       2	       0	       0
2020_04_25	     100	       2	       0	       0
2020_04_26	     100	       2	       0	       0
2020_04_27	     100	       2	       0	       0
2020_04_28	     100	       2	       0	       0
2020_04_29	     100	       2	       0	       0
2020_04_30	     100	       2	       0	       0
2020_05_01	     100	       2	       0	       0
2020_05_02	     100	       2	       0	       0
2020_05_03	     100	       2	       0	       0
2020_05_04	     100	       2	       0	       0
2020_05_05	     100	       2	       0	       0
2020_05_06	     101	       2	       1	       0
2020_05_07	     101	       2	       0	       0
2020_05_08	     101	       2	       0	       0
2020_05_09	     101	       3	       0	       1
2020_05_10	     101	       3	       0	       0
2020_05_11	     101	       3	       0	       0
2020_05_12	     101	       3	       0	       0
2020_05_13	     101	       3	       0	       0
2020_05_14	     101	       3	       0	       0
2020_05_15	     101	       3	       0	       0
2020_05_16	     101	       3	       0	       0
2020_05_17	     101	       3	       0	       0
2020_05_18	     101	       3	       0	       0
2020_05_19	     101	       3	       0	       0
2020_05_20	     101	       3	       0	       0
2020_05_21	     101	       3	       0	       0
2020_05_22	     101	       3	       0	       0
2020_05_23	     101	       3	       0	       0
2020_05_24	     101	       3	       0	       0
2020_05_25	     101	       3	       0	       0
2020_05_26	     101	       3	       0	       0
2020_05_27	     101	       3	       0	       0
2020_05_28	     101	       3	       0	       0
2020_05_29	     101	       3	       0	       0
2020_05_30	     101	       3	       0	       0
2020_05_31	     101	       3	       0	       0
2020_06_01	     101	       3	       0	       0
2020_06_02	     101	       3	       0	       0
2020_06_03	     101	       3	       0	       0
2020_06_04	     101	       3	       0	       0
2020_06_05	     101	       3	       0	       0
2020_06_06	     101	       3	       0	       0
2020_06_07	     101	       3	       0	       0
2020_06_08	     101	       3	       0	       0
2020_06_09	     101	       3	       0	       0
2020_06_10	     101	       3	       0	       0
2020_06_11	     101	       3	       0	       0
2020_06_12	     101	       3	       0	       0
2020_06_13	     101	       3	       0	       0
2020_06_14	     101	       3	       0	       0
2020_06_15	     101	       3	       0	       0
2020_06_16	     101	       3	       0	       0
2020_06_17	     101	       3	       0	       0
2020_06_18	     101	       3	       0	       0
2020_06_19	     101	       3	       0	       0
2020_06_20	     101	       3	       0	       0
2020_06_21	     101	       3	       0	       0
2020_06_22	     101	       3	       0	       0
2020_06_23	     101	       3	       0	       0
2020_06_24	     101	       3	       0	       0
2020_06_25	     101	       3	       0	       0
2020_06_26	     101	       3	       0	       0
2020_06_27	     101	       3	       0	       0
2020_06_28	     101	       3	       0	       0
2020_06_29	     101	       3	       0	       0
2020_06_30	     101	       3	       0	       0
2020_07_01	     103	       3	       2	       0
2020_07_02	     103	       3	       0	       0
2020_07_03	     103	       3	       0	       0
2020_07_04	     104	       3	       1	       0
2020_07_05	     104	       3	       0	       0
2020_07_06	     104	       3	       0	       0
2020_07_07	     105	       3	       1	       0
2020_07_08	     105	       3	       0	       0
2020_07_09	     105	       3	       0	       0
2020_07_10	     105	       3	       0	       0
2020_07_11	     105	       3	       0	       0
2020_07_12	     105	       3	       0	       0
2020_07_13	     105	       3	       0	       0
2020_07_14	     105	       3	       0	       0
2020_07_15	     105	       3	       0	       0
2020_07_16	     106	       3	       1	       0
2020_07_17	     106	       3	       0	       0
2020_07_18	     108	       3	       2	       0
2020_07_19	     108	       3	       0	       0
2020_07_20	     108	       3	       0	       0
2020_07_21	     113	       3	       5	       0
2020_07_22	     115	       3	       2	       0
2020_07_23	     117	       3	       2	       0
2020_07_24	     117	       3	       0	       0
2020_07_25	     117	       3	       0	       0
2020_07_26	     117	       3	       0	       0
2020_07_27	     117	       3	       0	       0
2020_07_28	     119	       3	       2	       0
2020_07_29	     119	       3	       0	       0
2020_07_30	     119	       3	       0	       0
2020_07_31	     119	       3	       0	       0
2020_08_01	     120	       3	       1	       0
2020_08_02	     120	       3	       0	       0
2020_08_03	     120	       3	       0	       0
2020_08_04	     122	       3	       2	       0
2020_08_05	     124	       3	       2	       0
2020_08_06	     132	       3	       8	       0
2020_08_07	     171	       3	      39	       0
2020_08_08	     263	       3	      92	       0
2020_08_09	     263	       3	       0	       0
2020_08_10	     263	       3	       0	       0
2020_08_11	     563	       3	     300	       0
2020_08_12	     630	       3	      67	       0
2020_08_13	     717	       3	      87	       0
2020_08_14	     798	       3	      81	       0
2020_08_15	     894	       4	      96	       1
2020_08_16	     894	       4	       0	       0
2020_08_17	     964	       4	      70	       0
2020_08_18	    1034	       4	      70	       0
2020_08_19	    1105	       4	      71	       0
2020_08_20	    1175	       5	      70	       1
2020_08_21	    1246	       5	      71	       0
2020_08_22	    1316	       5	      70	       0
2020_08_23	    1387	       6	      71	       1
2020_08_24	    1452	       6	      65	       0
2020_08_25	    1518	       6	      66	       0
2020_08_26	    1584	       6	      66	       0
2020_08_27	    1650	       7	      66	       1
2020_08_28	    1716	       7	      66	       0
2020_08_29	    1782	       7	      66	       0
2020_08_30	    1848	       8	      66	       1
2020_08_31	    1911	       8	      63	       0
2020_09_01	    1974	       9	      63	       1
2020_09_02	    2038	      10	      64	       1
2020_09_03	    2101	      10	      63	       0
2020_09_04	    2165	      11	      64	       1
2020_09_05	    2228	      12	      63	       1
2020_09_06	    2292	      13	      64	       1
2020_09_07	    2367	      13	      75	       0
2020_09_08	    2442	      13	      75	       0
2020_09_09	    2517	      14	      75	       1
2020_09_10	    2593	      14	      76	       0
2020_09_11	    2668	      15	      75	       1
2020_09_12	    2743	      15	      75	       0
2020_09_13	    2819	      16	      76	       1
2020_09_14	    2899	      17	      80	       1
2020_09_15	    2979	      18	      80	       1
2020_09_16	    3060	      19	      81	       1
2020_09_17	    3140	      20	      80	       1
2020_09_18	    3221	      21	      81	       1
2020_09_19	    3301	      22	      80	       1
2020_09_20	    3382	      23	      81	       1
2020_09_21	    3435	      23	      53	       0
2020_09_22	    3488	      23	      53	       0
2020_09_23	    3542	      23	      54	       0
2020_09_24	    3595	      24	      53	       1
2020_09_25	    3649	      24	      54	       0
2020_09_26	    3702	      24	      53	       0
2020_09_27	    3756	      25	      54	       1
2020_09_28	    3790	      25	      34	       0
2020_09_29	    3825	      25	      35	       0
2020_09_30	    3859	      25	      34	       0
2020_10_01	    3894	      26	      35	       1
2020_10_02	    3928	      26	      34	       0
2020_10_03	    3963	      26	      35	       0
2020_10_04	    3998	      27	      35	       1
2020_10_05	    4019	      27	      21	       0
2020_10_06	    4041	      28	      22	       1
2020_10_07	    4063	      28	      22	       0
2020_10_08	    4084	      29	      21	       1
2020_10_09	    4106	      29	      22	       0
2020_10_10	    4128	      30	      22	       1
2020_10_11	    4150	      31	      22	       1
2020_10_12	    4174	      31	      24	       0
2020_10_13	    4199	      31	      25	       0
2020_10_14	    4223	      32	      24	       1
2020_10_15	    4248	      32	      25	       0
2020_10_16	    4272	      33	      24	       1
2020_10_17	    4297	      33	      25	       0
2020_10_18	    4322	      34	      25	       1
2020_10_19	    4336	      34	      14	       0
2020_10_20	    4350	      34	      14	       0
2020_10_21	    4364	      34	      14	       0
2020_10_22	    4378	      35	      14	       1
2020_10_23	    4392	      35	      14	       0
2020_10_24	    4406	      35	      14	       0
2020_10_25	    4420	      36	      14	       1
2020_10_26	    4427	      36	       7	       0
2020_10_27	    4434	      36	       7	       0
2020_10_28	    4442	      36	       8	       0
2020_10_29	    4449	      36	       7	       0
2020_10_30	    4457	      36	       8	       0
2020_10_31	    4464	      36	       7	       0
2020_11_01	    4472	      37	       8	       1
2020_11_02	    4485	      37	      13	       0
2020_11_03	    4498	      37	      13	       0
2020_11_04	    4511	      37	      13	       0
2020_11_05	    4524	      38	      13	       1
2020_11_06	    4537	      38	      13	       0
2020_11_07	    4550	      38	      13	       0
2020_11_08	    4564	      39	      14	       1
2020_11_09	    4574	      39	      10	       0
2020_11_10	    4585	      40	      11	       1
2020_11_11	    4596	      40	      11	       0
2020_11_12	    4606	      41	      10	       1
2020_11_13	    4617	      41	      11	       0
2020_11_14	    4628	      42	      11	       1
2020_11_15	    4639	      43	      11	       1
2020_11_16	    4646	      43	       7	       0
2020_11_17	    4654	      43	       8	       0
2020_11_18	    4662	      43	       8	       0
2020_11_19	    4669	      44	       7	       1
2020_11_20	    4677	      44	       8	       0
2020_11_21	    4685	      44	       8	       0
2020_11_22	    4693	      45	       8	       1
2020_11_23	    4707	      45	      14	       0
2020_11_24	    4721	      45	      14	       0
2020_11_25	    4735	      45	      14	       0
2020_11_26	    4749	      45	      14	       0
2020_11_27	    4763	      45	      14	       0
2020_11_28	    4777	      45	      14	       0
2020_11_29	    4791	      45	      14	       0
2020_11_30	    4809	      45	      18	       0
2020_12_01	    4828	      45	      19	       0
2020_12_02	    4847	      45	      19	       0
2020_12_03	    4866	      45	      19	       0
2020_12_04	    4885	      45	      19	       0
2020_12_05	    4904	      45	      19	       0
2020_12_06	    4923	      45	      19	       0
2020_12_07	    4935	      45	      12	       0
2020_12_08	    4948	      45	      13	       0
2020_12_09	    4960	      45	      12	       0
2020_12_10	    4973	      45	      13	       0
2020_12_11	    4985	      45	      12	       0
2020_12_12	    4998	      45	      13	       0
2020_12_13	    5011	      46	      13	       1
2020_12_14	    5027	      46	      16	       0
2020_12_15	    5043	      46	      16	       0
2020_12_16	    5059	      46	      16	       0
2020_12_17	    5075	      46	      16	       0
2020_12_18	    5091	      46	      16	       0
2020_12_19	    5107	      46	      16	       0
2020_12_20	    5124	      47	      17	       1
2020_12_21	    5138	      47	      14	       0
2020_12_22	    5153	      47	      15	       0
2020_12_23	    5168	      47	      15	       0
2020_12_24	    5183	      47	      15	       0
2020_12_25	    5198	      47	      15	       0
2020_12_26	    5213	      47	      15	       0
2020_12_27	    5228	      47	      15	       0
2020_12_28	    5258	      47	      30	       0
2020_12_29	    5289	      47	      31	       0
2020_12_30	    5319	      47	      30	       0
2020_12_31	    5350	      48	      31	       1
2021_01_01	    5380	      48	      30	       0
2021_01_02	    5411	      48	      31	       0
2021_01_03	    5442	      49	      31	       1
2021_01_04	    5505	      49	      63	       0
2021_01_05	    5568	      49	      63	       0
2021_01_06	    5631	      49	      63	       0
2021_01_07	    5694	      49	      63	       0
2021_01_08	    5757	      49	      63	       0
2021_01_09	    5820	      49	      63	       0
2021_01_10	    5883	      50	      63	       1
2021_01_11	    5942	      50	      59	       0
2021_01_12	    6001	      50	      59	       0
2021_01_13	    6060	      50	      59	       0
2021_01_14	    6119	      51	      59	       1
2021_01_15	    6178	      51	      59	       0
2021_01_16	    6237	      51	      59	       0
2021_01_17	    6296	      52	      59	       1
2021_01_18	    6342	      52	      46	       0
2021_01_19	    6389	      52	      47	       0
2021_01_20	    6436	      52	      47	       0
2021_01_21	    6482	      52	      46	       0
2021_01_22	    6529	      52	      47	       0
2021_01_23	    6576	      52	      47	       0
2021_01_24	    6623	      52	      47	       0
2021_01_25	    6656	      52	      33	       0
2021_01_26	    6690	      53	      34	       1
2021_01_27	    6723	      54	      33	       1
2021_01_28	    6757	      55	      34	       1
2021_01_29	    6790	      56	      33	       1
2021_01_30	    6824	      57	      34	       1
2021_01_31	    6858	      58	      34	       1
2021_02_01	    6897	      58	      39	       0
2021_02_02	    6936	      58	      39	       0
2021_02_03	    6976	      59	      40	       1
2021_02_04	    7015	      59	      39	       0
2021_02_05	    7055	      60	      40	       1
2021_02_06	    7094	      60	      39	       0
2021_02_07	    7134	      61	      40	       1
2021_02_08	    7163	      62	      29	       1
2021_02_09	    7192	      63	      29	       1
2021_02_10	    7221	      64	      29	       1
2021_02_11	    7250	      65	      29	       1
2021_02_12	    7279	      66	      29	       1
2021_02_13	    7308	      67	      29	       1
2021_02_14	    7338	      68	      30	       1
2021_02_15	    7368	      68	      30	       0
2021_02_16	    7399	      68	      31	       0
2021_02_17	    7430	      68	      31	       0
2021_02_18	    7460	      69	      30	       1
2021_02_19	    7491	      69	      31	       0
2021_02_20	    7522	      69	      31	       0
2021_02_21	    7553	      70	      31	       1
2021_02_22	    7588	      70	      35	       0
2021_02_23	    7624	      70	      36	       0
2021_02_24	    7660	      70	      36	       0
2021_02_25	    7696	      70	      36	       0
2021_02_26	    7732	      70	      36	       0
2021_02_27	    7768	      70	      36	       0
2021_02_28	    7804	      71	      36	       1
2021_03_01	    7833	      71	      29	       0
2021_03_02	    7862	      72	      29	       1
2021_03_03	    7891	      72	      29	       0
2021_03_04	    7921	      73	      30	       1
2021_03_05	    7950	      73	      29	       0
2021_03_06	    7979	      74	      29	       1
2021_03_07	    8009	      75	      30	       1
2021_03_08	    8046	      75	      37	       0
2021_03_09	    8084	      75	      38	       0
2021_03_10	    8121	      75	      37	       0
2021_03_11	    8159	      76	      38	       1
2021_03_12	    8196	      76	      37	       0
2021_03_13	    8234	      76	      38	       0
2021_03_14	    8272	      77	      38	       1
2021_03_15	    8322	      77	      50	       0
2021_03_16	    8372	      78	      50	       1
2021_03_17	    8422	      78	      50	       0
2021_03_18	    8473	      79	      51	       1
2021_03_19	    8523	      79	      50	       0
2021_03_20	    8573	      80	      50	       1
2021_03_21	    8624	      81	      51	       1
2021_03_22	    8688	      81	      64	       0
2021_03_23	    8752	      81	      64	       0
2021_03_24	    8816	      81	      64	       0
2021_03_25	    8880	      81	      64	       0
2021_03_26	    8944	      81	      64	       0
2021_03_27	    9008	      81	      64	       0
2021_03_28	    9073	      82	      65	       1
2021_03_29	    9134	      82	      61	       0
2021_03_30	    9195	      83	      61	       1
2021_03_31	    9257	      83	      62	       0
2021_04_01	    9318	      84	      61	       1
2021_04_02	    9380	      84	      62	       0
2021_04_03	    9441	      85	      61	       1
2021_04_04	    9503	      86	      62	       1
2021_04_05	    9559	      86	      56	       0
2021_04_06	    9615	      87	      56	       1
2021_04_07	    9671	      88	      56	       1
2021_04_08	    9727	      89	      56	       1
2021_04_09	    9783	      90	      56	       1
2021_04_10	    9839	      91	      56	       1
2021_04_11	    9896	      92	      57	       1
2021_04_12	    9942	      92	      46	       0
2021_04_13	    9988	      92	      46	       0
2021_04_14	   10034	      92	      46	       0
2021_04_15	   10080	      92	      46	       0
2021_04_16	   10126	      92	      46	       0
2021_04_17	   10172	      92	      46	       0
2021_04_18	   10219	      92	      47	       0
2021_04_19	   10254	      92	      35	       0
2021_04_20	   10290	      92	      36	       0
2021_04_21	   10326	      93	      36	       1
2021_04_22	   10361	      93	      35	       0
2021_04_23	   10397	      94	      36	       1
2021_04_24	   10433	      94	      36	       0
2021_04_25	   10469	      95	      36	       1
2021_04_26	   10488	      95	      19	       0
2021_04_27	   10508	      95	      20	       0
2021_04_28	   10528	      96	      20	       1
2021_04_29	   10548	      96	      20	       0
2021_04_30	   10568	      97	      20	       1
2021_05_01	   10588	      97	      20	       0
2021_05_02	   10608	      98	      20	       1
2021_05_03	   10626	      98	      18	       0
2021_05_04	   10644	      98	      18	       0
2021_05_05	   10663	      98	      19	       0
2021_05_06	   10681	      99	      18	       1
2021_05_07	   10700	      99	      19	       0
2021_05_08	   10718	      99	      18	       0
2021_05_09	   10737	     100	      19	       1
2021_05_10	   10749	     100	      12	       0
2021_05_11	   10762	     101	      13	       1
2021_05_12	   10775	     101	      13	       0
2021_05_13	   10787	     102	      12	       1
2021_05_14	   10800	     102	      13	       0
2021_05_15	   10813	     103	      13	       1
2021_05_16	   10826	     104	      13	       1
2021_05_17	   10835	     104	       9	       0
2021_05_18	   10844	     104	       9	       0
2021_05_19	   10854	     104	      10	       0
2021_05_20	   10863	     105	       9	       1
2021_05_21	   10873	     105	      10	       0
2021_05_22	   10882	     105	       9	       0
2021_05_23	   10892	     106	      10	       1
2021_05_24	   10901	     106	       9	       0
2021_05_25	   10910	     106	       9	       0
2021_05_26	   10919	     106	       9	       0
2021_05_27	   10929	     106	      10	       0
2021_05_28	   10938	     106	       9	       0
2021_05_29	   10947	     106	       9	       0
2021_05_30	   10957	     107	      10	       1
2021_05_31	   10965	     107	       8	       0
2021_06_01	   10974	     107	       9	       0
2021_06_02	   10983	     107	       9	       0
2021_06_03	   10991	     107	       8	       0
2021_06_04	   11000	     107	       9	       0
2021_06_05	   11009	     107	       9	       0
2021_06_06	   11018	     107	       9	       0
2021_06_07	   11025	     107	       7	       0
2021_06_08	   11032	     107	       7	       0
2021_06_09	   11039	     107	       7	       0
2021_06_10	   11047	     107	       8	       0
2021_06_11	   11054	     107	       7	       0
2021_06_12	   11061	     107	       7	       0
2021_06_13	   11069	     107	       8	       0
