#
# COVID-19 Country file (official WHO count)
# Country = Bahrain
# Latitude = 26.0
# Population = 1697.765
# Territory = 765.0
# LEB = 77.3
# DPA = 4000
# DPA65 = 1960
# GDP = 24337.0
# GDP_PPP = 50365.0
# COVID-19 Mortality = 710.3
# First_Case = 2020_02_25
# Last_Case = 2021_06_13
# First_Death = 2020_03_16
# Last_Death = 2021_06_13
# Status as of 2021_06_13 = Community transmission
# Vaccine type = Oxford/AstraZeneca, Pfizer/BioNTech, Sinopharm/Beijing, Sputnik V
# Vaccine start = 2020_12_23
#
Date	Conf_Cases	Conf_Deaths	Daily_Cases	Daily_Deaths
2020_02_25	       8	       0	       8	       0
2020_02_26	      26	       0	      18	       0
2020_02_27	      33	       0	       7	       0
2020_02_28	      33	       0	       0	       0
2020_02_29	      38	       0	       5	       0
2020_03_01	      40	       0	       2	       0
2020_03_02	      47	       0	       7	       0
2020_03_03	      49	       0	       2	       0
2020_03_04	      49	       0	       0	       0
2020_03_05	      49	       0	       0	       0
2020_03_06	      49	       0	       0	       0
2020_03_07	      49	       0	       0	       0
2020_03_08	      56	       0	       7	       0
2020_03_09	      79	       0	      23	       0
2020_03_10	     109	       0	      30	       0
2020_03_11	     110	       0	       1	       0
2020_03_12	     189	       0	      79	       0
2020_03_13	     195	       0	       6	       0
2020_03_14	     210	       0	      15	       0
2020_03_15	     211	       0	       1	       0
2020_03_16	     221	       1	      10	       1
2020_03_17	     229	       1	       8	       0
2020_03_18	     237	       1	       8	       0
2020_03_19	     256	       1	      19	       0
2020_03_20	     269	       1	      13	       0
2020_03_21	     285	       1	      16	       0
2020_03_22	     306	       1	      21	       0
2020_03_23	     337	       2	      31	       1
2020_03_24	     377	       2	      40	       0
2020_03_25	     392	       3	      15	       1
2020_03_26	     419	       4	      27	       1
2020_03_27	     458	       4	      39	       0
2020_03_28	     473	       4	      15	       0
2020_03_29	     476	       4	       3	       0
2020_03_30	     515	       4	      39	       0
2020_03_31	     515	       4	       0	       0
2020_04_01	     567	       4	      52	       0
2020_04_02	     569	       4	       2	       0
2020_04_03	     643	       4	      74	       0
2020_04_04	     673	       4	      30	       0
2020_04_05	     688	       4	      15	       0
2020_04_06	     700	       4	      12	       0
2020_04_07	     756	       4	      56	       0
2020_04_08	     811	       5	      55	       1
2020_04_09	     823	       5	      12	       0
2020_04_10	     887	       5	      64	       0
2020_04_11	     998	       6	     111	       1
2020_04_12	    1040	       6	      42	       0
2020_04_13	    1136	       6	      96	       0
2020_04_14	    1362	       7	     226	       1
2020_04_15	    1528	       7	     166	       0
2020_04_16	    1677	       7	     149	       0
2020_04_17	    1700	       7	      23	       0
2020_04_18	    1744	       7	      44	       0
2020_04_19	    1773	       7	      29	       0
2020_04_20	    1881	       7	     108	       0
2020_04_21	    1907	       7	      26	       0
2020_04_22	    1973	       7	      66	       0
2020_04_23	    2027	       7	      54	       0
2020_04_24	    2217	       8	     190	       1
2020_04_25	    2518	       8	     301	       0
2020_04_26	    2589	       8	      71	       0
2020_04_27	    2647	       8	      58	       0
2020_04_28	    2723	       8	      76	       0
2020_04_29	    2811	       8	      88	       0
2020_04_30	    2921	       8	     110	       0
2020_05_01	    3040	       8	     119	       0
2020_05_02	    3170	       8	     130	       0
2020_05_03	    3284	       8	     114	       0
2020_05_04	    3356	       8	      72	       0
2020_05_05	    3533	       8	     177	       0
2020_05_06	    3720	       8	     187	       0
2020_05_07	    3934	       8	     214	       0
2020_05_08	    4199	       8	     265	       0
2020_05_09	    4444	       8	     245	       0
2020_05_10	    4774	       8	     330	       0
2020_05_11	    4941	       8	     167	       0
2020_05_12	    5236	       8	     295	       0
2020_05_13	    5531	       9	     295	       1
2020_05_14	    5816	      10	     285	       1
2020_05_15	    6198	      10	     382	       0
2020_05_16	    6583	      12	     385	       2
2020_05_17	    6747	      12	     164	       0
2020_05_18	    6930	      12	     183	       0
2020_05_19	    7374	      12	     444	       0
2020_05_20	    7532	      12	     158	       0
2020_05_21	    7888	      12	     356	       0
2020_05_22	    8174	      12	     286	       0
2020_05_23	    8414	      12	     240	       0
2020_05_24	    8802	      13	     388	       1
2020_05_25	    9138	      13	     336	       0
2020_05_26	    9171	      14	      33	       1
2020_05_27	    9366	      14	     195	       0
2020_05_28	    9692	      15	     326	       1
2020_05_29	   10052	      15	     360	       0
2020_05_30	   10449	      15	     397	       0
2020_05_31	   10793	      17	     344	       2
2020_06_01	   11398	      19	     605	       2
2020_06_02	   11871	      19	     473	       0
2020_06_03	   12311	      19	     440	       0
2020_06_04	   12815	      20	     504	       1
2020_06_05	   13229	      21	     414	       1
2020_06_06	   13835	      22	     606	       1
2020_06_07	   14383	      24	     548	       2
2020_06_08	   14763	      26	     380	       2
2020_06_09	   15417	      27	     654	       1
2020_06_10	   16200	      29	     783	       2
2020_06_11	   16667	      32	     467	       3
2020_06_12	   16667	      34	       0	       2
2020_06_13	   17713	      36	    1046	       2
2020_06_14	   18227	      39	     514	       3
2020_06_15	   18544	      43	     317	       4
2020_06_16	   19013	      46	     469	       3
2020_06_17	   19553	      47	     540	       1
2020_06_18	   19961	      49	     408	       2
2020_06_19	   20430	      55	     469	       6
2020_06_20	   20916	      57	     486	       2
2020_06_21	   21331	      60	     415	       3
2020_06_22	   21764	      63	     433	       3
2020_06_23	   22407	      65	     643	       2
2020_06_24	   23062	      67	     655	       2
2020_06_25	   23570	      69	     508	       2
2020_06_26	   24081	      71	     511	       2
2020_06_27	   24805	      73	     724	       2
2020_06_28	   25267	      78	     462	       5
2020_06_29	   25705	      83	     438	       5
2020_06_30	   26239	      84	     534	       1
2020_07_01	   26758	      87	     519	       3
2020_07_02	   27414	      92	     656	       5
2020_07_03	   27837	      94	     423	       2
2020_07_04	   28410	      95	     573	       1
2020_07_05	   28857	      96	     447	       1
2020_07_06	   29367	      97	     510	       1
2020_07_07	   29821	      98	     454	       1
2020_07_08	   30321	      98	     500	       0
2020_07_09	   30931	      98	     610	       0
2020_07_10	   31528	     103	     597	       5
2020_07_11	   32039	     104	     511	       1
2020_07_12	   32470	     104	     431	       0
2020_07_13	   32941	     108	     471	       4
2020_07_14	   33476	     109	     535	       1
2020_07_15	   34078	     111	     602	       2
2020_07_16	   34560	     117	     482	       6
2020_07_17	   35084	     121	     524	       4
2020_07_18	   35473	     124	     389	       3
2020_07_19	   36004	     124	     531	       0
2020_07_20	   36422	     126	     418	       2
2020_07_21	   36936	     128	     514	       2
2020_07_22	   37316	     129	     380	       1
2020_07_23	   37637	     130	     321	       1
2020_07_24	   37996	     134	     359	       4
2020_07_25	   38458	     136	     462	       2
2020_07_26	   38458	     136	       0	       0
2020_07_27	   39131	     141	     673	       5
2020_07_28	   39482	     141	     351	       0
2020_07_29	   39921	     141	     439	       0
2020_07_30	   40311	     144	     390	       3
2020_07_31	   40755	     146	     444	       2
2020_08_01	   40982	     148	     227	       2
2020_08_02	   41190	     148	     208	       0
2020_08_03	   41536	     147	     346	      -1
2020_08_04	   41835	     150	     299	       3
2020_08_05	   42132	     152	     297	       2
2020_08_06	   42514	     154	     382	       2
2020_08_07	   42889	     156	     375	       2
2020_08_08	   43307	     161	     418	       5
2020_08_09	   43629	     162	     322	       1
2020_08_10	   44011	     162	     382	       0
2020_08_11	   44397	     163	     386	       1
2020_08_12	   44804	     167	     407	       4
2020_08_13	   45264	     167	     460	       0
2020_08_14	   45726	     167	     462	       0
2020_08_15	   46052	     168	     326	       1
2020_08_16	   46430	     170	     378	       2
2020_08_17	   46802	     171	     372	       1
2020_08_18	   47175	     173	     373	       2
2020_08_19	   47547	     175	     372	       2
2020_08_20	   47920	     177	     373	       2
2020_08_21	   48292	     179	     372	       2
2020_08_22	   48665	     181	     373	       2
2020_08_23	   49038	     183	     373	       2
2020_08_24	   49374	     183	     336	       0
2020_08_25	   49710	     184	     336	       1
2020_08_26	   50046	     185	     336	       1
2020_08_27	   50382	     186	     336	       1
2020_08_28	   50718	     187	     336	       1
2020_08_29	   51054	     188	     336	       1
2020_08_30	   51391	     189	     337	       1
2020_08_31	   51873	     190	     482	       1
2020_09_01	   52356	     191	     483	       1
2020_09_02	   52839	     192	     483	       1
2020_09_03	   53322	     193	     483	       1
2020_09_04	   53805	     194	     483	       1
2020_09_05	   54288	     195	     483	       1
2020_09_06	   54771	     196	     483	       1
2020_09_07	   55458	     198	     687	       2
2020_09_08	   56146	     200	     688	       2
2020_09_09	   56834	     202	     688	       2
2020_09_10	   57522	     204	     688	       2
2020_09_11	   58210	     206	     688	       2
2020_09_12	   58898	     208	     688	       2
2020_09_13	   59586	     211	     688	       3
2020_09_14	   60287	     212	     701	       1
2020_09_15	   60989	     213	     702	       1
2020_09_16	   61691	     215	     702	       2
2020_09_17	   62393	     216	     702	       1
2020_09_18	   63095	     218	     702	       2
2020_09_19	   63797	     219	     702	       1
2020_09_20	   64499	     221	     702	       2
2020_09_21	   65109	     223	     610	       2
2020_09_22	   65720	     226	     611	       3
2020_09_23	   66331	     228	     611	       2
2020_09_24	   66942	     231	     611	       3
2020_09_25	   67553	     233	     611	       2
2020_09_26	   68164	     236	     611	       3
2020_09_27	   68775	     239	     611	       3
2020_09_28	   69280	     241	     505	       2
2020_09_29	   69785	     244	     505	       3
2020_09_30	   70290	     247	     505	       3
2020_10_01	   70795	     249	     505	       2
2020_10_02	   71300	     252	     505	       3
2020_10_03	   71805	     255	     505	       3
2020_10_04	   72310	     258	     505	       3
2020_10_05	   72735	     260	     425	       2
2020_10_06	   73160	     262	     425	       2
2020_10_07	   73585	     264	     425	       2
2020_10_08	   74011	     266	     426	       2
2020_10_09	   74436	     268	     425	       2
2020_10_10	   74861	     270	     425	       2
2020_10_11	   75287	     273	     426	       3
2020_10_12	   75706	     277	     419	       4
2020_10_13	   76126	     281	     420	       4
2020_10_14	   76545	     285	     419	       4
2020_10_15	   76965	     289	     420	       4
2020_10_16	   77384	     293	     419	       4
2020_10_17	   77804	     297	     420	       4
2020_10_18	   78224	     302	     420	       5
2020_10_19	   78553	     304	     329	       2
2020_10_20	   78883	     306	     330	       2
2020_10_21	   79213	     308	     330	       2
2020_10_22	   79543	     310	     330	       2
2020_10_23	   79873	     312	     330	       2
2020_10_24	   80203	     314	     330	       2
2020_10_25	   80533	     316	     330	       2
2020_10_26	   80691	     316	     158	       0
2020_10_27	   80850	     317	     159	       1
2020_10_28	   81009	     318	     159	       1
2020_10_29	   81168	     318	     159	       0
2020_10_30	   81327	     319	     159	       1
2020_10_31	   81486	     320	     159	       1
2020_11_01	   81645	     321	     159	       1
2020_11_02	   81876	     322	     231	       1
2020_11_03	   82107	     323	     231	       1
2020_11_04	   82338	     324	     231	       1
2020_11_05	   82570	     325	     232	       1
2020_11_06	   82801	     326	     231	       1
2020_11_07	   83032	     327	     231	       1
2020_11_08	   83264	     329	     232	       2
2020_11_09	   83443	     329	     179	       0
2020_11_10	   83623	     330	     180	       1
2020_11_11	   83803	     330	     180	       0
2020_11_12	   83983	     331	     180	       1
2020_11_13	   84163	     331	     180	       0
2020_11_14	   84343	     332	     180	       1
2020_11_15	   84523	     333	     180	       1
2020_11_16	   84675	     333	     152	       0
2020_11_17	   84828	     334	     153	       1
2020_11_18	   84980	     335	     152	       1
2020_11_19	   85133	     335	     153	       0
2020_11_20	   85285	     336	     152	       1
2020_11_21	   85438	     337	     153	       1
2020_11_22	   85591	     338	     153	       1
2020_11_23	   85741	     338	     150	       0
2020_11_24	   85892	     338	     151	       0
2020_11_25	   86042	     339	     150	       1
2020_11_26	   86193	     339	     151	       0
2020_11_27	   86343	     340	     150	       1
2020_11_28	   86494	     340	     151	       0
2020_11_29	   86645	     341	     151	       1
2020_11_30	   86800	     341	     155	       0
2020_12_01	   86955	     341	     155	       0
2020_12_02	   87110	     341	     155	       0
2020_12_03	   87265	     341	     155	       0
2020_12_04	   87420	     341	     155	       0
2020_12_05	   87575	     341	     155	       0
2020_12_06	   87731	     341	     156	       0
2020_12_07	   87907	     342	     176	       1
2020_12_08	   88083	     343	     176	       1
2020_12_09	   88259	     344	     176	       1
2020_12_10	   88435	     345	     176	       1
2020_12_11	   88611	     346	     176	       1
2020_12_12	   88787	     347	     176	       1
2020_12_13	   88964	     348	     177	       1
2020_12_14	   89120	     348	     156	       0
2020_12_15	   89277	     348	     157	       0
2020_12_16	   89434	     348	     157	       0
2020_12_17	   89591	     348	     157	       0
2020_12_18	   89748	     348	     157	       0
2020_12_19	   89905	     348	     157	       0
2020_12_20	   90062	     349	     157	       1
2020_12_21	   90270	     349	     208	       0
2020_12_22	   90478	     349	     208	       0
2020_12_23	   90686	     349	     208	       0
2020_12_24	   90894	     350	     208	       1
2020_12_25	   91102	     350	     208	       0
2020_12_26	   91310	     350	     208	       0
2020_12_27	   91518	     351	     208	       1
2020_12_28	   91756	     351	     238	       0
2020_12_29	   91994	     351	     238	       0
2020_12_30	   92232	     351	     238	       0
2020_12_31	   92470	     351	     238	       0
2021_01_01	   92708	     351	     238	       0
2021_01_02	   92946	     351	     238	       0
2021_01_03	   93184	     352	     238	       1
2021_01_04	   93488	     352	     304	       0
2021_01_05	   93793	     352	     305	       0
2021_01_06	   94098	     353	     305	       1
2021_01_07	   94402	     353	     304	       0
2021_01_08	   94707	     354	     305	       1
2021_01_09	   95012	     354	     305	       0
2021_01_10	   95317	     355	     305	       1
2021_01_11	   95595	     355	     278	       0
2021_01_12	   95874	     355	     279	       0
2021_01_13	   96153	     356	     279	       1
2021_01_14	   96431	     356	     278	       0
2021_01_15	   96710	     357	     279	       1
2021_01_16	   96989	     357	     279	       0
2021_01_17	   97268	     358	     279	       1
2021_01_18	   97580	     359	     312	       1
2021_01_19	   97893	     360	     313	       1
2021_01_20	   98205	     361	     312	       1
2021_01_21	   98518	     363	     313	       2
2021_01_22	   98830	     364	     312	       1
2021_01_23	   99143	     365	     313	       1
2021_01_24	   99456	     367	     313	       2
2021_01_25	   99908	     367	     452	       0
2021_01_26	  100361	     368	     453	       1
2021_01_27	  100814	     369	     453	       1
2021_01_28	  101267	     369	     453	       0
2021_01_29	  101720	     370	     453	       1
2021_01_30	  102173	     371	     453	       1
2021_01_31	  102626	     372	     453	       1
2021_02_01	  103209	     373	     583	       1
2021_02_02	  103793	     374	     584	       1
2021_02_03	  104377	     375	     584	       1
2021_02_04	  104961	     376	     584	       1
2021_02_05	  105545	     377	     584	       1
2021_02_06	  106129	     378	     584	       1
2021_02_07	  106713	     379	     584	       1
2021_02_08	  107482	     381	     769	       2
2021_02_09	  108252	     384	     770	       3
2021_02_10	  109022	     387	     770	       3
2021_02_11	  109792	     389	     770	       2
2021_02_12	  110562	     392	     770	       3
2021_02_13	  111332	     395	     770	       3
2021_02_14	  112102	     398	     770	       3
2021_02_15	  112835	     401	     733	       3
2021_02_16	  113568	     404	     733	       3
2021_02_17	  114301	     407	     733	       3
2021_02_18	  115034	     410	     733	       3
2021_02_19	  115767	     413	     733	       3
2021_02_20	  116500	     416	     733	       3
2021_02_21	  117234	     420	     734	       4
2021_02_22	  117883	     423	     649	       3
2021_02_23	  118532	     426	     649	       3
2021_02_24	  119181	     430	     649	       4
2021_02_25	  119830	     433	     649	       3
2021_02_26	  120479	     437	     649	       4
2021_02_27	  121128	     440	     649	       3
2021_02_28	  121778	     444	     650	       4
2021_03_01	  122399	     447	     621	       3
2021_03_02	  123020	     451	     621	       4
2021_03_03	  123641	     454	     621	       3
2021_03_04	  124262	     458	     621	       4
2021_03_05	  124883	     461	     621	       3
2021_03_06	  125504	     465	     621	       4
2021_03_07	  126126	     469	     622	       4
2021_03_08	  126737	     470	     611	       1
2021_03_09	  127348	     472	     611	       2
2021_03_10	  127959	     474	     611	       2
2021_03_11	  128570	     475	     611	       1
2021_03_12	  129181	     477	     611	       2
2021_03_13	  129792	     479	     611	       2
2021_03_14	  130404	     481	     612	       2
2021_03_15	  131107	     483	     703	       2
2021_03_16	  131810	     485	     703	       2
2021_03_17	  132513	     488	     703	       3
2021_03_18	  133216	     490	     703	       2
2021_03_19	  133919	     493	     703	       3
2021_03_20	  134622	     495	     703	       2
2021_03_21	  135326	     498	     704	       3
2021_03_22	  136110	     500	     784	       2
2021_03_23	  136895	     502	     785	       2
2021_03_24	  137679	     504	     784	       2
2021_03_25	  138464	     506	     785	       2
2021_03_26	  139248	     508	     784	       2
2021_03_27	  140033	     510	     785	       2
2021_03_28	  140818	     513	     785	       3
2021_03_29	  141811	     515	     993	       2
2021_03_30	  142804	     518	     993	       3
2021_03_31	  143797	     520	     993	       2
2021_04_01	  144790	     523	     993	       3
2021_04_02	  145783	     525	     993	       2
2021_04_03	  146776	     528	     993	       3
2021_04_04	  147770	     531	     994	       3
2021_04_05	  148860	     534	    1090	       3
2021_04_06	  149950	     537	    1090	       3
2021_04_07	  151040	     540	    1090	       3
2021_04_08	  152131	     544	    1091	       4
2021_04_09	  153221	     547	    1090	       3
2021_04_10	  154311	     550	    1090	       3
2021_04_11	  155402	     554	    1091	       4
2021_04_12	  156503	     558	    1101	       4
2021_04_13	  157605	     563	    1102	       5
2021_04_14	  158706	     568	    1101	       5
2021_04_15	  159808	     573	    1102	       5
2021_04_16	  160909	     578	    1101	       5
2021_04_17	  162011	     583	    1102	       5
2021_04_18	  163113	     588	    1102	       5
2021_04_19	  164144	     592	    1031	       4
2021_04_20	  165176	     597	    1032	       5
2021_04_21	  166208	     601	    1032	       4
2021_04_22	  167239	     606	    1031	       5
2021_04_23	  168271	     610	    1032	       4
2021_04_24	  169303	     615	    1032	       5
2021_04_25	  170335	     620	    1032	       5
2021_04_26	  171429	     624	    1094	       4
2021_04_27	  172524	     628	    1095	       4
2021_04_28	  173618	     632	    1094	       4
2021_04_29	  174713	     636	    1095	       4
2021_04_30	  175807	     640	    1094	       4
2021_05_01	  176902	     644	    1095	       4
2021_05_02	  177997	     648	    1095	       4
2021_05_03	  179412	     652	    1415	       4
2021_05_04	  180827	     656	    1415	       4
2021_05_05	  182243	     660	    1416	       4
2021_05_06	  183658	     665	    1415	       5
2021_05_07	  185074	     669	    1416	       4
2021_05_08	  186489	     673	    1415	       4
2021_05_09	  187905	     678	    1416	       5
2021_05_10	  189503	     686	    1598	       8
2021_05_11	  191101	     694	    1598	       8
2021_05_12	  192699	     703	    1598	       9
2021_05_13	  194298	     711	    1599	       8
2021_05_14	  195896	     720	    1598	       9
2021_05_15	  197494	     728	    1598	       8
2021_05_16	  199093	     737	    1599	       9
2021_05_17	  201346	     747	    2253	      10
2021_05_18	  203600	     757	    2254	      10
2021_05_19	  205854	     767	    2254	      10
2021_05_20	  208108	     778	    2254	      11
2021_05_21	  210362	     788	    2254	      10
2021_05_22	  212616	     798	    2254	      10
2021_05_23	  214870	     809	    2254	      11
2021_05_24	  217845	     827	    2975	      18
2021_05_25	  220821	     846	    2976	      19
2021_05_26	  223796	     864	    2975	      18
2021_05_27	  226772	     883	    2976	      19
2021_05_28	  229747	     901	    2975	      18
2021_05_29	  232723	     920	    2976	      19
2021_05_30	  235699	     939	    2976	      19
2021_05_31	  237682	     960	    1983	      21
2021_06_01	  239665	     982	    1983	      22
2021_06_02	  241648	    1004	    1983	      22
2021_06_03	  243632	    1025	    1984	      21
2021_06_04	  245615	    1047	    1983	      22
2021_06_05	  247598	    1069	    1983	      22
2021_06_06	  249582	    1091	    1984	      22
2021_06_07	  250763	    1107	    1181	      16
2021_06_08	  251944	    1123	    1181	      16
2021_06_09	  253126	    1140	    1182	      17
2021_06_10	  254307	    1156	    1181	      16
2021_06_11	  255489	    1173	    1182	      17
2021_06_12	  256670	    1189	    1181	      16
2021_06_13	  257852	    1206	    1182	      17
