#
# COVID-19 Country file (official WHO count)
# Country = Belarus
# Latitude = 53.0
# Population = 9415.431
# Territory = 207600.0
# LEB = 74.8
# DPA = 118000
# DPA65 = 84960
# GDP = 6214.0
# GDP_PPP = 19940.0
# COVID-19 Mortality = 315.3
# First_Case = 2020_02_28
# Last_Case = 2021_06_13
# First_Death = 2020_04_02
# Last_Death = 2021_06_13
# Status as of 2021_06_13 = Community transmission
# Vaccine type = Sputnik V
# Vaccine start = 2020_12_28
#
Date	Conf_Cases	Conf_Deaths	Daily_Cases	Daily_Deaths
2020_02_28	       1	       0	       1	       0
2020_02_29	       1	       0	       0	       0
2020_03_01	       1	       0	       0	       0
2020_03_02	       1	       0	       0	       0
2020_03_03	       1	       0	       0	       0
2020_03_04	       1	       0	       0	       0
2020_03_05	       6	       0	       5	       0
2020_03_06	       6	       0	       0	       0
2020_03_07	       6	       0	       0	       0
2020_03_08	       6	       0	       0	       0
2020_03_09	       6	       0	       0	       0
2020_03_10	       6	       0	       0	       0
2020_03_11	       9	       0	       3	       0
2020_03_12	      12	       0	       3	       0
2020_03_13	      12	       0	       0	       0
2020_03_14	      21	       0	       9	       0
2020_03_15	      21	       0	       0	       0
2020_03_16	      36	       0	      15	       0
2020_03_17	      36	       0	       0	       0
2020_03_18	      36	       0	       0	       0
2020_03_19	      46	       0	      10	       0
2020_03_20	      46	       0	       0	       0
2020_03_21	      57	       0	      11	       0
2020_03_22	      76	       0	      19	       0
2020_03_23	      76	       0	       0	       0
2020_03_24	      81	       0	       5	       0
2020_03_25	      81	       0	       0	       0
2020_03_26	      86	       0	       5	       0
2020_03_27	      86	       0	       0	       0
2020_03_28	      94	       0	       8	       0
2020_03_29	      94	       0	       0	       0
2020_03_30	      94	       0	       0	       0
2020_03_31	     152	       0	      58	       0
2020_04_01	     152	       0	       0	       0
2020_04_02	     192	       2	      40	       2
2020_04_03	     254	       4	      62	       2
2020_04_04	     254	       4	       0	       0
2020_04_05	     440	       4	     186	       0
2020_04_06	     562	       8	     122	       4
2020_04_07	     700	      13	     138	       5
2020_04_08	     861	      13	     161	       0
2020_04_09	    1066	      13	     205	       0
2020_04_10	    1066	      13	       0	       0
2020_04_11	    1981	      19	     915	       6
2020_04_12	    2226	      23	     245	       4
2020_04_13	    2578	      26	     352	       3
2020_04_14	    2919	      29	     341	       3
2020_04_15	    3281	      33	     362	       4
2020_04_16	    3728	      36	     447	       3
2020_04_17	    4204	      40	     476	       4
2020_04_18	    4779	      43	     575	       3
2020_04_19	    4779	      45	       0	       2
2020_04_20	    4779	      47	       0	       2
2020_04_21	    6264	      51	    1485	       4
2020_04_22	    6723	      55	     459	       4
2020_04_23	    7281	      60	     558	       5
2020_04_24	    8022	      60	     741	       0
2020_04_25	    8773	      63	     751	       3
2020_04_26	    9590	      67	     817	       4
2020_04_27	   10463	      72	     873	       5
2020_04_28	   12208	      79	    1745	       7
2020_04_29	   12208	      79	       0	       0
2020_04_30	   13181	      84	     973	       5
2020_05_01	   14027	      89	     846	       5
2020_05_02	   14917	      93	     890	       4
2020_05_03	   15828	      97	     911	       4
2020_05_04	   17489	     103	    1661	       6
2020_05_05	   17489	     103	       0	       0
2020_05_06	   19255	     112	    1766	       9
2020_05_07	   19255	     112	       0	       0
2020_05_08	   20168	     116	     913	       4
2020_05_09	   21101	     121	     933	       5
2020_05_10	   22973	     131	    1872	      10
2020_05_11	   23906	     135	     933	       4
2020_05_12	   23906	     135	       0	       0
2020_05_13	   25840	     149	    1934	      14
2020_05_14	   25840	     149	       0	       0
2020_05_15	   26772	     151	     932	       2
2020_05_16	   27730	     156	     958	       5
2020_05_17	   28681	     160	     951	       4
2020_05_18	   29650	     165	     969	       5
2020_05_19	   30572	     171	     922	       6
2020_05_20	   31508	     175	     936	       4
2020_05_21	   33371	     185	    1863	      10
2020_05_22	   34303	     190	     932	       5
2020_05_23	   34303	     190	       0	       0
2020_05_24	   35244	     194	     941	       4
2020_05_25	   36198	     199	     954	       5
2020_05_26	   37144	     204	     946	       5
2020_05_27	   38059	     208	     915	       4
2020_05_28	   38956	     214	     897	       6
2020_05_29	   39858	     219	     902	       5
2020_05_30	   40764	     224	     906	       5
2020_05_31	   41658	     229	     894	       5
2020_06_01	   42556	     235	     898	       6
2020_06_02	   43403	     240	     847	       5
2020_06_03	   44255	     243	     852	       3
2020_06_04	   45116	     248	     861	       5
2020_06_05	   45981	     253	     865	       5
2020_06_06	   46868	     259	     887	       6
2020_06_07	   46868	     259	       0	       0
2020_06_08	   48630	     269	    1762	      10
2020_06_09	   49453	     276	     823	       7
2020_06_10	   50265	     282	     812	       6
2020_06_11	   51066	     288	     801	       6
2020_06_12	   51816	     293	     750	       5
2020_06_13	   52520	     298	     704	       5
2020_06_14	   53241	     303	     721	       5
2020_06_15	   53973	     308	     732	       5
2020_06_16	   54680	     312	     707	       4
2020_06_17	   55369	     318	     689	       6
2020_06_18	   56032	     324	     663	       6
2020_06_19	   56657	     331	     625	       7
2020_06_20	   57333	     337	     676	       6
2020_06_21	   57936	     343	     603	       6
2020_06_22	   58505	     346	     569	       3
2020_06_23	   59023	     351	     518	       5
2020_06_24	   59487	     357	     464	       6
2020_06_25	   59945	     362	     458	       5
2020_06_26	   60382	     367	     437	       5
2020_06_27	   60713	     373	     331	       6
2020_06_28	   61095	     377	     382	       4
2020_06_29	   61475	     383	     380	       6
2020_06_30	   61790	     387	     315	       4
2020_07_01	   62118	     392	     328	       5
2020_07_02	   62424	     398	     306	       6
2020_07_03	   62698	     405	     274	       7
2020_07_04	   62997	     412	     299	       7
2020_07_05	   63270	     418	     273	       6
2020_07_06	   63554	     423	     284	       5
2020_07_07	   63804	     429	     250	       6
2020_07_08	   64003	     436	     199	       7
2020_07_09	   64224	     443	     221	       7
2020_07_10	   64411	     449	     187	       6
2020_07_11	   64604	     454	     193	       5
2020_07_12	   64764	     459	     160	       5
2020_07_13	   64932	     464	     168	       5
2020_07_14	   65114	     468	     182	       4
2020_07_15	   65269	     474	     155	       6
2020_07_16	   65443	     480	     174	       6
2020_07_17	   65623	     485	     180	       5
2020_07_18	   65782	     491	     159	       6
2020_07_19	   65953	     495	     171	       4
2020_07_20	   66095	     499	     142	       4
2020_07_21	   66213	     503	     118	       4
2020_07_22	   66348	     507	     135	       4
2020_07_23	   66521	     513	     173	       6
2020_07_24	   66688	     519	     167	       6
2020_07_25	   66846	     524	     158	       5
2020_07_26	   66846	     524	       0	       0
2020_07_27	   66846	     524	       0	       0
2020_07_28	   67366	     543	     520	      19
2020_07_29	   67518	     548	     152	       5
2020_07_30	   67665	     553	     147	       5
2020_07_31	   67808	     559	     143	       6
2020_08_01	   67808	     559	       0	       0
2020_08_02	   67946	     563	     138	       4
2020_08_03	   68067	     567	     121	       4
2020_08_04	   68166	     571	      99	       4
2020_08_05	   68250	     574	      84	       3
2020_08_06	   68376	     577	     126	       3
2020_08_07	   68503	     580	     127	       3
2020_08_08	   68614	     583	     111	       3
2020_08_09	   68738	     585	     124	       2
2020_08_10	   68850	     587	     112	       2
2020_08_11	   68947	     589	      97	       2
2020_08_12	   69005	     592	      58	       3
2020_08_13	   69102	     595	      97	       3
2020_08_14	   69203	     599	     101	       4
2020_08_15	   69308	     603	     105	       4
2020_08_16	   69424	     607	     116	       4
2020_08_17	   69547	     611	     123	       4
2020_08_18	   69670	     615	     123	       4
2020_08_19	   69793	     619	     123	       4
2020_08_20	   69916	     624	     123	       5
2020_08_21	   70039	     628	     123	       4
2020_08_22	   70162	     632	     123	       4
2020_08_23	   70285	     637	     123	       5
2020_08_24	   70461	     641	     176	       4
2020_08_25	   70638	     646	     177	       5
2020_08_26	   70815	     651	     177	       5
2020_08_27	   70992	     656	     177	       5
2020_08_28	   71169	     661	     177	       5
2020_08_29	   71346	     666	     177	       5
2020_08_30	   71523	     671	     177	       5
2020_08_31	   71685	     675	     162	       4
2020_09_01	   71848	     680	     163	       5
2020_09_02	   72011	     685	     163	       5
2020_09_03	   72174	     690	     163	       5
2020_09_04	   72337	     695	     163	       5
2020_09_05	   72500	     700	     163	       5
2020_09_06	   72663	     705	     163	       5
2020_09_07	   72850	     710	     187	       5
2020_09_08	   73037	     716	     187	       6
2020_09_09	   73225	     721	     188	       5
2020_09_10	   73412	     727	     187	       6
2020_09_11	   73600	     732	     188	       5
2020_09_12	   73787	     738	     187	       6
2020_09_13	   73975	     744	     188	       6
2020_09_14	   74187	     748	     212	       4
2020_09_15	   74399	     753	     212	       5
2020_09_16	   74611	     757	     212	       4
2020_09_17	   74824	     762	     213	       5
2020_09_18	   75036	     766	     212	       4
2020_09_19	   75248	     771	     212	       5
2020_09_20	   75461	     776	     213	       5
2020_09_21	   75722	     781	     261	       5
2020_09_22	   75983	     786	     261	       5
2020_09_23	   76244	     791	     261	       5
2020_09_24	   76505	     797	     261	       6
2020_09_25	   76766	     802	     261	       5
2020_09_26	   77027	     807	     261	       5
2020_09_27	   77289	     813	     262	       6
2020_09_28	   77655	     818	     366	       5
2020_09_29	   78021	     823	     366	       5
2020_09_30	   78387	     829	     366	       6
2020_10_01	   78753	     834	     366	       5
2020_10_02	   79119	     840	     366	       6
2020_10_03	   79485	     845	     366	       5
2020_10_04	   79852	     851	     367	       6
2020_10_05	   80305	     856	     453	       5
2020_10_06	   80758	     862	     453	       6
2020_10_07	   81211	     868	     453	       6
2020_10_08	   81664	     873	     453	       5
2020_10_09	   82117	     879	     453	       6
2020_10_10	   82570	     885	     453	       6
2020_10_11	   83023	     891	     453	       6
2020_10_12	   83690	     896	     667	       5
2020_10_13	   84358	     901	     668	       5
2020_10_14	   85026	     907	     668	       6
2020_10_15	   85694	     912	     668	       5
2020_10_16	   86362	     918	     668	       6
2020_10_17	   87030	     923	     668	       5
2020_10_18	   87698	     929	     668	       6
2020_10_19	   88556	     933	     858	       4
2020_10_20	   89414	     938	     858	       5
2020_10_21	   90273	     942	     859	       4
2020_10_22	   91131	     947	     858	       5
2020_10_23	   91990	     951	     859	       4
2020_10_24	   92848	     956	     858	       5
2020_10_25	   93707	     961	     859	       5
2020_10_26	   94528	     964	     821	       3
2020_10_27	   95350	     967	     822	       3
2020_10_28	   96172	     971	     822	       4
2020_10_29	   96993	     974	     821	       3
2020_10_30	   97815	     978	     822	       4
2020_10_31	   98637	     981	     822	       3
2020_11_01	   99459	     985	     822	       4
2020_11_02	  100291	     987	     832	       2
2020_11_03	  101123	     990	     832	       3
2020_11_04	  101955	     993	     832	       3
2020_11_05	  102787	     995	     832	       2
2020_11_06	  103619	     998	     832	       3
2020_11_07	  104451	    1001	     832	       3
2020_11_08	  105283	    1004	     832	       3
2020_11_09	  106366	    1009	    1083	       5
2020_11_10	  107450	    1014	    1084	       5
2020_11_11	  108534	    1019	    1084	       5
2020_11_12	  109618	    1024	    1084	       5
2020_11_13	  110702	    1029	    1084	       5
2020_11_14	  111786	    1034	    1084	       5
2020_11_15	  112870	    1039	    1084	       5
2020_11_16	  114459	    1047	    1589	       8
2020_11_17	  116049	    1055	    1590	       8
2020_11_18	  117639	    1063	    1590	       8
2020_11_19	  119229	    1071	    1590	       8
2020_11_20	  120819	    1079	    1590	       8
2020_11_21	  122409	    1087	    1590	       8
2020_11_22	  123999	    1096	    1590	       9
2020_11_23	  125331	    1102	    1332	       6
2020_11_24	  126663	    1109	    1332	       7
2020_11_25	  127995	    1116	    1332	       7
2020_11_26	  129327	    1122	    1332	       6
2020_11_27	  130659	    1129	    1332	       7
2020_11_28	  131991	    1136	    1332	       7
2020_11_29	  133324	    1143	    1333	       7
2020_11_30	  135031	    1150	    1707	       7
2020_12_01	  136739	    1158	    1708	       8
2020_12_02	  138447	    1166	    1708	       8
2020_12_03	  140155	    1174	    1708	       8
2020_12_04	  141863	    1182	    1708	       8
2020_12_05	  143571	    1190	    1708	       8
2020_12_06	  145279	    1198	    1708	       8
2020_12_07	  147144	    1206	    1865	       8
2020_12_08	  149009	    1214	    1865	       8
2020_12_09	  150874	    1222	    1865	       8
2020_12_10	  152739	    1230	    1865	       8
2020_12_11	  154604	    1238	    1865	       8
2020_12_12	  156469	    1246	    1865	       8
2020_12_13	  158334	    1254	    1865	       8
2020_12_14	  160226	    1262	    1892	       8
2020_12_15	  162118	    1271	    1892	       9
2020_12_16	  164010	    1280	    1892	       9
2020_12_17	  165902	    1289	    1892	       9
2020_12_18	  167794	    1298	    1892	       9
2020_12_19	  169686	    1307	    1892	       9
2020_12_20	  171579	    1316	    1893	       9
2020_12_21	  173485	    1324	    1906	       8
2020_12_22	  175391	    1333	    1906	       9
2020_12_23	  177297	    1341	    1906	       8
2020_12_24	  179203	    1350	    1906	       9
2020_12_25	  181109	    1358	    1906	       8
2020_12_26	  183015	    1367	    1906	       9
2020_12_27	  184922	    1376	    1907	       9
2020_12_28	  186808	    1385	    1886	       9
2020_12_29	  188694	    1394	    1886	       9
2020_12_30	  190580	    1404	    1886	      10
2020_12_31	  192466	    1413	    1886	       9
2021_01_01	  194352	    1423	    1886	      10
2021_01_02	  196238	    1432	    1886	       9
2021_01_03	  198125	    1442	    1887	      10
2021_01_04	  199874	    1451	    1749	       9
2021_01_05	  201623	    1460	    1749	       9
2021_01_06	  203372	    1469	    1749	       9
2021_01_07	  205121	    1479	    1749	      10
2021_01_08	  206870	    1488	    1749	       9
2021_01_09	  208619	    1497	    1749	       9
2021_01_10	  210368	    1507	    1749	      10
2021_01_11	  212249	    1516	    1881	       9
2021_01_12	  214130	    1525	    1881	       9
2021_01_13	  216011	    1535	    1881	      10
2021_01_14	  217893	    1544	    1882	       9
2021_01_15	  219774	    1554	    1881	      10
2021_01_16	  221655	    1563	    1881	       9
2021_01_17	  223537	    1573	    1882	      10
2021_01_18	  225297	    1582	    1760	       9
2021_01_19	  227057	    1591	    1760	       9
2021_01_20	  228817	    1601	    1760	      10
2021_01_21	  230578	    1610	    1761	       9
2021_01_22	  232338	    1620	    1760	      10
2021_01_23	  234098	    1629	    1760	       9
2021_01_24	  235859	    1639	    1761	      10
2021_01_25	  237389	    1648	    1530	       9
2021_01_26	  238919	    1658	    1530	      10
2021_01_27	  240449	    1668	    1530	      10
2021_01_28	  241979	    1678	    1530	      10
2021_01_29	  243509	    1688	    1530	      10
2021_01_30	  245039	    1698	    1530	      10
2021_01_31	  246570	    1708	    1531	      10
2021_02_01	  248054	    1717	    1484	       9
2021_02_02	  249538	    1726	    1484	       9
2021_02_03	  251022	    1735	    1484	       9
2021_02_04	  252506	    1745	    1484	      10
2021_02_05	  253990	    1754	    1484	       9
2021_02_06	  255474	    1763	    1484	       9
2021_02_07	  256959	    1773	    1485	      10
2021_02_08	  258397	    1782	    1438	       9
2021_02_09	  259836	    1792	    1439	      10
2021_02_10	  261274	    1801	    1438	       9
2021_02_11	  262713	    1811	    1439	      10
2021_02_12	  264151	    1820	    1438	       9
2021_02_13	  265590	    1830	    1439	      10
2021_02_14	  267029	    1840	    1439	      10
2021_02_15	  268452	    1849	    1423	       9
2021_02_16	  269875	    1858	    1423	       9
2021_02_17	  271298	    1867	    1423	       9
2021_02_18	  272721	    1876	    1423	       9
2021_02_19	  274144	    1885	    1423	       9
2021_02_20	  275567	    1894	    1423	       9
2021_02_21	  276990	    1903	    1423	       9
2021_02_22	  278271	    1912	    1281	       9
2021_02_23	  279552	    1921	    1281	       9
2021_02_24	  280833	    1930	    1281	       9
2021_02_25	  282115	    1939	    1282	       9
2021_02_26	  283396	    1948	    1281	       9
2021_02_27	  284677	    1957	    1281	       9
2021_02_28	  285959	    1966	    1282	       9
2021_03_01	  287169	    1975	    1210	       9
2021_03_02	  288379	    1984	    1210	       9
2021_03_03	  289590	    1993	    1211	       9
2021_03_04	  290800	    2002	    1210	       9
2021_03_05	  292011	    2011	    1211	       9
2021_03_06	  293221	    2020	    1210	       9
2021_03_07	  294432	    2029	    1211	       9
2021_03_08	  295417	    2037	     985	       8
2021_03_09	  296402	    2045	     985	       8
2021_03_10	  297387	    2053	     985	       8
2021_03_11	  298372	    2062	     985	       9
2021_03_12	  299357	    2070	     985	       8
2021_03_13	  300342	    2078	     985	       8
2021_03_14	  301328	    2087	     986	       9
2021_03_15	  302465	    2095	    1137	       8
2021_03_16	  303603	    2104	    1138	       9
2021_03_17	  304741	    2113	    1138	       9
2021_03_18	  305879	    2121	    1138	       8
2021_03_19	  307017	    2130	    1138	       9
2021_03_20	  308155	    2139	    1138	       9
2021_03_21	  309293	    2148	    1138	       9
2021_03_22	  310484	    2157	    1191	       9
2021_03_23	  311675	    2166	    1191	       9
2021_03_24	  312866	    2175	    1191	       9
2021_03_25	  314057	    2184	    1191	       9
2021_03_26	  315248	    2193	    1191	       9
2021_03_27	  316439	    2202	    1191	       9
2021_03_28	  317631	    2211	    1192	       9
2021_03_29	  318835	    2220	    1204	       9
2021_03_30	  320040	    2229	    1205	       9
2021_03_31	  321245	    2238	    1205	       9
2021_04_01	  322450	    2248	    1205	      10
2021_04_02	  323655	    2257	    1205	       9
2021_04_03	  324860	    2266	    1205	       9
2021_04_04	  326065	    2276	    1205	      10
2021_04_05	  327321	    2285	    1256	       9
2021_04_06	  328578	    2295	    1257	      10
2021_04_07	  329835	    2305	    1257	      10
2021_04_08	  331092	    2314	    1257	       9
2021_04_09	  332349	    2324	    1257	      10
2021_04_10	  333606	    2334	    1257	      10
2021_04_11	  334863	    2344	    1257	      10
2021_04_12	  336014	    2353	    1151	       9
2021_04_13	  337165	    2363	    1151	      10
2021_04_14	  338317	    2373	    1152	      10
2021_04_15	  339468	    2383	    1151	      10
2021_04_16	  340620	    2393	    1152	      10
2021_04_17	  341771	    2403	    1151	      10
2021_04_18	  342923	    2413	    1152	      10
2021_04_19	  344173	    2423	    1250	      10
2021_04_20	  345423	    2433	    1250	      10
2021_04_21	  346673	    2443	    1250	      10
2021_04_22	  347923	    2453	    1250	      10
2021_04_23	  349173	    2463	    1250	      10
2021_04_24	  350423	    2473	    1250	      10
2021_04_25	  351674	    2483	    1251	      10
2021_04_26	  352860	    2492	    1186	       9
2021_04_27	  354047	    2502	    1187	      10
2021_04_28	  355234	    2512	    1187	      10
2021_04_29	  356421	    2522	    1187	      10
2021_04_30	  357608	    2532	    1187	      10
2021_05_01	  358795	    2542	    1187	      10
2021_05_02	  359982	    2552	    1187	      10
2021_05_03	  361080	    2562	    1098	      10
2021_05_04	  362179	    2572	    1099	      10
2021_05_05	  363278	    2582	    1099	      10
2021_05_06	  364377	    2592	    1099	      10
2021_05_07	  365476	    2602	    1099	      10
2021_05_08	  366575	    2612	    1099	      10
2021_05_09	  367674	    2622	    1099	      10
2021_05_10	  368679	    2631	    1005	       9
2021_05_11	  369685	    2641	    1006	      10
2021_05_12	  370691	    2651	    1006	      10
2021_05_13	  371696	    2661	    1005	      10
2021_05_14	  372702	    2671	    1006	      10
2021_05_15	  373708	    2681	    1006	      10
2021_05_16	  374714	    2691	    1006	      10
2021_05_17	  376151	    2701	    1437	      10
2021_05_18	  377588	    2711	    1437	      10
2021_05_19	  379025	    2721	    1437	      10
2021_05_20	  380462	    2731	    1437	      10
2021_05_21	  381899	    2741	    1437	      10
2021_05_22	  383336	    2751	    1437	      10
2021_05_23	  384773	    2761	    1437	      10
2021_05_24	  385753	    2769	     980	       8
2021_05_25	  386734	    2778	     981	       9
2021_05_26	  387714	    2786	     980	       8
2021_05_27	  388695	    2795	     981	       9
2021_05_28	  389675	    2803	     980	       8
2021_05_29	  390656	    2812	     981	       9
2021_05_30	  391637	    2821	     981	       9
2021_05_31	  392675	    2832	    1038	      11
2021_06_01	  393714	    2843	    1039	      11
2021_06_02	  394753	    2854	    1039	      11
2021_06_03	  395792	    2866	    1039	      12
2021_06_04	  396831	    2877	    1039	      11
2021_06_05	  397870	    2888	    1039	      11
2021_06_06	  398909	    2900	    1039	      12
2021_06_07	  399742	    2909	     833	       9
2021_06_08	  400575	    2919	     833	      10
2021_06_09	  401408	    2929	     833	      10
2021_06_10	  402241	    2939	     833	      10
2021_06_11	  403074	    2949	     833	      10
2021_06_12	  403907	    2959	     833	      10
2021_06_13	  404740	    2969	     833	      10
