#
# COVID-19 Country file (official WHO count)
# Country = Bolivia (Plurinational State of)
# Latitude = -16.0
# Population = 11543.982
# Territory = 1098581.0
# LEB = 71.5
# DPA = 78000
# DPA65 = 33540
# GDP = 3538.0
# GDP_PPP = 7966.0
# COVID-19 Mortality = 1335.5
# First_Case = 2020_03_11
# Last_Case = 2021_06_13
# First_Death = 2020_03_31
# Last_Death = 2021_06_13
# Status as of 2021_06_13 = Community transmission
# Vaccine type = Unknown
# Vaccine start = NA
#
Date	Conf_Cases	Conf_Deaths	Daily_Cases	Daily_Deaths
2020_03_11	       2	       0	       2	       0
2020_03_12	       2	       0	       0	       0
2020_03_13	       3	       0	       1	       0
2020_03_14	       3	       0	       0	       0
2020_03_15	       3	       0	       0	       0
2020_03_16	      11	       0	       8	       0
2020_03_17	      11	       0	       0	       0
2020_03_18	      11	       0	       0	       0
2020_03_19	      12	       0	       1	       0
2020_03_20	      15	       0	       3	       0
2020_03_21	      16	       0	       1	       0
2020_03_22	      19	       0	       3	       0
2020_03_23	      24	       0	       5	       0
2020_03_24	      27	       0	       3	       0
2020_03_25	      28	       0	       1	       0
2020_03_26	      39	       0	      11	       0
2020_03_27	      39	       0	       0	       0
2020_03_28	      61	       0	      22	       0
2020_03_29	      74	       0	      13	       0
2020_03_30	      74	       0	       0	       0
2020_03_31	      97	       5	      23	       5
2020_04_01	     107	       6	      10	       1
2020_04_02	     115	       7	       8	       1
2020_04_03	     123	       8	       8	       1
2020_04_04	     132	       9	       9	       1
2020_04_05	     139	      10	       7	       1
2020_04_06	     157	      10	      18	       0
2020_04_07	     183	      11	      26	       1
2020_04_08	     194	      14	      11	       3
2020_04_09	     210	      15	      16	       1
2020_04_10	     264	      18	      54	       3
2020_04_11	     268	      19	       4	       1
2020_04_12	     275	      20	       7	       1
2020_04_13	     300	      24	      25	       4
2020_04_14	     330	      27	      30	       3
2020_04_15	     354	      28	      24	       1
2020_04_16	     397	      28	      43	       0
2020_04_17	     441	      29	      44	       1
2020_04_18	     465	      31	      24	       2
2020_04_19	     493	      31	      28	       0
2020_04_20	     520	      32	      27	       1
2020_04_21	     564	      33	      44	       1
2020_04_22	     598	      34	      34	       1
2020_04_23	     609	      37	      11	       3
2020_04_24	     672	      40	      63	       3
2020_04_25	     703	      43	      31	       3
2020_04_26	     807	      44	     104	       1
2020_04_27	     866	      46	      59	       2
2020_04_28	     950	      50	      84	       4
2020_04_29	    1014	      53	      64	       3
2020_04_30	    1053	      55	      39	       2
2020_05_01	    1110	      59	      57	       4
2020_05_02	    1167	      62	      57	       3
2020_05_03	    1229	      66	      62	       4
2020_05_04	    1470	      71	     241	       5
2020_05_05	    1594	      76	     124	       5
2020_05_06	    1681	      82	      87	       6
2020_05_07	    1802	      86	     121	       4
2020_05_08	    1886	      91	      84	       5
2020_05_09	    2081	     102	     195	      11
2020_05_10	    2266	     106	     185	       4
2020_05_11	    2437	     114	     171	       8
2020_05_12	    2556	     118	     119	       4
2020_05_13	    2831	     122	     275	       4
2020_05_14	    2964	     128	     133	       6
2020_05_15	    3148	     142	     184	      14
2020_05_16	    3372	     152	     224	      10
2020_05_17	    3577	     164	     205	      12
2020_05_18	    3826	     165	     249	       1
2020_05_19	    4088	     169	     262	       4
2020_05_20	    4263	     174	     175	       5
2020_05_21	    4481	     189	     218	      15
2020_05_22	    4919	     199	     438	      10
2020_05_23	    5187	     215	     268	      16
2020_05_24	    5579	     230	     392	      15
2020_05_25	    5915	     240	     336	      10
2020_05_26	    6263	     250	     348	      10
2020_05_27	    6660	     261	     397	      11
2020_05_28	    7136	     274	     476	      13
2020_05_29	    7768	     280	     632	       6
2020_05_30	    8387	     293	     619	      13
2020_05_31	    8731	     300	     344	       7
2020_06_01	    9592	     310	     861	      10
2020_06_02	    9982	     313	     390	       3
2020_06_03	   10531	     343	     549	      30
2020_06_04	   10991	     376	     460	      33
2020_06_05	   11638	     400	     647	      24
2020_06_06	   12245	     415	     607	      15
2020_06_07	   12728	     427	     483	      12
2020_06_08	   13358	     454	     630	      27
2020_06_09	   13643	     465	     285	      11
2020_06_10	   13949	     475	     306	      10
2020_06_11	   14644	     487	     695	      12
2020_06_12	   15281	     512	     637	      25
2020_06_13	   16165	     533	     884	      21
2020_06_14	   16929	     559	     764	      26
2020_06_15	   17842	     585	     913	      26
2020_06_16	   18459	     611	     617	      26
2020_06_17	   19073	     632	     614	      21
2020_06_18	   19883	     659	     810	      27
2020_06_19	   20685	     679	     802	      20
2020_06_20	   21499	     697	     814	      18
2020_06_21	   22476	     715	     977	      18
2020_06_22	   23512	     740	    1036	      25
2020_06_23	   24388	     773	     876	      33
2020_06_24	   25493	     820	    1105	      47
2020_06_25	   26389	     846	     896	      26
2020_06_26	   27487	     876	    1098	      30
2020_06_27	   28503	     913	    1016	      37
2020_06_28	   29423	     934	     920	      21
2020_06_29	   30676	     970	    1253	      36
2020_06_30	   31524	    1014	     848	      44
2020_07_01	   32125	    1071	     601	      57
2020_07_02	   33219	    1123	    1094	      52
2020_07_03	   34227	    1201	    1008	      78
2020_07_04	   35528	    1271	    1301	      70
2020_07_05	   36818	    1320	    1290	      49
2020_07_06	   38071	    1378	    1253	      58
2020_07_07	   39297	    1434	    1226	      56
2020_07_08	   40509	    1476	    1212	      42
2020_07_09	   41545	    1530	    1036	      54
2020_07_10	   42984	    1577	    1439	      47
2020_07_11	   44113	    1638	    1129	      61
2020_07_12	   45565	    1702	    1452	      64
2020_07_13	   47200	    1754	    1635	      52
2020_07_14	   48187	    1807	     987	      53
2020_07_15	   49250	    1866	    1063	      59
2020_07_16	   50867	    1898	    1617	      32
2020_07_17	   52218	    1942	    1351	      44
2020_07_18	   54156	    1984	    1938	      42
2020_07_19	   56102	    2049	    1946	      65
2020_07_20	   58138	    2106	    2036	      57
2020_07_21	   59582	    2151	    1444	      45
2020_07_22	   60991	    2218	    1409	      67
2020_07_23	   62357	    2273	    1366	      55
2020_07_24	   64135	    2328	    1778	      55
2020_07_25	   65252	    2407	    1117	      79
2020_07_26	   65252	    2407	       0	       0
2020_07_27	   68281	    2535	    3029	     128
2020_07_28	   69429	    2583	    1148	      48
2020_07_29	   71181	    2647	    1752	      64
2020_07_30	   72327	    2720	    1146	      73
2020_07_31	   73534	    2808	    1207	      88
2020_08_01	   75234	    2894	    1700	      86
2020_08_02	   76789	    2977	    1555	      83
2020_08_03	   78793	    3064	    2004	      87
2020_08_04	   80153	    3153	    1360	      89
2020_08_05	   81846	    3228	    1693	      75
2020_08_06	   83361	    3320	    1515	      92
2020_08_07	   85141	    3385	    1780	      65
2020_08_08	   86423	    3465	    1282	      80
2020_08_09	   87891	    3524	    1468	      59
2020_08_10	   89055	    3687	    1164	     163
2020_08_11	   89999	    3640	     944	     -47
2020_08_12	   91635	    3712	    1636	      72
2020_08_13	   93328	    3761	    1693	      49
2020_08_14	   95071	    3827	    1743	      66
2020_08_15	   96459	    3884	    1388	      57
2020_08_16	   97950	    3939	    1491	      55
2020_08_17	   99305	    4000	    1355	      61
2020_08_18	  100660	    4061	    1355	      61
2020_08_19	  102015	    4122	    1355	      61
2020_08_20	  103370	    4183	    1355	      61
2020_08_21	  104725	    4244	    1355	      61
2020_08_22	  106080	    4305	    1355	      61
2020_08_23	  107435	    4366	    1355	      61
2020_08_24	  108431	    4434	     996	      68
2020_08_25	  109427	    4503	     996	      69
2020_08_26	  110423	    4571	     996	      68
2020_08_27	  111420	    4640	     997	      69
2020_08_28	  112416	    4708	     996	      68
2020_08_29	  113412	    4777	     996	      69
2020_08_30	  114409	    4846	     997	      69
2020_08_31	  115147	    4917	     738	      71
2020_09_01	  115886	    4988	     739	      71
2020_09_02	  116625	    5059	     739	      71
2020_09_03	  117363	    5130	     738	      71
2020_09_04	  118102	    5201	     739	      71
2020_09_05	  118841	    5272	     739	      71
2020_09_06	  119580	    5343	     739	      71
2020_09_07	  120378	    5615	     798	     272
2020_09_08	  121177	    5887	     799	     272
2020_09_09	  121976	    6160	     799	     273
2020_09_10	  122775	    6432	     799	     272
2020_09_11	  123574	    6705	     799	     273
2020_09_12	  124373	    6977	     799	     272
2020_09_13	  125172	    7250	     799	     273
2020_09_14	  125869	    7292	     697	      42
2020_09_15	  126566	    7335	     697	      43
2020_09_16	  127263	    7378	     697	      43
2020_09_17	  127960	    7421	     697	      43
2020_09_18	  128657	    7464	     697	      43
2020_09_19	  129354	    7507	     697	      43
2020_09_20	  130051	    7550	     697	      43
2020_09_21	  130504	    7585	     453	      35
2020_09_22	  130957	    7621	     453	      36
2020_09_23	  131410	    7657	     453	      36
2020_09_24	  131863	    7692	     453	      35
2020_09_25	  132316	    7728	     453	      36
2020_09_26	  132769	    7764	     453	      36
2020_09_27	  133222	    7800	     453	      36
2020_09_28	  133650	    7835	     428	      35
2020_09_29	  134078	    7870	     428	      35
2020_09_30	  134506	    7905	     428	      35
2020_10_01	  134934	    7940	     428	      35
2020_10_02	  135362	    7975	     428	      35
2020_10_03	  135790	    8010	     428	      35
2020_10_04	  136219	    8045	     429	      35
2020_10_05	  136505	    8076	     286	      31
2020_10_06	  136792	    8107	     287	      31
2020_10_07	  137079	    8138	     287	      31
2020_10_08	  137365	    8169	     286	      31
2020_10_09	  137652	    8200	     287	      31
2020_10_10	  137939	    8231	     287	      31
2020_10_11	  138226	    8262	     287	      31
2020_10_12	  138446	    8293	     220	      31
2020_10_13	  138667	    8324	     221	      31
2020_10_14	  138888	    8355	     221	      31
2020_10_15	  139108	    8387	     220	      32
2020_10_16	  139329	    8418	     221	      31
2020_10_17	  139550	    8449	     221	      31
2020_10_18	  139771	    8481	     221	      32
2020_10_19	  139925	    8504	     154	      23
2020_10_20	  140080	    8527	     155	      23
2020_10_21	  140234	    8551	     154	      24
2020_10_22	  140389	    8574	     155	      23
2020_10_23	  140543	    8598	     154	      24
2020_10_24	  140698	    8621	     155	      23
2020_10_25	  140853	    8645	     155	      24
2020_10_26	  140964	    8655	     111	      10
2020_10_27	  141075	    8665	     111	      10
2020_10_28	  141186	    8675	     111	      10
2020_10_29	  141297	    8685	     111	      10
2020_10_30	  141408	    8695	     111	      10
2020_10_31	  141519	    8705	     111	      10
2020_11_01	  141631	    8715	     112	      10
2020_11_02	  141732	    8724	     101	       9
2020_11_03	  141834	    8733	     102	       9
2020_11_04	  141936	    8743	     102	      10
2020_11_05	  142037	    8752	     101	       9
2020_11_06	  142139	    8762	     102	      10
2020_11_07	  142241	    8771	     102	       9
2020_11_08	  142343	    8781	     102	      10
2020_11_09	  142446	    8788	     103	       7
2020_11_10	  142550	    8796	     104	       8
2020_11_11	  142654	    8804	     104	       8
2020_11_12	  142757	    8811	     103	       7
2020_11_13	  142861	    8819	     104	       8
2020_11_14	  142965	    8827	     104	       8
2020_11_15	  143069	    8835	     104	       8
2020_11_16	  143181	    8844	     112	       9
2020_11_17	  143293	    8853	     112	       9
2020_11_18	  143405	    8862	     112	       9
2020_11_19	  143517	    8872	     112	      10
2020_11_20	  143629	    8881	     112	       9
2020_11_21	  143741	    8890	     112	       9
2020_11_22	  143854	    8900	     113	      10
2020_11_23	  143945	    8906	      91	       6
2020_11_24	  144036	    8912	      91	       6
2020_11_25	  144128	    8918	      92	       6
2020_11_26	  144219	    8924	      91	       6
2020_11_27	  144311	    8930	      92	       6
2020_11_28	  144402	    8936	      91	       6
2020_11_29	  144494	    8943	      92	       7
2020_11_30	  144612	    8949	     118	       6
2020_12_01	  144731	    8955	     119	       6
2020_12_02	  144850	    8961	     119	       6
2020_12_03	  144968	    8968	     118	       7
2020_12_04	  145087	    8974	     119	       6
2020_12_05	  145206	    8980	     119	       6
2020_12_06	  145325	    8987	     119	       7
2020_12_07	  145521	    8990	     196	       3
2020_12_08	  145717	    8994	     196	       4
2020_12_09	  145913	    8998	     196	       4
2020_12_10	  146109	    9001	     196	       3
2020_12_11	  146305	    9005	     196	       4
2020_12_12	  146501	    9009	     196	       4
2020_12_13	  146697	    9013	     196	       4
2020_12_14	  147047	    9015	     350	       2
2020_12_15	  147397	    9018	     350	       3
2020_12_16	  147747	    9021	     350	       3
2020_12_17	  148098	    9024	     351	       3
2020_12_18	  148448	    9027	     350	       3
2020_12_19	  148798	    9030	     350	       3
2020_12_20	  149149	    9033	     351	       3
2020_12_21	  149783	    9040	     634	       7
2020_12_22	  150417	    9047	     634	       7
2020_12_23	  151052	    9054	     635	       7
2020_12_24	  151686	    9061	     634	       7
2020_12_25	  152321	    9068	     635	       7
2020_12_26	  152955	    9075	     634	       7
2020_12_27	  153590	    9083	     635	       8
2020_12_28	  154799	    9097	    1209	      14
2020_12_29	  156008	    9112	    1209	      15
2020_12_30	  157217	    9127	    1209	      15
2020_12_31	  158427	    9141	    1210	      14
2021_01_01	  159636	    9156	    1209	      15
2021_01_02	  160845	    9171	    1209	      15
2021_01_03	  162055	    9186	    1210	      15
2021_01_04	  163354	    9206	    1299	      20
2021_01_05	  164654	    9226	    1300	      20
2021_01_06	  165954	    9246	    1300	      20
2021_01_07	  167254	    9267	    1300	      21
2021_01_08	  168554	    9287	    1300	      20
2021_01_09	  169854	    9307	    1300	      20
2021_01_10	  171154	    9328	    1300	      21
2021_01_11	  172930	    9362	    1776	      34
2021_01_12	  174706	    9397	    1776	      35
2021_01_13	  176483	    9432	    1777	      35
2021_01_14	  178259	    9466	    1776	      34
2021_01_15	  180036	    9501	    1777	      35
2021_01_16	  181812	    9536	    1776	      35
2021_01_17	  183589	    9571	    1777	      35
2021_01_18	  185684	    9613	    2095	      42
2021_01_19	  187779	    9656	    2095	      43
2021_01_20	  189875	    9699	    2096	      43
2021_01_21	  191970	    9742	    2095	      43
2021_01_22	  194066	    9785	    2096	      43
2021_01_23	  196161	    9828	    2095	      43
2021_01_24	  198257	    9871	    2096	      43
2021_01_25	  200419	    9921	    2162	      50
2021_01_26	  202581	    9972	    2162	      51
2021_01_27	  204743	   10023	    2162	      51
2021_01_28	  206905	   10073	    2162	      50
2021_01_29	  209067	   10124	    2162	      51
2021_01_30	  211229	   10175	    2162	      51
2021_01_31	  213392	   10226	    2163	      51
2021_02_01	  215180	   10291	    1788	      65
2021_02_02	  216968	   10357	    1788	      66
2021_02_03	  218756	   10423	    1788	      66
2021_02_04	  220545	   10489	    1789	      66
2021_02_05	  222333	   10555	    1788	      66
2021_02_06	  224121	   10621	    1788	      66
2021_02_07	  225910	   10687	    1789	      66
2021_02_08	  227222	   10747	    1312	      60
2021_02_09	  228535	   10807	    1313	      60
2021_02_10	  229847	   10867	    1312	      60
2021_02_11	  231160	   10927	    1313	      60
2021_02_12	  232472	   10987	    1312	      60
2021_02_13	  233785	   11047	    1313	      60
2021_02_14	  235098	   11107	    1313	      60
2021_02_15	  235894	   11147	     796	      40
2021_02_16	  236691	   11187	     797	      40
2021_02_17	  237488	   11228	     797	      41
2021_02_18	  238285	   11268	     797	      40
2021_02_19	  239082	   11309	     797	      41
2021_02_20	  239879	   11349	     797	      40
2021_02_21	  240676	   11390	     797	      41
2021_02_22	  241706	   11421	    1030	      31
2021_02_23	  242737	   11452	    1031	      31
2021_02_24	  243768	   11483	    1031	      31
2021_02_25	  244798	   11515	    1030	      32
2021_02_26	  245829	   11546	    1031	      31
2021_02_27	  246860	   11577	    1031	      31
2021_02_28	  247891	   11609	    1031	      32
2021_03_01	  248663	   11634	     772	      25
2021_03_02	  249435	   11660	     772	      26
2021_03_03	  250207	   11686	     772	      26
2021_03_04	  250980	   11711	     773	      25
2021_03_05	  251752	   11737	     772	      26
2021_03_06	  252524	   11763	     772	      26
2021_03_07	  253297	   11789	     773	      26
2021_03_08	  254015	   11805	     718	      16
2021_03_09	  254733	   11821	     718	      16
2021_03_10	  255451	   11837	     718	      16
2021_03_11	  256169	   11854	     718	      17
2021_03_12	  256887	   11870	     718	      16
2021_03_13	  257605	   11886	     718	      16
2021_03_14	  258324	   11903	     719	      17
2021_03_15	  259107	   11922	     783	      19
2021_03_16	  259890	   11942	     783	      20
2021_03_17	  260674	   11962	     784	      20
2021_03_18	  261457	   11981	     783	      19
2021_03_19	  262241	   12001	     784	      20
2021_03_20	  263024	   12021	     783	      20
2021_03_21	  263808	   12041	     784	      20
2021_03_22	  264508	   12055	     700	      14
2021_03_23	  265208	   12070	     700	      15
2021_03_24	  265909	   12084	     701	      14
2021_03_25	  266609	   12099	     700	      15
2021_03_26	  267310	   12113	     701	      14
2021_03_27	  268010	   12128	     700	      15
2021_03_28	  268711	   12143	     701	      15
2021_03_29	  269459	   12166	     748	      23
2021_03_30	  270207	   12189	     748	      23
2021_03_31	  270955	   12212	     748	      23
2021_04_01	  271703	   12235	     748	      23
2021_04_02	  272451	   12258	     748	      23
2021_04_03	  273199	   12281	     748	      23
2021_04_04	  273947	   12305	     748	      24
2021_04_05	  274904	   12322	     957	      17
2021_04_06	  275861	   12340	     957	      18
2021_04_07	  276819	   12357	     958	      17
2021_04_08	  277776	   12375	     957	      18
2021_04_09	  278734	   12392	     958	      17
2021_04_10	  279691	   12410	     957	      18
2021_04_11	  280649	   12428	     958	      18
2021_04_12	  281607	   12456	     958	      28
2021_04_13	  282566	   12484	     959	      28
2021_04_14	  283525	   12512	     959	      28
2021_04_15	  284483	   12540	     958	      28
2021_04_16	  285442	   12568	     959	      28
2021_04_17	  286401	   12596	     959	      28
2021_04_18	  287360	   12625	     959	      29
2021_04_19	  288578	   12647	    1218	      22
2021_04_20	  289797	   12670	    1219	      23
2021_04_21	  291016	   12692	    1219	      22
2021_04_22	  292235	   12715	    1219	      23
2021_04_23	  293454	   12737	    1219	      22
2021_04_24	  294673	   12760	    1219	      23
2021_04_25	  295892	   12783	    1219	      23
2021_04_26	  297278	   12810	    1386	      27
2021_04_27	  298664	   12837	    1386	      27
2021_04_28	  300050	   12865	    1386	      28
2021_04_29	  301436	   12892	    1386	      27
2021_04_30	  302822	   12920	    1386	      28
2021_05_01	  304208	   12947	    1386	      27
2021_05_02	  305594	   12975	    1386	      28
2021_05_03	  307102	   13004	    1508	      29
2021_05_04	  308610	   13034	    1508	      30
2021_05_05	  310119	   13063	    1509	      29
2021_05_06	  311627	   13093	    1508	      30
2021_05_07	  313136	   13122	    1509	      29
2021_05_08	  314644	   13152	    1508	      30
2021_05_09	  316153	   13182	    1509	      30
2021_05_10	  318093	   13220	    1940	      38
2021_05_11	  320033	   13258	    1940	      38
2021_05_12	  321973	   13297	    1940	      39
2021_05_13	  323913	   13335	    1940	      38
2021_05_14	  325853	   13374	    1940	      39
2021_05_15	  327793	   13412	    1940	      38
2021_05_16	  329733	   13451	    1940	      39
2021_05_17	  332066	   13509	    2333	      58
2021_05_18	  334400	   13567	    2334	      58
2021_05_19	  336734	   13625	    2334	      58
2021_05_20	  339068	   13683	    2334	      58
2021_05_21	  341402	   13741	    2334	      58
2021_05_22	  343736	   13799	    2334	      58
2021_05_23	  346070	   13857	    2334	      58
2021_05_24	  348712	   13931	    2642	      74
2021_05_25	  351355	   14005	    2643	      74
2021_05_26	  353998	   14079	    2643	      74
2021_05_27	  356641	   14154	    2643	      75
2021_05_28	  359284	   14228	    2643	      74
2021_05_29	  361927	   14302	    2643	      74
2021_05_30	  364570	   14377	    2643	      75
2021_05_31	  367268	   14451	    2698	      74
2021_06_01	  369966	   14526	    2698	      75
2021_06_02	  372664	   14601	    2698	      75
2021_06_03	  375362	   14675	    2698	      74
2021_06_04	  378060	   14750	    2698	      75
2021_06_05	  380758	   14825	    2698	      75
2021_06_06	  383457	   14900	    2699	      75
2021_06_07	  386290	   14973	    2833	      73
2021_06_08	  389123	   15047	    2833	      74
2021_06_09	  391957	   15121	    2834	      74
2021_06_10	  394790	   15195	    2833	      74
2021_06_11	  397624	   15269	    2834	      74
2021_06_12	  400457	   15343	    2833	      74
2021_06_13	  403291	   15417	    2834	      74
