#
# COVID-19 Country file (official WHO count)
# Country = Botswana
# Latitude = -25.0
# Population = 2415.766
# Territory = 581730.0
# LEB = 69.6
# DPA = 13000
# DPA65 = 4680
# GDP = 7905.0
# GDP_PPP = 18701.0
# COVID-19 Mortality = 370.9
# First_Case = 2020_04_01
# Last_Case = 2021_06_13
# First_Death = 2020_04_02
# Last_Death = 2021_06_13
# Status as of 2021_06_13 = Community transmission
# Vaccine type = Unknown
# Vaccine start = NA
#
Date	Conf_Cases	Conf_Deaths	Daily_Cases	Daily_Deaths
2020_04_01	       3	       0	       3	       0
2020_04_02	       3	       1	       0	       1
2020_04_03	       4	       1	       1	       0
2020_04_04	       4	       1	       0	       0
2020_04_05	       4	       1	       0	       0
2020_04_06	       4	       1	       0	       0
2020_04_07	       6	       1	       2	       0
2020_04_08	       6	       1	       0	       0
2020_04_09	       6	       1	       0	       0
2020_04_10	      13	       1	       7	       0
2020_04_11	      13	       1	       0	       0
2020_04_12	      13	       1	       0	       0
2020_04_13	      13	       1	       0	       0
2020_04_14	      13	       1	       0	       0
2020_04_15	      13	       1	       0	       0
2020_04_16	      13	       1	       0	       0
2020_04_17	      15	       1	       2	       0
2020_04_18	      15	       1	       0	       0
2020_04_19	      15	       1	       0	       0
2020_04_20	      20	       1	       5	       0
2020_04_21	      20	       1	       0	       0
2020_04_22	      20	       1	       0	       0
2020_04_23	      22	       1	       2	       0
2020_04_24	      22	       1	       0	       0
2020_04_25	      22	       1	       0	       0
2020_04_26	      22	       1	       0	       0
2020_04_27	      22	       1	       0	       0
2020_04_28	      22	       1	       0	       0
2020_04_29	      23	       1	       1	       0
2020_04_30	      23	       1	       0	       0
2020_05_01	      23	       1	       0	       0
2020_05_02	      23	       1	       0	       0
2020_05_03	      23	       1	       0	       0
2020_05_04	      23	       1	       0	       0
2020_05_05	      23	       1	       0	       0
2020_05_06	      23	       1	       0	       0
2020_05_07	      23	       1	       0	       0
2020_05_08	      23	       1	       0	       0
2020_05_09	      23	       1	       0	       0
2020_05_10	      23	       1	       0	       0
2020_05_11	      23	       1	       0	       0
2020_05_12	      24	       1	       1	       0
2020_05_13	      24	       1	       0	       0
2020_05_14	      24	       1	       0	       0
2020_05_15	      24	       1	       0	       0
2020_05_16	      24	       1	       0	       0
2020_05_17	      25	       1	       1	       0
2020_05_18	      25	       1	       0	       0
2020_05_19	      25	       1	       0	       0
2020_05_20	      25	       1	       0	       0
2020_05_21	      25	       1	       0	       0
2020_05_22	      29	       1	       4	       0
2020_05_23	      29	       1	       0	       0
2020_05_24	      29	       1	       0	       0
2020_05_25	      35	       1	       6	       0
2020_05_26	      35	       1	       0	       0
2020_05_27	      35	       1	       0	       0
2020_05_28	      35	       1	       0	       0
2020_05_29	      35	       1	       0	       0
2020_05_30	      35	       1	       0	       0
2020_05_31	      35	       1	       0	       0
2020_06_01	      38	       1	       3	       0
2020_06_02	      38	       1	       0	       0
2020_06_03	      40	       1	       2	       0
2020_06_04	      40	       1	       0	       0
2020_06_05	      40	       1	       0	       0
2020_06_06	      40	       1	       0	       0
2020_06_07	      40	       1	       0	       0
2020_06_08	      40	       1	       0	       0
2020_06_09	      42	       1	       2	       0
2020_06_10	      42	       1	       0	       0
2020_06_11	      48	       1	       6	       0
2020_06_12	      48	       1	       0	       0
2020_06_13	      60	       1	      12	       0
2020_06_14	      60	       1	       0	       0
2020_06_15	      60	       1	       0	       0
2020_06_16	      60	       1	       0	       0
2020_06_17	      60	       1	       0	       0
2020_06_18	      79	       1	      19	       0
2020_06_19	      79	       1	       0	       0
2020_06_20	      89	       1	      10	       0
2020_06_21	      89	       1	       0	       0
2020_06_22	      89	       1	       0	       0
2020_06_23	      89	       1	       0	       0
2020_06_24	      89	       1	       0	       0
2020_06_25	     125	       1	      36	       0
2020_06_26	     125	       1	       0	       0
2020_06_27	     125	       1	       0	       0
2020_06_28	     125	       1	       0	       0
2020_06_29	     175	       1	      50	       0
2020_06_30	     175	       1	       0	       0
2020_07_01	     227	       1	      52	       0
2020_07_02	     227	       1	       0	       0
2020_07_03	     227	       1	       0	       0
2020_07_04	     275	       1	      48	       0
2020_07_05	     275	       1	       0	       0
2020_07_06	     275	       1	       0	       0
2020_07_07	     314	       1	      39	       0
2020_07_08	     314	       1	       0	       0
2020_07_09	     314	       1	       0	       0
2020_07_10	     314	       1	       0	       0
2020_07_11	     314	       1	       0	       0
2020_07_12	     314	       1	       0	       0
2020_07_13	     399	       1	      85	       0
2020_07_14	     399	       1	       0	       0
2020_07_15	     399	       1	       0	       0
2020_07_16	     399	       1	       0	       0
2020_07_17	     522	       1	     123	       0
2020_07_18	     522	       1	       0	       0
2020_07_19	     522	       1	       0	       0
2020_07_20	     522	       1	       0	       0
2020_07_21	     522	       1	       0	       0
2020_07_22	     522	       1	       0	       0
2020_07_23	     622	       1	     100	       0
2020_07_24	     622	       1	       0	       0
2020_07_25	     686	       1	      64	       0
2020_07_26	     686	       1	       0	       0
2020_07_27	     686	       1	       0	       0
2020_07_28	     739	       2	      53	       1
2020_07_29	     739	       2	       0	       0
2020_07_30	     804	       2	      65	       0
2020_07_31	     804	       2	       0	       0
2020_08_01	     804	       2	       0	       0
2020_08_02	     804	       2	       0	       0
2020_08_03	     804	       2	       0	       0
2020_08_04	     804	       2	       0	       0
2020_08_05	     804	       2	       0	       0
2020_08_06	     804	       2	       0	       0
2020_08_07	     804	       2	       0	       0
2020_08_08	     804	       2	       0	       0
2020_08_09	     804	       2	       0	       0
2020_08_10	     804	       2	       0	       0
2020_08_11	     804	       2	       0	       0
2020_08_12	    1066	       2	     262	       0
2020_08_13	    1066	       2	       0	       0
2020_08_14	    1214	       3	     148	       1
2020_08_15	    1214	       3	       0	       0
2020_08_16	    1214	       3	       0	       0
2020_08_17	    1227	       3	      13	       0
2020_08_18	    1240	       3	      13	       0
2020_08_19	    1254	       3	      14	       0
2020_08_20	    1267	       3	      13	       0
2020_08_21	    1281	       3	      14	       0
2020_08_22	    1294	       3	      13	       0
2020_08_23	    1308	       3	      14	       0
2020_08_24	    1354	       3	      46	       0
2020_08_25	    1400	       3	      46	       0
2020_08_26	    1447	       4	      47	       1
2020_08_27	    1493	       4	      46	       0
2020_08_28	    1540	       5	      47	       1
2020_08_29	    1586	       5	      46	       0
2020_08_30	    1633	       6	      47	       1
2020_08_31	    1685	       6	      52	       0
2020_09_01	    1738	       6	      53	       0
2020_09_02	    1791	       6	      53	       0
2020_09_03	    1843	       7	      52	       1
2020_09_04	    1896	       7	      53	       0
2020_09_05	    1949	       7	      53	       0
2020_09_06	    2002	       8	      53	       1
2020_09_07	    2037	       8	      35	       0
2020_09_08	    2073	       8	      36	       0
2020_09_09	    2109	       8	      36	       0
2020_09_10	    2144	       9	      35	       1
2020_09_11	    2180	       9	      36	       0
2020_09_12	    2216	       9	      36	       0
2020_09_13	    2252	      10	      36	       1
2020_09_14	    2297	      10	      45	       0
2020_09_15	    2342	      10	      45	       0
2020_09_16	    2387	      11	      45	       1
2020_09_17	    2432	      11	      45	       0
2020_09_18	    2477	      12	      45	       1
2020_09_19	    2522	      12	      45	       0
2020_09_20	    2567	      13	      45	       1
2020_09_21	    2617	      13	      50	       0
2020_09_22	    2668	      13	      51	       0
2020_09_23	    2718	      13	      50	       0
2020_09_24	    2769	      13	      51	       0
2020_09_25	    2819	      13	      50	       0
2020_09_26	    2870	      13	      51	       0
2020_09_27	    2921	      13	      51	       0
2020_09_28	    2956	      13	      35	       0
2020_09_29	    2992	      13	      36	       0
2020_09_30	    3028	      14	      36	       1
2020_10_01	    3064	      14	      36	       0
2020_10_02	    3100	      15	      36	       1
2020_10_03	    3136	      15	      36	       0
2020_10_04	    3172	      16	      36	       1
2020_10_05	    3178	      16	       6	       0
2020_10_06	    3185	      16	       7	       0
2020_10_07	    3192	      16	       7	       0
2020_10_08	    3198	      17	       6	       1
2020_10_09	    3205	      17	       7	       0
2020_10_10	    3212	      17	       7	       0
2020_10_11	    3219	      18	       7	       1
2020_10_12	    3508	      18	     289	       0
2020_10_13	    3797	      18	     289	       0
2020_10_14	    4086	      18	     289	       0
2020_10_15	    4375	      19	     289	       1
2020_10_16	    4664	      19	     289	       0
2020_10_17	    4953	      19	     289	       0
2020_10_18	    5242	      20	     289	       1
2020_10_19	    5339	      20	      97	       0
2020_10_20	    5436	      20	      97	       0
2020_10_21	    5533	      20	      97	       0
2020_10_22	    5631	      20	      98	       0
2020_10_23	    5728	      20	      97	       0
2020_10_24	    5825	      20	      97	       0
2020_10_25	    5923	      21	      98	       1
2020_10_26	    6025	      21	     102	       0
2020_10_27	    6128	      21	     103	       0
2020_10_28	    6231	      22	     103	       1
2020_10_29	    6333	      22	     102	       0
2020_10_30	    6436	      23	     103	       1
2020_10_31	    6539	      23	     103	       0
2020_11_01	    6642	      24	     103	       1
2020_11_02	    6812	      24	     170	       0
2020_11_03	    6982	      24	     170	       0
2020_11_04	    7153	      25	     171	       1
2020_11_05	    7323	      25	     170	       0
2020_11_06	    7494	      26	     171	       1
2020_11_07	    7664	      26	     170	       0
2020_11_08	    7835	      27	     171	       1
2020_11_09	    7890	      27	      55	       0
2020_11_10	    7946	      27	      56	       0
2020_11_11	    8002	      27	      56	       0
2020_11_12	    8057	      27	      55	       0
2020_11_13	    8113	      27	      56	       0
2020_11_14	    8169	      27	      56	       0
2020_11_15	    8225	      27	      56	       0
2020_11_16	    8420	      27	     195	       0
2020_11_17	    8616	      28	     196	       1
2020_11_18	    8811	      28	     195	       0
2020_11_19	    9007	      29	     196	       1
2020_11_20	    9202	      29	     195	       0
2020_11_21	    9398	      30	     196	       1
2020_11_22	    9594	      31	     196	       1
2020_11_23	    9650	      31	      56	       0
2020_11_24	    9707	      31	      57	       0
2020_11_25	    9764	      31	      57	       0
2020_11_26	    9821	      31	      57	       0
2020_11_27	    9878	      31	      57	       0
2020_11_28	    9935	      31	      57	       0
2020_11_29	    9992	      31	      57	       0
2020_11_30	    9992	      31	       0	       0
2020_12_01	    9992	      31	       0	       0
2020_12_02	    9992	      31	       0	       0
2020_12_03	    9992	      31	       0	       0
2020_12_04	    9992	      31	       0	       0
2020_12_05	    9992	      31	       0	       0
2020_12_06	    9992	      31	       0	       0
2020_12_07	   10350	      31	     358	       0
2020_12_08	   10708	      32	     358	       1
2020_12_09	   11067	      33	     359	       1
2020_12_10	   11425	      34	     358	       1
2020_12_11	   11784	      35	     359	       1
2020_12_12	   12142	      36	     358	       1
2020_12_13	   12501	      37	     359	       1
2020_12_14	   12554	      37	      53	       0
2020_12_15	   12607	      37	      53	       0
2020_12_16	   12660	      37	      53	       0
2020_12_17	   12713	      37	      53	       0
2020_12_18	   12766	      37	      53	       0
2020_12_19	   12819	      37	      53	       0
2020_12_20	   12873	      38	      54	       1
2020_12_21	   12980	      38	     107	       0
2020_12_22	   13087	      38	     107	       0
2020_12_23	   13194	      38	     107	       0
2020_12_24	   13301	      38	     107	       0
2020_12_25	   13408	      38	     107	       0
2020_12_26	   13515	      38	     107	       0
2020_12_27	   13622	      38	     107	       0
2020_12_28	   13791	      38	     169	       0
2020_12_29	   13960	      39	     169	       1
2020_12_30	   14129	      39	     169	       0
2020_12_31	   14298	      40	     169	       1
2021_01_01	   14467	      40	     169	       0
2021_01_02	   14636	      41	     169	       1
2021_01_03	   14805	      42	     169	       1
2021_01_04	   14983	      42	     178	       0
2021_01_05	   15161	      43	     178	       1
2021_01_06	   15339	      44	     178	       1
2021_01_07	   15517	      45	     178	       1
2021_01_08	   15695	      46	     178	       1
2021_01_09	   15873	      47	     178	       1
2021_01_10	   16051	      48	     178	       1
2021_01_11	   16051	      48	       0	       0
2021_01_12	   16051	      48	       0	       0
2021_01_13	   16051	      48	       0	       0
2021_01_14	   16051	      48	       0	       0
2021_01_15	   16051	      48	       0	       0
2021_01_16	   16051	      48	       0	       0
2021_01_17	   16051	      48	       0	       0
2021_01_18	   16419	      53	     368	       5
2021_01_19	   16787	      59	     368	       6
2021_01_20	   17156	      65	     369	       6
2021_01_21	   17524	      70	     368	       5
2021_01_22	   17893	      76	     369	       6
2021_01_23	   18261	      82	     368	       6
2021_01_24	   18630	      88	     369	       6
2021_01_25	   19010	      94	     380	       6
2021_01_26	   19390	     101	     380	       7
2021_01_27	   19771	     107	     381	       6
2021_01_28	   20151	     114	     380	       7
2021_01_29	   20532	     120	     381	       6
2021_01_30	   20912	     127	     380	       7
2021_01_31	   21293	     134	     381	       7
2021_02_01	   21608	     138	     315	       4
2021_02_02	   21924	     142	     316	       4
2021_02_03	   22240	     146	     316	       4
2021_02_04	   22555	     150	     315	       4
2021_02_05	   22871	     154	     316	       4
2021_02_06	   23187	     158	     316	       4
2021_02_07	   23503	     163	     316	       5
2021_02_08	   23706	     168	     203	       5
2021_02_09	   23909	     174	     203	       6
2021_02_10	   24112	     179	     203	       5
2021_02_11	   24316	     185	     204	       6
2021_02_12	   24519	     190	     203	       5
2021_02_13	   24722	     196	     203	       6
2021_02_14	   24926	     202	     204	       6
2021_02_15	   25154	     209	     228	       7
2021_02_16	   25382	     216	     228	       7
2021_02_17	   25610	     224	     228	       8
2021_02_18	   25839	     231	     229	       7
2021_02_19	   26067	     239	     228	       8
2021_02_20	   26295	     246	     228	       7
2021_02_21	   26524	     254	     229	       8
2021_02_22	   26787	     262	     263	       8
2021_02_23	   27051	     270	     264	       8
2021_02_24	   27315	     278	     264	       8
2021_02_25	   27578	     286	     263	       8
2021_02_26	   27842	     294	     264	       8
2021_02_27	   28106	     302	     264	       8
2021_02_28	   28370	     310	     264	       8
2021_03_01	   28839	     317	     469	       7
2021_03_02	   29309	     324	     470	       7
2021_03_03	   29779	     331	     470	       7
2021_03_04	   30248	     338	     469	       7
2021_03_05	   30718	     345	     470	       7
2021_03_06	   31188	     352	     470	       7
2021_03_07	   31658	     359	     470	       7
2021_03_08	   32006	     368	     348	       9
2021_03_09	   32355	     377	     349	       9
2021_03_10	   32703	     386	     348	       9
2021_03_11	   33052	     396	     349	      10
2021_03_12	   33400	     405	     348	       9
2021_03_13	   33749	     414	     349	       9
2021_03_14	   34098	     424	     349	      10
2021_03_15	   34297	     428	     199	       4
2021_03_16	   34496	     433	     199	       5
2021_03_17	   34695	     438	     199	       5
2021_03_18	   34895	     443	     200	       5
2021_03_19	   35094	     448	     199	       5
2021_03_20	   35293	     453	     199	       5
2021_03_21	   35493	     458	     200	       5
2021_03_22	   35917	     464	     424	       6
2021_03_23	   36342	     471	     425	       7
2021_03_24	   36767	     478	     425	       7
2021_03_25	   37191	     485	     424	       7
2021_03_26	   37616	     492	     425	       7
2021_03_27	   38041	     499	     425	       7
2021_03_28	   38466	     506	     425	       7
2021_03_29	   38810	     518	     344	      12
2021_03_30	   39155	     530	     345	      12
2021_03_31	   39499	     542	     344	      12
2021_04_01	   39844	     554	     345	      12
2021_04_02	   40188	     566	     344	      12
2021_04_03	   40533	     578	     345	      12
2021_04_04	   40878	     591	     345	      13
2021_04_05	   41134	     597	     256	       6
2021_04_06	   41391	     603	     257	       6
2021_04_07	   41647	     610	     256	       7
2021_04_08	   41904	     616	     257	       6
2021_04_09	   42160	     623	     256	       7
2021_04_10	   42417	     629	     257	       6
2021_04_11	   42674	     636	     257	       7
2021_04_12	   42874	     641	     200	       5
2021_04_13	   43074	     646	     200	       5
2021_04_14	   43274	     651	     200	       5
2021_04_15	   43474	     656	     200	       5
2021_04_16	   43674	     661	     200	       5
2021_04_17	   43874	     666	     200	       5
2021_04_18	   44075	     671	     201	       5
2021_04_19	   44329	     673	     254	       2
2021_04_20	   44583	     676	     254	       3
2021_04_21	   44837	     679	     254	       3
2021_04_22	   45092	     682	     255	       3
2021_04_23	   45346	     685	     254	       3
2021_04_24	   45600	     688	     254	       3
2021_04_25	   45855	     691	     255	       3
2021_04_26	   46009	     694	     154	       3
2021_04_27	   46163	     697	     154	       3
2021_04_28	   46317	     700	     154	       3
2021_04_29	   46471	     703	     154	       3
2021_04_30	   46625	     706	     154	       3
2021_05_01	   46779	     709	     154	       3
2021_05_02	   46934	     712	     155	       3
2021_05_03	   47145	     715	     211	       3
2021_05_04	   47357	     718	     212	       3
2021_05_05	   47569	     721	     212	       3
2021_05_06	   47781	     724	     212	       3
2021_05_07	   47993	     727	     212	       3
2021_05_08	   48205	     730	     212	       3
2021_05_09	   48417	     734	     212	       4
2021_05_10	   48952	     737	     535	       3
2021_05_11	   49487	     741	     535	       4
2021_05_12	   50022	     745	     535	       4
2021_05_13	   50557	     749	     535	       4
2021_05_14	   51092	     753	     535	       4
2021_05_15	   51627	     757	     535	       4
2021_05_16	   52162	     761	     535	       4
2021_05_17	   52446	     764	     284	       3
2021_05_18	   52730	     767	     284	       3
2021_05_19	   53014	     770	     284	       3
2021_05_20	   53298	     774	     284	       4
2021_05_21	   53582	     777	     284	       3
2021_05_22	   53866	     780	     284	       3
2021_05_23	   54151	     784	     285	       4
2021_05_24	   54459	     790	     308	       6
2021_05_25	   54768	     797	     309	       7
2021_05_26	   55077	     804	     309	       7
2021_05_27	   55386	     810	     309	       6
2021_05_28	   55695	     817	     309	       7
2021_05_29	   56004	     824	     309	       7
2021_05_30	   56313	     831	     309	       7
2021_05_31	   56663	     836	     350	       5
2021_06_01	   57013	     841	     350	       5
2021_06_02	   57363	     846	     350	       5
2021_06_03	   57713	     851	     350	       5
2021_06_04	   58063	     856	     350	       5
2021_06_05	   58413	     861	     350	       5
2021_06_06	   58764	     866	     351	       5
2021_06_07	   59232	     870	     468	       4
2021_06_08	   59700	     874	     468	       4
2021_06_09	   60168	     878	     468	       4
2021_06_10	   60636	     883	     468	       5
2021_06_11	   61104	     887	     468	       4
2021_06_12	   61572	     891	     468	       4
2021_06_13	   62040	     896	     468	       5
