#
# COVID-19 Country file (official WHO count)
# Country = British Virgin Islands
# Latitude = 18.0
# Population = 32.634
# Territory = 151.0
# LEB = -999.0
# DPA = -999
# DPA65 = -999
# GDP = 31917.0
# GDP_PPP = 42300.0
# COVID-19 Mortality = 30.6
# First_Case = 2020_03_27
# Last_Case = 2021_06_13
# First_Death = 2020_04_20
# Last_Death = 2020_04_20
# Status as of 2021_06_13 = Clusters of cases
# Vaccine type = Unknown
# Vaccine start = NA
#
Date	Conf_Cases	Conf_Deaths	Daily_Cases	Daily_Deaths
2020_03_27	       2	       0	       2	       0
2020_03_28	       2	       0	       0	       0
2020_03_29	       2	       0	       0	       0
2020_03_30	       2	       0	       0	       0
2020_03_31	       2	       0	       0	       0
2020_04_01	       3	       0	       1	       0
2020_04_02	       3	       0	       0	       0
2020_04_03	       3	       0	       0	       0
2020_04_04	       3	       0	       0	       0
2020_04_05	       3	       0	       0	       0
2020_04_06	       3	       0	       0	       0
2020_04_07	       3	       0	       0	       0
2020_04_08	       3	       0	       0	       0
2020_04_09	       3	       0	       0	       0
2020_04_10	       3	       0	       0	       0
2020_04_11	       3	       0	       0	       0
2020_04_12	       3	       0	       0	       0
2020_04_13	       3	       0	       0	       0
2020_04_14	       3	       0	       0	       0
2020_04_15	       3	       0	       0	       0
2020_04_16	       3	       0	       0	       0
2020_04_17	       3	       0	       0	       0
2020_04_18	       3	       0	       0	       0
2020_04_19	       3	       0	       0	       0
2020_04_20	       4	       1	       1	       1
2020_04_21	       4	       1	       0	       0
2020_04_22	       4	       1	       0	       0
2020_04_23	       4	       1	       0	       0
2020_04_24	       5	       1	       1	       0
2020_04_25	       5	       1	       0	       0
2020_04_26	       6	       1	       1	       0
2020_04_27	       6	       1	       0	       0
2020_04_28	       6	       1	       0	       0
2020_04_29	       6	       1	       0	       0
2020_04_30	       6	       1	       0	       0
2020_05_01	       6	       1	       0	       0
2020_05_02	       6	       1	       0	       0
2020_05_03	       6	       1	       0	       0
2020_05_04	       6	       1	       0	       0
2020_05_05	       6	       1	       0	       0
2020_05_06	       7	       1	       1	       0
2020_05_07	       7	       1	       0	       0
2020_05_08	       7	       1	       0	       0
2020_05_09	       7	       1	       0	       0
2020_05_10	       7	       1	       0	       0
2020_05_11	       7	       1	       0	       0
2020_05_12	       7	       1	       0	       0
2020_05_13	       7	       1	       0	       0
2020_05_14	       7	       1	       0	       0
2020_05_15	       7	       1	       0	       0
2020_05_16	       8	       1	       1	       0
2020_05_17	       8	       1	       0	       0
2020_05_18	       8	       1	       0	       0
2020_05_19	       8	       1	       0	       0
2020_05_20	       8	       1	       0	       0
2020_05_21	       8	       1	       0	       0
2020_05_22	       8	       1	       0	       0
2020_05_23	       8	       1	       0	       0
2020_05_24	       8	       1	       0	       0
2020_05_25	       8	       1	       0	       0
2020_05_26	       8	       1	       0	       0
2020_05_27	       8	       1	       0	       0
2020_05_28	       8	       1	       0	       0
2020_05_29	       8	       1	       0	       0
2020_05_30	       8	       1	       0	       0
2020_05_31	       8	       1	       0	       0
2020_06_01	       8	       1	       0	       0
2020_06_02	       8	       1	       0	       0
2020_06_03	       8	       1	       0	       0
2020_06_04	       8	       1	       0	       0
2020_06_05	       8	       1	       0	       0
2020_06_06	       8	       1	       0	       0
2020_06_07	       8	       1	       0	       0
2020_06_08	       8	       1	       0	       0
2020_06_09	       8	       1	       0	       0
2020_06_10	       8	       1	       0	       0
2020_06_11	       8	       1	       0	       0
2020_06_12	       8	       1	       0	       0
2020_06_13	       8	       1	       0	       0
2020_06_14	       8	       1	       0	       0
2020_06_15	       8	       1	       0	       0
2020_06_16	       8	       1	       0	       0
2020_06_17	       8	       1	       0	       0
2020_06_18	       8	       1	       0	       0
2020_06_19	       8	       1	       0	       0
2020_06_20	       8	       1	       0	       0
2020_06_21	       8	       1	       0	       0
2020_06_22	       8	       1	       0	       0
2020_06_23	       8	       1	       0	       0
2020_06_24	       8	       1	       0	       0
2020_06_25	       8	       1	       0	       0
2020_06_26	       8	       1	       0	       0
2020_06_27	       8	       1	       0	       0
2020_06_28	       8	       1	       0	       0
2020_06_29	       8	       1	       0	       0
2020_06_30	       8	       1	       0	       0
2020_07_01	       8	       1	       0	       0
2020_07_02	       8	       1	       0	       0
2020_07_03	       8	       1	       0	       0
2020_07_04	       8	       1	       0	       0
2020_07_05	       8	       1	       0	       0
2020_07_06	       8	       1	       0	       0
2020_07_07	       8	       1	       0	       0
2020_07_08	       8	       1	       0	       0
2020_07_09	       8	       1	       0	       0
2020_07_10	       8	       1	       0	       0
2020_07_11	       8	       1	       0	       0
2020_07_12	       8	       1	       0	       0
2020_07_13	       8	       1	       0	       0
2020_07_14	       8	       1	       0	       0
2020_07_15	       8	       1	       0	       0
2020_07_16	       8	       1	       0	       0
2020_07_17	       8	       1	       0	       0
2020_07_18	       8	       1	       0	       0
2020_07_19	       8	       1	       0	       0
2020_07_20	       8	       1	       0	       0
2020_07_21	       8	       1	       0	       0
2020_07_22	       8	       1	       0	       0
2020_07_23	       8	       1	       0	       0
2020_07_24	       8	       1	       0	       0
2020_07_25	       8	       1	       0	       0
2020_07_26	       8	       1	       0	       0
2020_07_27	       8	       1	       0	       0
2020_07_28	       8	       1	       0	       0
2020_07_29	       8	       1	       0	       0
2020_07_30	       8	       1	       0	       0
2020_07_31	       8	       1	       0	       0
2020_08_01	       8	       1	       0	       0
2020_08_02	       8	       1	       0	       0
2020_08_03	       8	       1	       0	       0
2020_08_04	       8	       1	       0	       0
2020_08_05	       9	       1	       1	       0
2020_08_06	       9	       1	       0	       0
2020_08_07	       9	       1	       0	       0
2020_08_08	       9	       1	       0	       0
2020_08_09	       9	       1	       0	       0
2020_08_10	       9	       1	       0	       0
2020_08_11	       9	       1	       0	       0
2020_08_12	       9	       1	       0	       0
2020_08_13	       9	       1	       0	       0
2020_08_14	       9	       1	       0	       0
2020_08_15	       9	       1	       0	       0
2020_08_16	       9	       1	       0	       0
2020_08_17	      10	       1	       1	       0
2020_08_18	      12	       1	       2	       0
2020_08_19	      14	       1	       2	       0
2020_08_20	      15	       1	       1	       0
2020_08_21	      17	       1	       2	       0
2020_08_22	      19	       1	       2	       0
2020_08_23	      21	       1	       2	       0
2020_08_24	      23	       1	       2	       0
2020_08_25	      25	       1	       2	       0
2020_08_26	      27	       1	       2	       0
2020_08_27	      29	       1	       2	       0
2020_08_28	      31	       1	       2	       0
2020_08_29	      33	       1	       2	       0
2020_08_30	      35	       1	       2	       0
2020_08_31	      39	       1	       4	       0
2020_09_01	      43	       1	       4	       0
2020_09_02	      47	       1	       4	       0
2020_09_03	      51	       1	       4	       0
2020_09_04	      55	       1	       4	       0
2020_09_05	      59	       1	       4	       0
2020_09_06	      63	       1	       4	       0
2020_09_07	      63	       1	       0	       0
2020_09_08	      63	       1	       0	       0
2020_09_09	      64	       1	       1	       0
2020_09_10	      64	       1	       0	       0
2020_09_11	      65	       1	       1	       0
2020_09_12	      65	       1	       0	       0
2020_09_13	      66	       1	       1	       0
2020_09_14	      66	       1	       0	       0
2020_09_15	      67	       1	       1	       0
2020_09_16	      68	       1	       1	       0
2020_09_17	      68	       1	       0	       0
2020_09_18	      69	       1	       1	       0
2020_09_19	      70	       1	       1	       0
2020_09_20	      71	       1	       1	       0
2020_09_21	      71	       1	       0	       0
2020_09_22	      71	       1	       0	       0
2020_09_23	      71	       1	       0	       0
2020_09_24	      71	       1	       0	       0
2020_09_25	      71	       1	       0	       0
2020_09_26	      71	       1	       0	       0
2020_09_27	      71	       1	       0	       0
2020_09_28	      71	       1	       0	       0
2020_09_29	      71	       1	       0	       0
2020_09_30	      71	       1	       0	       0
2020_10_01	      71	       1	       0	       0
2020_10_02	      71	       1	       0	       0
2020_10_03	      71	       1	       0	       0
2020_10_04	      71	       1	       0	       0
2020_10_05	      71	       1	       0	       0
2020_10_06	      71	       1	       0	       0
2020_10_07	      71	       1	       0	       0
2020_10_08	      71	       1	       0	       0
2020_10_09	      71	       1	       0	       0
2020_10_10	      71	       1	       0	       0
2020_10_11	      71	       1	       0	       0
2020_10_12	      71	       1	       0	       0
2020_10_13	      71	       1	       0	       0
2020_10_14	      71	       1	       0	       0
2020_10_15	      71	       1	       0	       0
2020_10_16	      71	       1	       0	       0
2020_10_17	      71	       1	       0	       0
2020_10_18	      72	       1	       1	       0
2020_10_19	      72	       1	       0	       0
2020_10_20	      72	       1	       0	       0
2020_10_21	      72	       1	       0	       0
2020_10_22	      72	       1	       0	       0
2020_10_23	      72	       1	       0	       0
2020_10_24	      72	       1	       0	       0
2020_10_25	      72	       1	       0	       0
2020_10_26	      72	       1	       0	       0
2020_10_27	      72	       1	       0	       0
2020_10_28	      72	       1	       0	       0
2020_10_29	      72	       1	       0	       0
2020_10_30	      72	       1	       0	       0
2020_10_31	      72	       1	       0	       0
2020_11_01	      72	       1	       0	       0
2020_11_02	      72	       1	       0	       0
2020_11_03	      72	       1	       0	       0
2020_11_04	      72	       1	       0	       0
2020_11_05	      72	       1	       0	       0
2020_11_06	      72	       1	       0	       0
2020_11_07	      72	       1	       0	       0
2020_11_08	      72	       1	       0	       0
2020_11_09	      72	       1	       0	       0
2020_11_10	      72	       1	       0	       0
2020_11_11	      72	       1	       0	       0
2020_11_12	      72	       1	       0	       0
2020_11_13	      72	       1	       0	       0
2020_11_14	      72	       1	       0	       0
2020_11_15	      72	       1	       0	       0
2020_11_16	      72	       1	       0	       0
2020_11_17	      72	       1	       0	       0
2020_11_18	      72	       1	       0	       0
2020_11_19	      72	       1	       0	       0
2020_11_20	      72	       1	       0	       0
2020_11_21	      72	       1	       0	       0
2020_11_22	      72	       1	       0	       0
2020_11_23	      72	       1	       0	       0
2020_11_24	      72	       1	       0	       0
2020_11_25	      72	       1	       0	       0
2020_11_26	      72	       1	       0	       0
2020_11_27	      72	       1	       0	       0
2020_11_28	      72	       1	       0	       0
2020_11_29	      72	       1	       0	       0
2020_11_30	      72	       1	       0	       0
2020_12_01	      72	       1	       0	       0
2020_12_02	      72	       1	       0	       0
2020_12_03	      72	       1	       0	       0
2020_12_04	      72	       1	       0	       0
2020_12_05	      72	       1	       0	       0
2020_12_06	      73	       1	       1	       0
2020_12_07	      73	       1	       0	       0
2020_12_08	      73	       1	       0	       0
2020_12_09	      74	       1	       1	       0
2020_12_10	      74	       1	       0	       0
2020_12_11	      75	       1	       1	       0
2020_12_12	      75	       1	       0	       0
2020_12_13	      76	       1	       1	       0
2020_12_14	      77	       1	       1	       0
2020_12_15	      78	       1	       1	       0
2020_12_16	      80	       1	       2	       0
2020_12_17	      81	       1	       1	       0
2020_12_18	      83	       1	       2	       0
2020_12_19	      84	       1	       1	       0
2020_12_20	      86	       1	       2	       0
2020_12_21	      87	       1	       1	       0
2020_12_22	      88	       1	       1	       0
2020_12_23	      89	       1	       1	       0
2020_12_24	      90	       1	       1	       0
2020_12_25	      91	       1	       1	       0
2020_12_26	      92	       1	       1	       0
2020_12_27	      93	       1	       1	       0
2020_12_28	      93	       1	       0	       0
2020_12_29	      93	       1	       0	       0
2020_12_30	      93	       1	       0	       0
2020_12_31	      93	       1	       0	       0
2021_01_01	      93	       1	       0	       0
2021_01_02	      93	       1	       0	       0
2021_01_03	      93	       1	       0	       0
2021_01_04	      96	       1	       3	       0
2021_01_05	      99	       1	       3	       0
2021_01_06	     102	       1	       3	       0
2021_01_07	     105	       1	       3	       0
2021_01_08	     108	       1	       3	       0
2021_01_09	     111	       1	       3	       0
2021_01_10	     114	       1	       3	       0
2021_01_11	     115	       1	       1	       0
2021_01_12	     116	       1	       1	       0
2021_01_13	     117	       1	       1	       0
2021_01_14	     118	       1	       1	       0
2021_01_15	     119	       1	       1	       0
2021_01_16	     120	       1	       1	       0
2021_01_17	     121	       1	       1	       0
2021_01_18	     123	       1	       2	       0
2021_01_19	     125	       1	       2	       0
2021_01_20	     127	       1	       2	       0
2021_01_21	     130	       1	       3	       0
2021_01_22	     132	       1	       2	       0
2021_01_23	     134	       1	       2	       0
2021_01_24	     137	       1	       3	       0
2021_01_25	     137	       1	       0	       0
2021_01_26	     138	       1	       1	       0
2021_01_27	     138	       1	       0	       0
2021_01_28	     139	       1	       1	       0
2021_01_29	     139	       1	       0	       0
2021_01_30	     140	       1	       1	       0
2021_01_31	     141	       1	       1	       0
2021_02_01	     141	       1	       0	       0
2021_02_02	     141	       1	       0	       0
2021_02_03	     141	       1	       0	       0
2021_02_04	     141	       1	       0	       0
2021_02_05	     141	       1	       0	       0
2021_02_06	     141	       1	       0	       0
2021_02_07	     141	       1	       0	       0
2021_02_08	     142	       1	       1	       0
2021_02_09	     143	       1	       1	       0
2021_02_10	     145	       1	       2	       0
2021_02_11	     146	       1	       1	       0
2021_02_12	     148	       1	       2	       0
2021_02_13	     149	       1	       1	       0
2021_02_14	     151	       1	       2	       0
2021_02_15	     151	       1	       0	       0
2021_02_16	     151	       1	       0	       0
2021_02_17	     151	       1	       0	       0
2021_02_18	     152	       1	       1	       0
2021_02_19	     152	       1	       0	       0
2021_02_20	     152	       1	       0	       0
2021_02_21	     153	       1	       1	       0
2021_02_22	     153	       1	       0	       0
2021_02_23	     153	       1	       0	       0
2021_02_24	     153	       1	       0	       0
2021_02_25	     153	       1	       0	       0
2021_02_26	     153	       1	       0	       0
2021_02_27	     153	       1	       0	       0
2021_02_28	     153	       1	       0	       0
2021_03_01	     153	       1	       0	       0
2021_03_02	     153	       1	       0	       0
2021_03_03	     153	       1	       0	       0
2021_03_04	     153	       1	       0	       0
2021_03_05	     153	       1	       0	       0
2021_03_06	     153	       1	       0	       0
2021_03_07	     154	       1	       1	       0
2021_03_08	     154	       1	       0	       0
2021_03_09	     154	       1	       0	       0
2021_03_10	     154	       1	       0	       0
2021_03_11	     154	       1	       0	       0
2021_03_12	     154	       1	       0	       0
2021_03_13	     154	       1	       0	       0
2021_03_14	     154	       1	       0	       0
2021_03_15	     154	       1	       0	       0
2021_03_16	     154	       1	       0	       0
2021_03_17	     154	       1	       0	       0
2021_03_18	     154	       1	       0	       0
2021_03_19	     154	       1	       0	       0
2021_03_20	     154	       1	       0	       0
2021_03_21	     154	       1	       0	       0
2021_03_22	     154	       1	       0	       0
2021_03_23	     154	       1	       0	       0
2021_03_24	     154	       1	       0	       0
2021_03_25	     154	       1	       0	       0
2021_03_26	     154	       1	       0	       0
2021_03_27	     154	       1	       0	       0
2021_03_28	     154	       1	       0	       0
2021_03_29	     154	       1	       0	       0
2021_03_30	     154	       1	       0	       0
2021_03_31	     154	       1	       0	       0
2021_04_01	     154	       1	       0	       0
2021_04_02	     154	       1	       0	       0
2021_04_03	     154	       1	       0	       0
2021_04_04	     154	       1	       0	       0
2021_04_05	     157	       1	       3	       0
2021_04_06	     160	       1	       3	       0
2021_04_07	     164	       1	       4	       0
2021_04_08	     167	       1	       3	       0
2021_04_09	     171	       1	       4	       0
2021_04_10	     174	       1	       3	       0
2021_04_11	     178	       1	       4	       0
2021_04_12	     179	       1	       1	       0
2021_04_13	     180	       1	       1	       0
2021_04_14	     181	       1	       1	       0
2021_04_15	     183	       1	       2	       0
2021_04_16	     184	       1	       1	       0
2021_04_17	     185	       1	       1	       0
2021_04_18	     187	       1	       2	       0
2021_04_19	     188	       1	       1	       0
2021_04_20	     189	       1	       1	       0
2021_04_21	     190	       1	       1	       0
2021_04_22	     191	       1	       1	       0
2021_04_23	     192	       1	       1	       0
2021_04_24	     193	       1	       1	       0
2021_04_25	     194	       1	       1	       0
2021_04_26	     194	       1	       0	       0
2021_04_27	     194	       1	       0	       0
2021_04_28	     194	       1	       0	       0
2021_04_29	     194	       1	       0	       0
2021_04_30	     194	       1	       0	       0
2021_05_01	     194	       1	       0	       0
2021_05_02	     194	       1	       0	       0
2021_05_03	     197	       1	       3	       0
2021_05_04	     201	       1	       4	       0
2021_05_05	     204	       1	       3	       0
2021_05_06	     208	       1	       4	       0
2021_05_07	     211	       1	       3	       0
2021_05_08	     215	       1	       4	       0
2021_05_09	     219	       1	       4	       0
2021_05_10	     223	       1	       4	       0
2021_05_11	     227	       1	       4	       0
2021_05_12	     231	       1	       4	       0
2021_05_13	     235	       1	       4	       0
2021_05_14	     239	       1	       4	       0
2021_05_15	     243	       1	       4	       0
2021_05_16	     248	       1	       5	       0
2021_05_17	     248	       1	       0	       0
2021_05_18	     248	       1	       0	       0
2021_05_19	     248	       1	       0	       0
2021_05_20	     248	       1	       0	       0
2021_05_21	     248	       1	       0	       0
2021_05_22	     248	       1	       0	       0
2021_05_23	     248	       1	       0	       0
2021_05_24	     253	       1	       5	       0
2021_05_25	     259	       1	       6	       0
2021_05_26	     265	       1	       6	       0
2021_05_27	     271	       1	       6	       0
2021_05_28	     277	       1	       6	       0
2021_05_29	     283	       1	       6	       0
2021_05_30	     289	       1	       6	       0
2021_05_31	     289	       1	       0	       0
2021_06_01	     289	       1	       0	       0
2021_06_02	     289	       1	       0	       0
2021_06_03	     289	       1	       0	       0
2021_06_04	     289	       1	       0	       0
2021_06_05	     289	       1	       0	       0
2021_06_06	     289	       1	       0	       0
2021_06_07	     289	       1	       0	       0
2021_06_08	     290	       1	       1	       0
2021_06_09	     291	       1	       1	       0
2021_06_10	     292	       1	       1	       0
2021_06_11	     293	       1	       1	       0
2021_06_12	     294	       1	       1	       0
2021_06_13	     295	       1	       1	       0
