#
# COVID-19 Country file (official WHO count)
# Country = Cameroon
# Latitude = 4.0
# Population = 25958.184
# Territory = 475442.0
# LEB = 59.3
# DPA = 235000
# DPA65 = 51700
# GDP = 1500.0
# GDP_PPP = 3761.0
# COVID-19 Mortality = 50.2
# First_Case = 2020_03_06
# Last_Case = 2021_06_13
# First_Death = 2020_03_25
# Last_Death = 2021_06_13
# Status as of 2021_06_13 = Community transmission
# Vaccine type = Unknown
# Vaccine start = NA
#
Date	Conf_Cases	Conf_Deaths	Daily_Cases	Daily_Deaths
2020_03_06	       1	       0	       1	       0
2020_03_07	       2	       0	       1	       0
2020_03_08	       2	       0	       0	       0
2020_03_09	       2	       0	       0	       0
2020_03_10	       2	       0	       0	       0
2020_03_11	       2	       0	       0	       0
2020_03_12	       2	       0	       0	       0
2020_03_13	       2	       0	       0	       0
2020_03_14	       2	       0	       0	       0
2020_03_15	       3	       0	       1	       0
2020_03_16	       3	       0	       0	       0
2020_03_17	       5	       0	       2	       0
2020_03_18	       5	       0	       0	       0
2020_03_19	      10	       0	       5	       0
2020_03_20	      15	       0	       5	       0
2020_03_21	      22	       0	       7	       0
2020_03_22	      27	       0	       5	       0
2020_03_23	      40	       0	      13	       0
2020_03_24	      72	       0	      32	       0
2020_03_25	      72	       1	       0	       1
2020_03_26	      70	       1	      -2	       0
2020_03_27	      75	       1	       5	       0
2020_03_28	      75	       1	       0	       0
2020_03_29	      91	       2	      16	       1
2020_03_30	     113	       2	      22	       0
2020_03_31	     139	       6	      26	       4
2020_04_01	     139	       6	       0	       0
2020_04_02	     139	       6	       0	       0
2020_04_03	     246	       7	     107	       1
2020_04_04	     246	       7	       0	       0
2020_04_05	     555	       9	     309	       2
2020_04_06	     555	       9	       0	       0
2020_04_07	     555	       9	       0	       0
2020_04_08	     555	       9	       0	       0
2020_04_09	     730	      10	     175	       1
2020_04_10	     730	      10	       0	       0
2020_04_11	     803	      10	      73	       0
2020_04_12	     803	      10	       0	       0
2020_04_13	     803	      10	       0	       0
2020_04_14	     803	      10	       0	       0
2020_04_15	     855	      15	      52	       5
2020_04_16	     855	      17	       0	       2
2020_04_17	     855	      17	       0	       0
2020_04_18	    1016	      21	     161	       4
2020_04_19	    1016	      21	       0	       0
2020_04_20	    1016	      21	       0	       0
2020_04_21	    1163	      42	     147	      21
2020_04_22	    1163	      43	       0	       1
2020_04_23	    1163	      43	       0	       0
2020_04_24	    1401	      49	     238	       6
2020_04_25	    1403	      49	       2	       0
2020_04_26	    1518	      53	     115	       4
2020_04_27	    1621	      56	     103	       3
2020_04_28	    1621	      56	       0	       0
2020_04_29	    1705	      58	      84	       2
2020_04_30	    1806	      59	     101	       1
2020_05_01	    1832	      61	      26	       2
2020_05_02	    2069	      61	     237	       0
2020_05_03	    2077	      64	       8	       3
2020_05_04	    2077	      64	       0	       0
2020_05_05	    2077	      64	       0	       0
2020_05_06	    2265	     108	     188	      44
2020_05_07	    2265	     108	       0	       0
2020_05_08	    2265	     108	       0	       0
2020_05_09	    2265	     108	       0	       0
2020_05_10	    2335	     110	      70	       2
2020_05_11	    2579	     114	     244	       4
2020_05_12	    2579	     114	       0	       0
2020_05_13	    2689	     125	     110	      11
2020_05_14	    2800	     136	     111	      11
2020_05_15	    2954	     139	     154	       3
2020_05_16	    3047	     139	      93	       0
2020_05_17	    3047	     139	       0	       0
2020_05_18	    3047	     139	       0	       0
2020_05_19	    3529	     140	     482	       1
2020_05_20	    3529	     140	       0	       0
2020_05_21	    3733	     146	     204	       6
2020_05_22	    4288	     156	     555	      10
2020_05_23	    4400	     159	     112	       3
2020_05_24	    4400	     159	       0	       0
2020_05_25	    4400	     159	       0	       0
2020_05_26	    4890	     165	     490	       6
2020_05_27	    5436	     177	     546	      12
2020_05_28	    5436	     177	       0	       0
2020_05_29	    5436	     177	       0	       0
2020_05_30	    5436	     177	       0	       0
2020_05_31	    5659	     185	     223	       8
2020_06_01	    5904	     191	     245	       6
2020_06_02	    6397	     199	     493	       8
2020_06_03	    6585	     200	     188	       1
2020_06_04	    6752	     200	     167	       0
2020_06_05	    6789	     203	      37	       3
2020_06_06	    7392	     205	     603	       2
2020_06_07	    7599	     212	     207	       7
2020_06_08	    7860	     215	     261	       3
2020_06_09	    8060	     215	     200	       0
2020_06_10	    8312	     215	     252	       0
2020_06_11	    8681	     215	     369	       0
2020_06_12	    8681	     215	       0	       0
2020_06_13	    8743	     270	      62	      55
2020_06_14	    8743	     270	       0	       0
2020_06_15	    9572	     275	     829	       5
2020_06_16	    9864	     276	     292	       1
2020_06_17	    9864	     276	       0	       0
2020_06_18	    9864	     276	       0	       0
2020_06_19	    9864	     276	       0	       0
2020_06_20	   10638	     282	     774	       6
2020_06_21	   10638	     282	       0	       0
2020_06_22	   11281	     300	     643	      18
2020_06_23	   11892	     303	     611	       3
2020_06_24	   12041	     308	     149	       5
2020_06_25	   12270	     313	     229	       5
2020_06_26	   12592	     313	     322	       0
2020_06_27	   12592	     313	       0	       0
2020_06_28	   12592	     313	       0	       0
2020_06_29	   12592	     313	       0	       0
2020_06_30	   12592	     313	       0	       0
2020_07_01	   12592	     313	       0	       0
2020_07_02	   12592	     313	       0	       0
2020_07_03	   12592	     313	       0	       0
2020_07_04	   12592	     313	       0	       0
2020_07_05	   12592	     313	       0	       0
2020_07_06	   14037	     330	    1445	      17
2020_07_07	   14524	     342	     487	      12
2020_07_08	   14916	     359	     392	      17
2020_07_09	   14916	     359	       0	       0
2020_07_10	   14916	     359	       0	       0
2020_07_11	   14916	     359	       0	       0
2020_07_12	   14916	     359	       0	       0
2020_07_13	   15173	     359	     257	       0
2020_07_14	   15173	     359	       0	       0
2020_07_15	   15173	     359	       0	       0
2020_07_16	   16057	     369	     884	      10
2020_07_17	   16057	     369	       0	       0
2020_07_18	   16157	     373	     100	       4
2020_07_19	   16157	     373	       0	       0
2020_07_20	   16157	     373	       0	       0
2020_07_21	   16522	     382	     365	       9
2020_07_22	   16522	     382	       0	       0
2020_07_23	   16522	     382	       0	       0
2020_07_24	   16522	     382	       0	       0
2020_07_25	   16708	     385	     186	       3
2020_07_26	   16708	     385	       0	       0
2020_07_27	   17110	     391	     402	       6
2020_07_28	   17179	     391	      69	       0
2020_07_29	   17179	     391	       0	       0
2020_07_30	   17255	     391	      76	       0
2020_07_31	   17255	     391	       0	       0
2020_08_01	   17255	     391	       0	       0
2020_08_02	   17255	     391	       0	       0
2020_08_03	   17255	     391	       0	       0
2020_08_04	   17718	     391	     463	       0
2020_08_05	   17718	     391	       0	       0
2020_08_06	   17718	     391	       0	       0
2020_08_07	   17718	     391	       0	       0
2020_08_08	   18042	     395	     324	       4
2020_08_09	   18042	     395	       0	       0
2020_08_10	   18042	     395	       0	       0
2020_08_11	   18213	     398	     171	       3
2020_08_12	   18263	     401	      50	       3
2020_08_13	   18308	     401	      45	       0
2020_08_14	   18469	     401	     161	       0
2020_08_15	   18469	     401	       0	       0
2020_08_16	   18469	     401	       0	       0
2020_08_17	   18510	     402	      41	       1
2020_08_18	   18552	     403	      42	       1
2020_08_19	   18594	     404	      42	       1
2020_08_20	   18636	     405	      42	       1
2020_08_21	   18678	     406	      42	       1
2020_08_22	   18720	     407	      42	       1
2020_08_23	   18762	     408	      42	       1
2020_08_24	   18816	     408	      54	       0
2020_08_25	   18870	     408	      54	       0
2020_08_26	   18924	     409	      54	       1
2020_08_27	   18979	     409	      55	       0
2020_08_28	   19033	     410	      54	       1
2020_08_29	   19087	     410	      54	       0
2020_08_30	   19142	     411	      55	       1
2020_08_31	   19208	     411	      66	       0
2020_09_01	   19274	     412	      66	       1
2020_09_02	   19340	     412	      66	       0
2020_09_03	   19406	     413	      66	       1
2020_09_04	   19472	     413	      66	       0
2020_09_05	   19538	     414	      66	       1
2020_09_06	   19604	     415	      66	       1
2020_09_07	   19684	     415	      80	       0
2020_09_08	   19764	     415	      80	       0
2020_09_09	   19845	     415	      81	       0
2020_09_10	   19925	     415	      80	       0
2020_09_11	   20006	     415	      81	       0
2020_09_12	   20086	     415	      80	       0
2020_09_13	   20167	     415	      81	       0
2020_09_14	   20204	     415	      37	       0
2020_09_15	   20242	     415	      38	       0
2020_09_16	   20280	     415	      38	       0
2020_09_17	   20317	     415	      37	       0
2020_09_18	   20355	     415	      38	       0
2020_09_19	   20393	     415	      38	       0
2020_09_20	   20431	     416	      38	       1
2020_09_21	   20474	     416	      43	       0
2020_09_22	   20517	     416	      43	       0
2020_09_23	   20561	     416	      44	       0
2020_09_24	   20604	     417	      43	       1
2020_09_25	   20648	     417	      44	       0
2020_09_26	   20691	     417	      43	       0
2020_09_27	   20735	     418	      44	       1
2020_09_28	   20749	     418	      14	       0
2020_09_29	   20764	     418	      15	       0
2020_09_30	   20779	     418	      15	       0
2020_10_01	   20793	     418	      14	       0
2020_10_02	   20808	     418	      15	       0
2020_10_03	   20823	     418	      15	       0
2020_10_04	   20838	     418	      15	       0
2020_10_05	   20884	     418	      46	       0
2020_10_06	   20930	     418	      46	       0
2020_10_07	   20976	     418	      46	       0
2020_10_08	   21022	     419	      46	       1
2020_10_09	   21068	     419	      46	       0
2020_10_10	   21114	     419	      46	       0
2020_10_11	   21160	     420	      46	       1
2020_10_12	   21218	     420	      58	       0
2020_10_13	   21277	     421	      59	       1
2020_10_14	   21335	     422	      58	       1
2020_10_15	   21394	     422	      59	       0
2020_10_16	   21452	     423	      58	       1
2020_10_17	   21511	     424	      59	       1
2020_10_18	   21570	     425	      59	       1
2020_10_19	   21601	     425	      31	       0
2020_10_20	   21633	     425	      32	       0
2020_10_21	   21665	     425	      32	       0
2020_10_22	   21697	     425	      32	       0
2020_10_23	   21729	     425	      32	       0
2020_10_24	   21761	     425	      32	       0
2020_10_25	   21793	     426	      32	       1
2020_10_26	   21793	     426	       0	       0
2020_10_27	   21793	     426	       0	       0
2020_10_28	   21793	     426	       0	       0
2020_10_29	   21793	     426	       0	       0
2020_10_30	   21793	     426	       0	       0
2020_10_31	   21793	     426	       0	       0
2020_11_01	   21793	     426	       0	       0
2020_11_02	   21871	     426	      78	       0
2020_11_03	   21949	     426	      78	       0
2020_11_04	   22028	     427	      79	       1
2020_11_05	   22106	     427	      78	       0
2020_11_06	   22185	     428	      79	       1
2020_11_07	   22263	     428	      78	       0
2020_11_08	   22342	     429	      79	       1
2020_11_09	   22392	     429	      50	       0
2020_11_10	   22442	     430	      50	       1
2020_11_11	   22492	     430	      50	       0
2020_11_12	   22542	     431	      50	       1
2020_11_13	   22592	     431	      50	       0
2020_11_14	   22642	     432	      50	       1
2020_11_15	   22692	     433	      50	       1
2020_11_16	   22811	     433	     119	       0
2020_11_17	   22930	     433	     119	       0
2020_11_18	   23050	     433	     120	       0
2020_11_19	   23169	     434	     119	       1
2020_11_20	   23289	     434	     120	       0
2020_11_21	   23408	     434	     119	       0
2020_11_22	   23528	     435	     120	       1
2020_11_23	   23612	     435	      84	       0
2020_11_24	   23696	     435	      84	       0
2020_11_25	   23780	     435	      84	       0
2020_11_26	   23864	     436	      84	       1
2020_11_27	   23948	     436	      84	       0
2020_11_28	   24032	     436	      84	       0
2020_11_29	   24117	     437	      85	       1
2020_11_30	   24207	     437	      90	       0
2020_12_01	   24298	     438	      91	       1
2020_12_02	   24389	     439	      91	       1
2020_12_03	   24479	     440	      90	       1
2020_12_04	   24570	     441	      91	       1
2020_12_05	   24661	     442	      91	       1
2020_12_06	   24752	     443	      91	       1
2020_12_07	   24807	     443	      55	       0
2020_12_08	   24863	     443	      56	       0
2020_12_09	   24919	     443	      56	       0
2020_12_10	   24975	     443	      56	       0
2020_12_11	   25031	     443	      56	       0
2020_12_12	   25087	     443	      56	       0
2020_12_13	   25143	     443	      56	       0
2020_12_14	   25243	     443	     100	       0
2020_12_15	   25344	     444	     101	       1
2020_12_16	   25445	     445	     101	       1
2020_12_17	   25546	     445	     101	       0
2020_12_18	   25647	     446	     101	       1
2020_12_19	   25748	     447	     101	       1
2020_12_20	   25849	     448	     101	       1
2020_12_21	   25910	     448	      61	       0
2020_12_22	   25971	     448	      61	       0
2020_12_23	   26032	     448	      61	       0
2020_12_24	   26093	     448	      61	       0
2020_12_25	   26154	     448	      61	       0
2020_12_26	   26215	     448	      61	       0
2020_12_27	   26277	     448	      62	       0
2020_12_28	   26358	     448	      81	       0
2020_12_29	   26440	     448	      82	       0
2020_12_30	   26521	     448	      81	       0
2020_12_31	   26603	     448	      82	       0
2021_01_01	   26684	     448	      81	       0
2021_01_02	   26766	     448	      82	       0
2021_01_03	   26848	     448	      82	       0
2021_01_04	   26848	     448	       0	       0
2021_01_05	   26848	     448	       0	       0
2021_01_06	   26848	     448	       0	       0
2021_01_07	   26848	     448	       0	       0
2021_01_08	   26848	     448	       0	       0
2021_01_09	   26848	     448	       0	       0
2021_01_10	   26848	     448	       0	       0
2021_01_11	   26917	     448	      69	       0
2021_01_12	   26987	     448	      70	       0
2021_01_13	   27057	     449	      70	       1
2021_01_14	   27126	     449	      69	       0
2021_01_15	   27196	     450	      70	       1
2021_01_16	   27266	     450	      70	       0
2021_01_17	   27336	     451	      70	       1
2021_01_18	   27661	     452	     325	       1
2021_01_19	   27987	     454	     326	       2
2021_01_20	   28313	     455	     326	       1
2021_01_21	   28639	     457	     326	       2
2021_01_22	   28965	     458	     326	       1
2021_01_23	   29291	     460	     326	       2
2021_01_24	   29617	     462	     326	       2
2021_01_25	   29617	     462	       0	       0
2021_01_26	   29617	     462	       0	       0
2021_01_27	   29617	     462	       0	       0
2021_01_28	   29617	     462	       0	       0
2021_01_29	   29617	     462	       0	       0
2021_01_30	   29617	     462	       0	       0
2021_01_31	   29617	     462	       0	       0
2021_02_01	   29716	     463	      99	       1
2021_02_02	   29815	     465	      99	       2
2021_02_03	   29915	     467	     100	       2
2021_02_04	   30014	     468	      99	       1
2021_02_05	   30114	     470	     100	       2
2021_02_06	   30213	     472	      99	       2
2021_02_07	   30313	     474	     100	       2
2021_02_08	   30467	     474	     154	       0
2021_02_09	   30621	     474	     154	       0
2021_02_10	   30776	     474	     155	       0
2021_02_11	   30930	     474	     154	       0
2021_02_12	   31085	     474	     155	       0
2021_02_13	   31239	     474	     154	       0
2021_02_14	   31394	     474	     155	       0
2021_02_15	   31730	     481	     336	       7
2021_02_16	   32066	     488	     336	       7
2021_02_17	   32403	     495	     337	       7
2021_02_18	   32739	     502	     336	       7
2021_02_19	   33076	     509	     337	       7
2021_02_20	   33412	     516	     336	       7
2021_02_21	   33749	     523	     337	       7
2021_02_22	   33749	     523	       0	       0
2021_02_23	   33749	     523	       0	       0
2021_02_24	   33749	     523	       0	       0
2021_02_25	   33749	     523	       0	       0
2021_02_26	   33749	     523	       0	       0
2021_02_27	   33749	     523	       0	       0
2021_02_28	   33749	     523	       0	       0
2021_03_01	   34029	     527	     280	       4
2021_03_02	   34310	     531	     281	       4
2021_03_03	   34591	     535	     281	       4
2021_03_04	   34871	     539	     280	       4
2021_03_05	   35152	     543	     281	       4
2021_03_06	   35433	     547	     281	       4
2021_03_07	   35714	     551	     281	       4
2021_03_08	   36181	     556	     467	       5
2021_03_09	   36649	     561	     468	       5
2021_03_10	   37117	     566	     468	       5
2021_03_11	   37584	     572	     467	       6
2021_03_12	   38052	     577	     468	       5
2021_03_13	   38520	     582	     468	       5
2021_03_14	   38988	     588	     468	       6
2021_03_15	   38988	     588	       0	       0
2021_03_16	   38988	     588	       0	       0
2021_03_17	   38988	     588	       0	       0
2021_03_18	   38988	     588	       0	       0
2021_03_19	   38988	     588	       0	       0
2021_03_20	   38988	     588	       0	       0
2021_03_21	   38988	     588	       0	       0
2021_03_22	   40228	     607	    1240	      19
2021_03_23	   41468	     626	    1240	      19
2021_03_24	   42708	     645	    1240	      19
2021_03_25	   43948	     664	    1240	      19
2021_03_26	   45188	     683	    1240	      19
2021_03_27	   46428	     702	    1240	      19
2021_03_28	   47669	     721	    1241	      19
2021_03_29	   48562	     729	     893	       8
2021_03_30	   49455	     737	     893	       8
2021_03_31	   50348	     745	     893	       8
2021_04_01	   51241	     754	     893	       9
2021_04_02	   52134	     762	     893	       8
2021_04_03	   53027	     770	     893	       8
2021_04_04	   53920	     779	     893	       9
2021_04_05	   54408	     789	     488	      10
2021_04_06	   54896	     799	     488	      10
2021_04_07	   55384	     809	     488	      10
2021_04_08	   55872	     820	     488	      11
2021_04_09	   56360	     830	     488	      10
2021_04_10	   56848	     840	     488	      10
2021_04_11	   57337	     851	     489	      11
2021_04_12	   57964	     860	     627	       9
2021_04_13	   58592	     870	     628	      10
2021_04_14	   59220	     880	     628	      10
2021_04_15	   59847	     889	     627	       9
2021_04_16	   60475	     899	     628	      10
2021_04_17	   61103	     909	     628	      10
2021_04_18	   61731	     919	     628	      10
2021_04_19	   62340	     929	     609	      10
2021_04_20	   62950	     939	     610	      10
2021_04_21	   63559	     949	     609	      10
2021_04_22	   64169	     960	     610	      11
2021_04_23	   64778	     970	     609	      10
2021_04_24	   65388	     980	     610	      10
2021_04_25	   65998	     991	     610	      11
2021_04_26	   66656	    1001	     658	      10
2021_04_27	   67314	    1011	     658	      10
2021_04_28	   67973	    1022	     659	      11
2021_04_29	   68631	    1032	     658	      10
2021_04_30	   69290	    1043	     659	      11
2021_05_01	   69948	    1053	     658	      10
2021_05_02	   70607	    1064	     659	      11
2021_05_03	   71196	    1075	     589	      11
2021_05_04	   71785	    1086	     589	      11
2021_05_05	   72375	    1098	     590	      12
2021_05_06	   72964	    1109	     589	      11
2021_05_07	   73554	    1121	     590	      12
2021_05_08	   74143	    1132	     589	      11
2021_05_09	   74733	    1144	     590	      12
2021_05_10	   74733	    1144	       0	       0
2021_05_11	   74733	    1144	       0	       0
2021_05_12	   74733	    1144	       0	       0
2021_05_13	   74733	    1144	       0	       0
2021_05_14	   74733	    1144	       0	       0
2021_05_15	   74733	    1144	       0	       0
2021_05_16	   74733	    1144	       0	       0
2021_05_17	   75022	    1156	     289	      12
2021_05_18	   75311	    1168	     289	      12
2021_05_19	   75600	    1180	     289	      12
2021_05_20	   75889	    1193	     289	      13
2021_05_21	   76178	    1205	     289	      12
2021_05_22	   76467	    1217	     289	      12
2021_05_23	   76756	    1230	     289	      13
2021_05_24	   76931	    1235	     175	       5
2021_05_25	   77106	    1241	     175	       6
2021_05_26	   77281	    1247	     175	       6
2021_05_27	   77456	    1252	     175	       5
2021_05_28	   77631	    1258	     175	       6
2021_05_29	   77806	    1264	     175	       6
2021_05_30	   77982	    1270	     176	       6
2021_05_31	   78117	    1270	     135	       0
2021_06_01	   78252	    1271	     135	       1
2021_06_02	   78387	    1272	     135	       1
2021_06_03	   78523	    1272	     136	       0
2021_06_04	   78658	    1273	     135	       1
2021_06_05	   78793	    1274	     135	       1
2021_06_06	   78929	    1275	     136	       1
2021_06_07	   79068	    1278	     139	       3
2021_06_08	   79207	    1282	     139	       4
2021_06_09	   79346	    1286	     139	       4
2021_06_10	   79486	    1290	     140	       4
2021_06_11	   79625	    1294	     139	       4
2021_06_12	   79764	    1298	     139	       4
2021_06_13	   79904	    1302	     140	       4
