#
# COVID-19 Country file (official WHO count)
# Country = Central African Republic
# Latitude = 4.0
# Population = 4920.889
# Territory = 622984.0
# LEB = 53.3
# DPA = 57000
# DPA65 = 10830
# GDP = 450.0
# GDP_PPP = 808.0
# COVID-19 Mortality = 19.9
# First_Case = 2020_03_15
# Last_Case = 2021_06_13
# First_Death = 2020_05_24
# Last_Death = 2021_05_30
# Status as of 2021_06_13 = Community transmission
# Vaccine type = Unknown
# Vaccine start = NA
#
Date	Conf_Cases	Conf_Deaths	Daily_Cases	Daily_Deaths
2020_03_15	       1	       0	       1	       0
2020_03_16	       1	       0	       0	       0
2020_03_17	       1	       0	       0	       0
2020_03_18	       1	       0	       0	       0
2020_03_19	       1	       0	       0	       0
2020_03_20	       1	       0	       0	       0
2020_03_21	       1	       0	       0	       0
2020_03_22	       3	       0	       2	       0
2020_03_23	       4	       0	       1	       0
2020_03_24	       4	       0	       0	       0
2020_03_25	       4	       0	       0	       0
2020_03_26	       5	       0	       1	       0
2020_03_27	       5	       0	       0	       0
2020_03_28	       6	       0	       1	       0
2020_03_29	       6	       0	       0	       0
2020_03_30	       6	       0	       0	       0
2020_03_31	       6	       0	       0	       0
2020_04_01	       6	       0	       0	       0
2020_04_02	       8	       0	       2	       0
2020_04_03	       8	       0	       0	       0
2020_04_04	       8	       0	       0	       0
2020_04_05	       9	       0	       1	       0
2020_04_06	       9	       0	       0	       0
2020_04_07	       9	       0	       0	       0
2020_04_08	       9	       0	       0	       0
2020_04_09	      10	       0	       1	       0
2020_04_10	      10	       0	       0	       0
2020_04_11	      11	       0	       1	       0
2020_04_12	      11	       0	       0	       0
2020_04_13	      11	       0	       0	       0
2020_04_14	      11	       0	       0	       0
2020_04_15	      11	       0	       0	       0
2020_04_16	      11	       0	       0	       0
2020_04_17	      12	       0	       1	       0
2020_04_18	      12	       0	       0	       0
2020_04_19	      12	       0	       0	       0
2020_04_20	      12	       0	       0	       0
2020_04_21	      12	       0	       0	       0
2020_04_22	      14	       0	       2	       0
2020_04_23	      14	       0	       0	       0
2020_04_24	      16	       0	       2	       0
2020_04_25	      19	       0	       3	       0
2020_04_26	      19	       0	       0	       0
2020_04_27	      19	       0	       0	       0
2020_04_28	      42	       0	      23	       0
2020_04_29	      50	       0	       8	       0
2020_04_30	      50	       0	       0	       0
2020_05_01	      64	       0	      14	       0
2020_05_02	      64	       0	       0	       0
2020_05_03	      72	       0	       8	       0
2020_05_04	      72	       0	       0	       0
2020_05_05	      94	       0	      22	       0
2020_05_06	      94	       0	       0	       0
2020_05_07	      94	       0	       0	       0
2020_05_08	      94	       0	       0	       0
2020_05_09	      94	       0	       0	       0
2020_05_10	     143	       0	      49	       0
2020_05_11	     179	       0	      36	       0
2020_05_12	     179	       0	       0	       0
2020_05_13	     179	       0	       0	       0
2020_05_14	     187	       0	       8	       0
2020_05_15	     221	       0	      34	       0
2020_05_16	     301	       0	      80	       0
2020_05_17	     301	       0	       0	       0
2020_05_18	     327	       0	      26	       0
2020_05_19	     336	       0	       9	       0
2020_05_20	     411	       0	      75	       0
2020_05_21	     411	       0	       0	       0
2020_05_22	     436	       0	      25	       0
2020_05_23	     479	       0	      43	       0
2020_05_24	     552	       1	      73	       1
2020_05_25	     604	       1	      52	       0
2020_05_26	     652	       1	      48	       0
2020_05_27	     652	       1	       0	       0
2020_05_28	     701	       1	      49	       0
2020_05_29	     755	       1	      54	       0
2020_05_30	     874	       1	     119	       0
2020_05_31	     874	       1	       0	       0
2020_06_01	    1011	       2	     137	       1
2020_06_02	    1069	       4	      58	       2
2020_06_03	    1069	       4	       0	       0
2020_06_04	    1189	       4	     120	       0
2020_06_05	    1288	       4	      99	       0
2020_06_06	    1451	       4	     163	       0
2020_06_07	    1570	       5	     119	       1
2020_06_08	    1634	       5	      64	       0
2020_06_09	    1850	       5	     216	       0
2020_06_10	    1850	       5	       0	       0
2020_06_11	    1888	       5	      38	       0
2020_06_12	    2044	       5	     156	       0
2020_06_13	    2057	       7	      13	       2
2020_06_14	    2057	       7	       0	       0
2020_06_15	    2222	       7	     165	       0
2020_06_16	    2222	       7	       0	       0
2020_06_17	    2410	      14	     188	       7
2020_06_18	    2564	      18	     154	       4
2020_06_19	    2605	      19	      41	       1
2020_06_20	    2605	      19	       0	       0
2020_06_21	    2808	      23	     203	       4
2020_06_22	    2808	      23	       0	       0
2020_06_23	    2963	      30	     155	       7
2020_06_24	    3051	      37	      88	       7
2020_06_25	    3051	      37	       0	       0
2020_06_26	    3244	      40	     193	       3
2020_06_27	    3340	      40	      96	       0
2020_06_28	    3340	      40	       0	       0
2020_06_29	    3429	      45	      89	       5
2020_06_30	    3613	      47	     184	       2
2020_07_01	    3745	      47	     132	       0
2020_07_02	    3745	      47	       0	       0
2020_07_03	    3788	      47	      43	       0
2020_07_04	    3918	      48	     130	       1
2020_07_05	    3969	      48	      51	       0
2020_07_06	    3969	      48	       0	       0
2020_07_07	    4033	      52	      64	       4
2020_07_08	    4071	      52	      38	       0
2020_07_09	    4109	      52	      38	       0
2020_07_10	    4200	      52	      91	       0
2020_07_11	    4200	      52	       0	       0
2020_07_12	    4288	      53	      88	       1
2020_07_13	    4288	      53	       0	       0
2020_07_14	    4321	      53	      33	       0
2020_07_15	    4321	      53	       0	       0
2020_07_16	    4362	      53	      41	       0
2020_07_17	    4373	      53	      11	       0
2020_07_18	    4389	      53	      16	       0
2020_07_19	    4485	      55	      96	       2
2020_07_20	    4485	      55	       0	       0
2020_07_21	    4485	      55	       0	       0
2020_07_22	    4561	      55	      76	       0
2020_07_23	    4574	      57	      13	       2
2020_07_24	    4590	      58	      16	       1
2020_07_25	    4593	      59	       3	       1
2020_07_26	    4593	      59	       0	       0
2020_07_27	    4598	      59	       5	       0
2020_07_28	    4599	      59	       1	       0
2020_07_29	    4599	      59	       0	       0
2020_07_30	    4605	      59	       6	       0
2020_07_31	    4605	      59	       0	       0
2020_08_01	    4608	      59	       3	       0
2020_08_02	    4614	      59	       6	       0
2020_08_03	    4614	      59	       0	       0
2020_08_04	    4614	      59	       0	       0
2020_08_05	    4618	      59	       4	       0
2020_08_06	    4618	      59	       0	       0
2020_08_07	    4620	      59	       2	       0
2020_08_08	    4641	      59	      21	       0
2020_08_09	    4641	      59	       0	       0
2020_08_10	    4641	      60	       0	       1
2020_08_11	    4641	      60	       0	       0
2020_08_12	    4647	      61	       6	       1
2020_08_13	    4652	      61	       5	       0
2020_08_14	    4652	      61	       0	       0
2020_08_15	    4652	      61	       0	       0
2020_08_16	    4652	      61	       0	       0
2020_08_17	    4655	      61	       3	       0
2020_08_18	    4659	      61	       4	       0
2020_08_19	    4663	      61	       4	       0
2020_08_20	    4667	      61	       4	       0
2020_08_21	    4671	      61	       4	       0
2020_08_22	    4675	      61	       4	       0
2020_08_23	    4679	      61	       4	       0
2020_08_24	    4682	      61	       3	       0
2020_08_25	    4685	      61	       3	       0
2020_08_26	    4688	      61	       3	       0
2020_08_27	    4691	      61	       3	       0
2020_08_28	    4694	      61	       3	       0
2020_08_29	    4697	      61	       3	       0
2020_08_30	    4700	      61	       3	       0
2020_08_31	    4704	      61	       4	       0
2020_09_01	    4708	      61	       4	       0
2020_09_02	    4712	      61	       4	       0
2020_09_03	    4716	      61	       4	       0
2020_09_04	    4720	      61	       4	       0
2020_09_05	    4724	      61	       4	       0
2020_09_06	    4729	      62	       5	       1
2020_09_07	    4731	      62	       2	       0
2020_09_08	    4734	      62	       3	       0
2020_09_09	    4737	      62	       3	       0
2020_09_10	    4740	      62	       3	       0
2020_09_11	    4743	      62	       3	       0
2020_09_12	    4746	      62	       3	       0
2020_09_13	    4749	      62	       3	       0
2020_09_14	    4755	      62	       6	       0
2020_09_15	    4761	      62	       6	       0
2020_09_16	    4767	      62	       6	       0
2020_09_17	    4774	      62	       7	       0
2020_09_18	    4780	      62	       6	       0
2020_09_19	    4786	      62	       6	       0
2020_09_20	    4793	      62	       7	       0
2020_09_21	    4794	      62	       1	       0
2020_09_22	    4796	      62	       2	       0
2020_09_23	    4798	      62	       2	       0
2020_09_24	    4800	      62	       2	       0
2020_09_25	    4802	      62	       2	       0
2020_09_26	    4804	      62	       2	       0
2020_09_27	    4806	      62	       2	       0
2020_09_28	    4811	      62	       5	       0
2020_09_29	    4817	      62	       6	       0
2020_09_30	    4822	      62	       5	       0
2020_10_01	    4828	      62	       6	       0
2020_10_02	    4833	      62	       5	       0
2020_10_03	    4839	      62	       6	       0
2020_10_04	    4845	      62	       6	       0
2020_10_05	    4846	      62	       1	       0
2020_10_06	    4847	      62	       1	       0
2020_10_07	    4848	      62	       1	       0
2020_10_08	    4850	      62	       2	       0
2020_10_09	    4851	      62	       1	       0
2020_10_10	    4852	      62	       1	       0
2020_10_11	    4854	      62	       2	       0
2020_10_12	    4854	      62	       0	       0
2020_10_13	    4855	      62	       1	       0
2020_10_14	    4855	      62	       0	       0
2020_10_15	    4856	      62	       1	       0
2020_10_16	    4856	      62	       0	       0
2020_10_17	    4857	      62	       1	       0
2020_10_18	    4858	      62	       1	       0
2020_10_19	    4858	      62	       0	       0
2020_10_20	    4859	      62	       1	       0
2020_10_21	    4860	      62	       1	       0
2020_10_22	    4860	      62	       0	       0
2020_10_23	    4861	      62	       1	       0
2020_10_24	    4862	      62	       1	       0
2020_10_25	    4863	      62	       1	       0
2020_10_26	    4863	      62	       0	       0
2020_10_27	    4863	      62	       0	       0
2020_10_28	    4864	      62	       1	       0
2020_10_29	    4864	      62	       0	       0
2020_10_30	    4865	      62	       1	       0
2020_10_31	    4865	      62	       0	       0
2020_11_01	    4866	      62	       1	       0
2020_11_02	    4867	      62	       1	       0
2020_11_03	    4869	      62	       2	       0
2020_11_04	    4871	      62	       2	       0
2020_11_05	    4873	      62	       2	       0
2020_11_06	    4875	      62	       2	       0
2020_11_07	    4877	      62	       2	       0
2020_11_08	    4879	      62	       2	       0
2020_11_09	    4882	      62	       3	       0
2020_11_10	    4885	      62	       3	       0
2020_11_11	    4888	      62	       3	       0
2020_11_12	    4891	      62	       3	       0
2020_11_13	    4894	      62	       3	       0
2020_11_14	    4897	      62	       3	       0
2020_11_15	    4900	      63	       3	       1
2020_11_16	    4901	      63	       1	       0
2020_11_17	    4903	      63	       2	       0
2020_11_18	    4904	      63	       1	       0
2020_11_19	    4906	      63	       2	       0
2020_11_20	    4907	      63	       1	       0
2020_11_21	    4909	      63	       2	       0
2020_11_22	    4911	      63	       2	       0
2020_11_23	    4911	      63	       0	       0
2020_11_24	    4911	      63	       0	       0
2020_11_25	    4911	      63	       0	       0
2020_11_26	    4912	      63	       1	       0
2020_11_27	    4912	      63	       0	       0
2020_11_28	    4912	      63	       0	       0
2020_11_29	    4913	      63	       1	       0
2020_11_30	    4914	      63	       1	       0
2020_12_01	    4915	      63	       1	       0
2020_12_02	    4916	      63	       1	       0
2020_12_03	    4918	      63	       2	       0
2020_12_04	    4919	      63	       1	       0
2020_12_05	    4920	      63	       1	       0
2020_12_06	    4922	      63	       2	       0
2020_12_07	    4924	      63	       2	       0
2020_12_08	    4926	      63	       2	       0
2020_12_09	    4928	      63	       2	       0
2020_12_10	    4930	      63	       2	       0
2020_12_11	    4932	      63	       2	       0
2020_12_12	    4934	      63	       2	       0
2020_12_13	    4936	      63	       2	       0
2020_12_14	    4936	      63	       0	       0
2020_12_15	    4936	      63	       0	       0
2020_12_16	    4936	      63	       0	       0
2020_12_17	    4936	      63	       0	       0
2020_12_18	    4936	      63	       0	       0
2020_12_19	    4936	      63	       0	       0
2020_12_20	    4936	      63	       0	       0
2020_12_21	    4937	      63	       1	       0
2020_12_22	    4939	      63	       2	       0
2020_12_23	    4941	      63	       2	       0
2020_12_24	    4942	      63	       1	       0
2020_12_25	    4944	      63	       2	       0
2020_12_26	    4946	      63	       2	       0
2020_12_27	    4948	      63	       2	       0
2020_12_28	    4950	      63	       2	       0
2020_12_29	    4952	      63	       2	       0
2020_12_30	    4954	      63	       2	       0
2020_12_31	    4956	      63	       2	       0
2021_01_01	    4958	      63	       2	       0
2021_01_02	    4960	      63	       2	       0
2021_01_03	    4963	      63	       3	       0
2021_01_04	    4964	      63	       1	       0
2021_01_05	    4965	      63	       1	       0
2021_01_06	    4967	      63	       2	       0
2021_01_07	    4968	      63	       1	       0
2021_01_08	    4970	      63	       2	       0
2021_01_09	    4971	      63	       1	       0
2021_01_10	    4973	      63	       2	       0
2021_01_11	    4973	      63	       0	       0
2021_01_12	    4973	      63	       0	       0
2021_01_13	    4973	      63	       0	       0
2021_01_14	    4973	      63	       0	       0
2021_01_15	    4973	      63	       0	       0
2021_01_16	    4973	      63	       0	       0
2021_01_17	    4973	      63	       0	       0
2021_01_18	    4974	      63	       1	       0
2021_01_19	    4975	      63	       1	       0
2021_01_20	    4976	      63	       1	       0
2021_01_21	    4977	      63	       1	       0
2021_01_22	    4978	      63	       1	       0
2021_01_23	    4979	      63	       1	       0
2021_01_24	    4980	      63	       1	       0
2021_01_25	    4980	      63	       0	       0
2021_01_26	    4980	      63	       0	       0
2021_01_27	    4980	      63	       0	       0
2021_01_28	    4980	      63	       0	       0
2021_01_29	    4980	      63	       0	       0
2021_01_30	    4980	      63	       0	       0
2021_01_31	    4981	      63	       1	       0
2021_02_01	    4982	      63	       1	       0
2021_02_02	    4983	      63	       1	       0
2021_02_03	    4984	      63	       1	       0
2021_02_04	    4985	      63	       1	       0
2021_02_05	    4986	      63	       1	       0
2021_02_06	    4987	      63	       1	       0
2021_02_07	    4989	      63	       2	       0
2021_02_08	    4990	      63	       1	       0
2021_02_09	    4991	      63	       1	       0
2021_02_10	    4992	      63	       1	       0
2021_02_11	    4993	      63	       1	       0
2021_02_12	    4994	      63	       1	       0
2021_02_13	    4995	      63	       1	       0
2021_02_14	    4996	      63	       1	       0
2021_02_15	    4996	      63	       0	       0
2021_02_16	    4996	      63	       0	       0
2021_02_17	    4996	      63	       0	       0
2021_02_18	    4996	      63	       0	       0
2021_02_19	    4996	      63	       0	       0
2021_02_20	    4996	      63	       0	       0
2021_02_21	    4996	      63	       0	       0
2021_02_22	    4996	      63	       0	       0
2021_02_23	    4996	      63	       0	       0
2021_02_24	    4996	      63	       0	       0
2021_02_25	    4996	      63	       0	       0
2021_02_26	    4996	      63	       0	       0
2021_02_27	    4996	      63	       0	       0
2021_02_28	    4997	      63	       1	       0
2021_03_01	    5000	      63	       3	       0
2021_03_02	    5003	      63	       3	       0
2021_03_03	    5007	      63	       4	       0
2021_03_04	    5010	      63	       3	       0
2021_03_05	    5014	      63	       4	       0
2021_03_06	    5017	      63	       3	       0
2021_03_07	    5021	      63	       4	       0
2021_03_08	    5021	      63	       0	       0
2021_03_09	    5021	      63	       0	       0
2021_03_10	    5021	      63	       0	       0
2021_03_11	    5021	      63	       0	       0
2021_03_12	    5021	      63	       0	       0
2021_03_13	    5021	      63	       0	       0
2021_03_14	    5021	      63	       0	       0
2021_03_15	    5030	      63	       9	       0
2021_03_16	    5039	      63	       9	       0
2021_03_17	    5049	      63	      10	       0
2021_03_18	    5058	      63	       9	       0
2021_03_19	    5068	      63	      10	       0
2021_03_20	    5077	      63	       9	       0
2021_03_21	    5087	      64	      10	       1
2021_03_22	    5087	      64	       0	       0
2021_03_23	    5087	      64	       0	       0
2021_03_24	    5087	      64	       0	       0
2021_03_25	    5087	      64	       0	       0
2021_03_26	    5087	      64	       0	       0
2021_03_27	    5087	      64	       0	       0
2021_03_28	    5087	      64	       0	       0
2021_03_29	    5109	      65	      22	       1
2021_03_30	    5132	      66	      23	       1
2021_03_31	    5154	      67	      22	       1
2021_04_01	    5177	      68	      23	       1
2021_04_02	    5199	      69	      22	       1
2021_04_03	    5222	      70	      23	       1
2021_04_04	    5245	      72	      23	       2
2021_04_05	    5276	      72	      31	       0
2021_04_06	    5307	      72	      31	       0
2021_04_07	    5339	      72	      32	       0
2021_04_08	    5370	      73	      31	       1
2021_04_09	    5402	      73	      32	       0
2021_04_10	    5433	      73	      31	       0
2021_04_11	    5465	      74	      32	       1
2021_04_12	    5511	      74	      46	       0
2021_04_13	    5557	      74	      46	       0
2021_04_14	    5603	      74	      46	       0
2021_04_15	    5649	      74	      46	       0
2021_04_16	    5695	      74	      46	       0
2021_04_17	    5741	      74	      46	       0
2021_04_18	    5787	      75	      46	       1
2021_04_19	    5849	      76	      62	       1
2021_04_20	    5911	      77	      62	       1
2021_04_21	    5974	      79	      63	       2
2021_04_22	    6036	      80	      62	       1
2021_04_23	    6099	      82	      63	       2
2021_04_24	    6161	      83	      62	       1
2021_04_25	    6224	      85	      63	       2
2021_04_26	    6250	      85	      26	       0
2021_04_27	    6277	      85	      27	       0
2021_04_28	    6304	      86	      27	       1
2021_04_29	    6330	      86	      26	       0
2021_04_30	    6357	      87	      27	       1
2021_05_01	    6384	      87	      27	       0
2021_05_02	    6411	      88	      27	       1
2021_05_03	    6448	      88	      37	       0
2021_05_04	    6486	      89	      38	       1
2021_05_05	    6523	      90	      37	       1
2021_05_06	    6561	      90	      38	       0
2021_05_07	    6598	      91	      37	       1
2021_05_08	    6636	      92	      38	       1
2021_05_09	    6674	      93	      38	       1
2021_05_10	    6701	      93	      27	       0
2021_05_11	    6728	      93	      27	       0
2021_05_12	    6756	      93	      28	       0
2021_05_13	    6783	      94	      27	       1
2021_05_14	    6811	      94	      28	       0
2021_05_15	    6838	      94	      27	       0
2021_05_16	    6866	      95	      28	       1
2021_05_17	    6886	      95	      20	       0
2021_05_18	    6907	      95	      21	       0
2021_05_19	    6927	      95	      20	       0
2021_05_20	    6948	      95	      21	       0
2021_05_21	    6968	      95	      20	       0
2021_05_22	    6989	      95	      21	       0
2021_05_23	    7010	      96	      21	       1
2021_05_24	    7020	      96	      10	       0
2021_05_25	    7031	      96	      11	       0
2021_05_26	    7042	      96	      11	       0
2021_05_27	    7052	      97	      10	       1
2021_05_28	    7063	      97	      11	       0
2021_05_29	    7074	      97	      11	       0
2021_05_30	    7085	      98	      11	       1
2021_05_31	    7087	      98	       2	       0
2021_06_01	    7089	      98	       2	       0
2021_06_02	    7091	      98	       2	       0
2021_06_03	    7094	      98	       3	       0
2021_06_04	    7096	      98	       2	       0
2021_06_05	    7098	      98	       2	       0
2021_06_06	    7101	      98	       3	       0
2021_06_07	    7101	      98	       0	       0
2021_06_08	    7101	      98	       0	       0
2021_06_09	    7101	      98	       0	       0
2021_06_10	    7101	      98	       0	       0
2021_06_11	    7101	      98	       0	       0
2021_06_12	    7101	      98	       0	       0
2021_06_13	    7101	      98	       0	       0
