#
# COVID-19 Country file (official WHO count)
# Country = Chile
# Latitude = -33.0
# Population = 18472.639
# Territory = 756102.0
# LEB = 80.2
# DPA = 117000
# DPA65 = 84240
# GDP = 15556.0
# GDP_PPP = 25658.0
# COVID-19 Mortality = 1655.4
# First_Case = 2020_03_04
# Last_Case = 2021_06_13
# First_Death = 2020_03_22
# Last_Death = 2021_06_13
# Status as of 2021_06_13 = Community transmission
# Vaccine type = Pfizer/BioNTech, Sinovac
# Vaccine start = 2020_12_24
#
Date	Conf_Cases	Conf_Deaths	Daily_Cases	Daily_Deaths
2020_03_04	       1	       0	       1	       0
2020_03_05	       1	       0	       0	       0
2020_03_06	       1	       0	       0	       0
2020_03_07	       5	       0	       4	       0
2020_03_08	       5	       0	       0	       0
2020_03_09	      10	       0	       5	       0
2020_03_10	      13	       0	       3	       0
2020_03_11	      17	       0	       4	       0
2020_03_12	      23	       0	       6	       0
2020_03_13	      33	       0	      10	       0
2020_03_14	      43	       0	      10	       0
2020_03_15	      61	       0	      18	       0
2020_03_16	      75	       0	      14	       0
2020_03_17	     156	       0	      81	       0
2020_03_18	     156	       0	       0	       0
2020_03_19	     238	       0	      82	       0
2020_03_20	     342	       0	     104	       0
2020_03_21	     434	       0	      92	       0
2020_03_22	     434	       1	       0	       1
2020_03_23	     632	       1	     198	       0
2020_03_24	     746	       1	     114	       0
2020_03_25	     922	       2	     176	       1
2020_03_26	    1142	       3	     220	       1
2020_03_27	    1306	       4	     164	       1
2020_03_28	    1610	       5	     304	       1
2020_03_29	    1909	       6	     299	       1
2020_03_30	    1909	       6	       0	       0
2020_03_31	    2449	       8	     540	       2
2020_04_01	    2738	      12	     289	       4
2020_04_02	    3031	      16	     293	       4
2020_04_03	    3404	      18	     373	       2
2020_04_04	    3737	      22	     333	       4
2020_04_05	    4161	      27	     424	       5
2020_04_06	    4471	      34	     310	       7
2020_04_07	    4815	      37	     344	       3
2020_04_08	    5116	      43	     301	       6
2020_04_09	    5546	      48	     430	       5
2020_04_10	    5972	      57	     426	       9
2020_04_11	    6501	      65	     529	       8
2020_04_12	    6927	      73	     426	       8
2020_04_13	    7213	      80	     286	       7
2020_04_14	    7525	      82	     312	       2
2020_04_15	    7917	      92	     392	      10
2020_04_16	    8273	      94	     356	       2
2020_04_17	    8807	     105	     534	      11
2020_04_18	    9252	     116	     445	      11
2020_04_19	    9730	     126	     478	      10
2020_04_20	   10888	     133	    1158	       7
2020_04_21	   10507	     139	    -381	       6
2020_04_22	   10832	     147	     325	       8
2020_04_23	   11296	     160	     464	      13
2020_04_24	   11812	     168	     516	       8
2020_04_25	   12306	     174	     494	       6
2020_04_26	   12858	     181	     552	       7
2020_04_27	   13331	     189	     473	       8
2020_04_28	   13813	     198	     482	       9
2020_04_29	   14365	     207	     552	       9
2020_04_30	   14885	     216	     520	       9
2020_05_01	   16023	     227	    1138	      11
2020_05_02	   17008	     234	     985	       7
2020_05_03	   18435	     247	    1427	      13
2020_05_04	   19663	     260	    1228	      13
2020_05_05	   20643	     270	     980	      10
2020_05_06	   22016	     275	    1373	       5
2020_05_07	   23048	     281	    1032	       6
2020_05_08	   24581	     285	    1533	       4
2020_05_09	   25972	     294	    1391	       9
2020_05_10	   27219	     304	    1247	      10
2020_05_11	   28866	     312	    1647	       8
2020_05_12	   30063	     323	    1197	      11
2020_05_13	   31721	     335	    1658	      12
2020_05_14	   34381	     346	    2660	      11
2020_05_15	   37040	     368	    2659	      22
2020_05_16	   37040	     368	       0	       0
2020_05_17	   41428	     421	    4388	      53
2020_05_18	   43781	     450	    2353	      29
2020_05_19	   46059	     478	    2278	      28
2020_05_20	   46059	     478	       0	       0
2020_05_21	   53617	     544	    7558	      66
2020_05_22	   53617	     544	       0	       0
2020_05_23	   61857	     630	    8240	      86
2020_05_24	   65393	     673	    3536	      43
2020_05_25	   69102	     718	    3709	      45
2020_05_26	   73997	     761	    4895	      43
2020_05_27	   77961	     806	    3964	      45
2020_05_28	   82289	     841	    4328	      35
2020_05_29	   86943	     890	    4654	      49
2020_05_30	   90638	     944	    3695	      54
2020_05_31	   94858	     997	    4220	      53
2020_06_01	   99688	    1054	    4830	      57
2020_06_02	  105159	    1113	    5471	      59
2020_06_03	  108686	    1188	    3527	      75
2020_06_04	  113628	    1275	    4942	      87
2020_06_05	  118292	    1356	    4664	      81
2020_06_06	  122499	    1448	    4207	      92
2020_06_07	  127745	    1541	    5246	      93
2020_06_08	  134150	    1637	    6405	      96
2020_06_09	  138846	    2264	    4696	     627
2020_06_10	  142759	    2283	    3913	      19
2020_06_11	  148496	    2475	    5737	     192
2020_06_12	  154092	    2648	    5596	     173
2020_06_13	  160846	    2870	    6754	     222
2020_06_14	  167355	    3101	    6509	     231
2020_06_15	  174293	    3323	    6938	     222
2020_06_16	  179436	    3362	    5143	      39
2020_06_17	  184449	    3383	    5013	      21
2020_06_18	  220628	    3615	   36179	     232
2020_06_19	  225103	    3841	    4475	     226
2020_06_20	  231393	    4093	    6290	     252
2020_06_21	  236748	    4295	    5355	     202
2020_06_22	  242355	    4479	    5607	     184
2020_06_23	  246963	    4502	    4608	      23
2020_06_24	  250767	    4505	    3804	       3
2020_06_25	  254416	    4731	    3649	     226
2020_06_26	  259064	    4903	    4648	     172
2020_06_27	  263360	    5068	    4296	     165
2020_06_28	  267766	    5347	    4406	     279
2020_06_29	  271982	    5509	    4216	     162
2020_06_30	  275999	    5575	    4017	      66
2020_07_01	  279393	    5688	    3394	     113
2020_07_02	  282043	    5753	    2650	      65
2020_07_03	  284541	    5920	    2498	     167
2020_07_04	  288089	    6051	    3548	     131
2020_07_05	  291847	    6192	    3758	     141
2020_07_06	  295532	    6308	    3685	     116
2020_07_07	  298557	    6384	    3025	      76
2020_07_08	  301019	    6434	    2462	      50
2020_07_09	  303083	    6573	    2064	     139
2020_07_10	  306216	    6682	    3133	     109
2020_07_11	  309274	    6781	    3058	      99
2020_07_12	  312029	    6881	    2755	     100
2020_07_13	  315041	    6979	    3012	      98
2020_07_14	  317657	    7024	    2616	      45
2020_07_15	  319493	    7069	    1836	      45
2020_07_16	  321205	    7186	    1712	     117
2020_07_17	  323698	    7290	    2493	     104
2020_07_18	  326539	    8347	    2841	    1057
2020_07_19	  328846	    8445	    2307	      98
2020_07_20	  330930	    8503	    2084	      58
2020_07_21	  333029	    8633	    2099	     130
2020_07_22	  334683	    8677	    1654	      44
2020_07_23	  336402	    8722	    1719	      45
2020_07_24	  338759	    8838	    2357	     116
2020_07_25	  341304	    8914	    2545	      76
2020_07_26	  341304	    8914	       0	       0
2020_07_27	  345790	    9112	    4486	     198
2020_07_28	  347923	    9187	    2133	      75
2020_07_29	  349800	    9240	    1877	      53
2020_07_30	  351575	    9278	    1775	      38
2020_07_31	  353536	    9377	    1961	      99
2020_08_01	  355667	    9457	    2131	      80
2020_08_02	  357658	    9533	    1991	      76
2020_08_03	  359731	    9608	    2073	      75
2020_08_04	  361493	    9707	    1762	      99
2020_08_05	  362962	    9745	    1469	      38
2020_08_06	  364723	    9792	    1761	      47
2020_08_07	  366671	    9889	    1948	      97
2020_08_08	  368825	    9958	    2154	      69
2020_08_09	  371023	   10011	    2198	      53
2020_08_10	  373056	   10077	    2033	      66
2020_08_11	  375044	   10139	    1988	      62
2020_08_12	  376616	   10178	    1572	      39
2020_08_13	  378168	   10205	    1552	      27
2020_08_14	  380034	   10299	    1866	      94
2020_08_15	  382111	   10340	    2077	      41
2020_08_16	  383902	   10395	    1791	      55
2020_08_17	  385588	   10451	    1686	      56
2020_08_18	  387275	   10508	    1687	      57
2020_08_19	  388961	   10565	    1686	      57
2020_08_20	  390648	   10621	    1687	      56
2020_08_21	  392334	   10678	    1686	      57
2020_08_22	  394021	   10735	    1687	      57
2020_08_23	  395708	   10792	    1687	      57
2020_08_24	  397465	   10847	    1757	      55
2020_08_25	  399222	   10903	    1757	      56
2020_08_26	  400979	   10958	    1757	      55
2020_08_27	  402737	   11014	    1758	      56
2020_08_28	  404494	   11069	    1757	      55
2020_08_29	  406251	   11125	    1757	      56
2020_08_30	  408009	   11181	    1758	      56
2020_08_31	  409784	   11233	    1775	      52
2020_09_01	  411559	   11286	    1775	      53
2020_09_02	  413334	   11339	    1775	      53
2020_09_03	  415109	   11392	    1775	      53
2020_09_04	  416884	   11445	    1775	      53
2020_09_05	  418659	   11498	    1775	      53
2020_09_06	  420434	   11551	    1775	      53
2020_09_07	  422181	   11600	    1747	      49
2020_09_08	  423928	   11649	    1747	      49
2020_09_09	  425676	   11698	    1748	      49
2020_09_10	  427423	   11747	    1747	      49
2020_09_11	  429171	   11796	    1748	      49
2020_09_12	  430918	   11845	    1747	      49
2020_09_13	  432666	   11895	    1748	      50
2020_09_14	  434381	   11946	    1715	      51
2020_09_15	  436096	   11997	    1715	      51
2020_09_16	  437812	   12048	    1716	      51
2020_09_17	  439527	   12100	    1715	      52
2020_09_18	  441243	   12151	    1716	      51
2020_09_19	  442958	   12202	    1715	      51
2020_09_20	  444674	   12254	    1716	      52
2020_09_21	  446289	   12302	    1615	      48
2020_09_22	  447904	   12350	    1615	      48
2020_09_23	  449519	   12398	    1615	      48
2020_09_24	  451134	   12446	    1615	      48
2020_09_25	  452749	   12494	    1615	      48
2020_09_26	  454364	   12542	    1615	      48
2020_09_27	  455979	   12591	    1615	      49
2020_09_28	  457763	   12637	    1784	      46
2020_09_29	  459548	   12684	    1785	      47
2020_09_30	  461332	   12731	    1784	      47
2020_10_01	  463117	   12778	    1785	      47
2020_10_02	  464901	   12825	    1784	      47
2020_10_03	  466686	   12872	    1785	      47
2020_10_04	  468471	   12919	    1785	      47
2020_10_05	  470060	   12969	    1589	      50
2020_10_06	  471649	   13019	    1589	      50
2020_10_07	  473238	   13070	    1589	      51
2020_10_08	  474827	   13120	    1589	      50
2020_10_09	  476416	   13171	    1589	      51
2020_10_10	  478005	   13221	    1589	      50
2020_10_11	  479595	   13272	    1590	      51
2020_10_12	  481553	   13329	    1958	      57
2020_10_13	  483512	   13387	    1959	      58
2020_10_14	  485470	   13445	    1958	      58
2020_10_15	  487429	   13502	    1959	      57
2020_10_16	  489387	   13560	    1958	      58
2020_10_17	  491346	   13618	    1959	      58
2020_10_18	  493305	   13676	    1959	      58
2020_10_19	  494775	   13722	    1470	      46
2020_10_20	  496245	   13769	    1470	      47
2020_10_21	  497716	   13816	    1471	      47
2020_10_22	  499186	   13862	    1470	      46
2020_10_23	  500657	   13909	    1471	      47
2020_10_24	  502127	   13956	    1470	      47
2020_10_25	  503598	   14003	    1471	      47
2020_10_26	  504549	   14032	     951	      29
2020_10_27	  505500	   14061	     951	      29
2020_10_28	  506451	   14090	     951	      29
2020_10_29	  507402	   14119	     951	      29
2020_10_30	  508353	   14148	     951	      29
2020_10_31	  509304	   14177	     951	      29
2020_11_01	  510256	   14207	     952	      30
2020_11_02	  511644	   14248	    1388	      41
2020_11_03	  513033	   14290	    1389	      42
2020_11_04	  514422	   14332	    1389	      42
2020_11_05	  515810	   14373	    1388	      41
2020_11_06	  517199	   14415	    1389	      42
2020_11_07	  518588	   14457	    1389	      42
2020_11_08	  519977	   14499	    1389	      42
2020_11_09	  521362	   14538	    1385	      39
2020_11_10	  522748	   14578	    1386	      40
2020_11_11	  524133	   14618	    1385	      40
2020_11_12	  525519	   14657	    1386	      39
2020_11_13	  526904	   14697	    1385	      40
2020_11_14	  528290	   14737	    1386	      40
2020_11_15	  529676	   14777	    1386	      40
2020_11_16	  531028	   14813	    1352	      36
2020_11_17	  532380	   14849	    1352	      36
2020_11_18	  533733	   14885	    1353	      36
2020_11_19	  535085	   14921	    1352	      36
2020_11_20	  536438	   14957	    1353	      36
2020_11_21	  537790	   14993	    1352	      36
2020_11_22	  539143	   15030	    1353	      37
2020_11_23	  540542	   15071	    1399	      41
2020_11_24	  541942	   15113	    1400	      42
2020_11_25	  543342	   15155	    1400	      42
2020_11_26	  544741	   15196	    1399	      41
2020_11_27	  546141	   15238	    1400	      42
2020_11_28	  547541	   15280	    1400	      42
2020_11_29	  548941	   15322	    1400	      42
2020_11_30	  550330	   15360	    1389	      38
2020_12_01	  551720	   15399	    1390	      39
2020_12_02	  553109	   15437	    1389	      38
2020_12_03	  554499	   15476	    1390	      39
2020_12_04	  555888	   15514	    1389	      38
2020_12_05	  557278	   15553	    1390	      39
2020_12_06	  558668	   15592	    1390	      39
2020_12_07	  560255	   15628	    1587	      36
2020_12_08	  561843	   15664	    1588	      36
2020_12_09	  563430	   15700	    1587	      36
2020_12_10	  565018	   15737	    1588	      37
2020_12_11	  566605	   15773	    1587	      36
2020_12_12	  568193	   15809	    1588	      36
2020_12_13	  569781	   15846	    1588	      37
2020_12_14	  571720	   15882	    1939	      36
2020_12_15	  573659	   15918	    1939	      36
2020_12_16	  575598	   15955	    1939	      37
2020_12_17	  577537	   15991	    1939	      36
2020_12_18	  579476	   16028	    1939	      37
2020_12_19	  581415	   16064	    1939	      36
2020_12_20	  583354	   16101	    1939	      37
2020_12_21	  585502	   16144	    2148	      43
2020_12_22	  587651	   16187	    2149	      43
2020_12_23	  589799	   16230	    2148	      43
2020_12_24	  591948	   16274	    2149	      44
2020_12_25	  594096	   16317	    2148	      43
2020_12_26	  596245	   16360	    2149	      43
2020_12_27	  598394	   16404	    2149	      44
2020_12_28	  600895	   16449	    2501	      45
2020_12_29	  603396	   16495	    2501	      46
2020_12_30	  605897	   16541	    2501	      46
2020_12_31	  608398	   16586	    2501	      45
2021_01_01	  610899	   16632	    2501	      46
2021_01_02	  613400	   16678	    2501	      46
2021_01_03	  615902	   16724	    2502	      46
2021_01_04	  619022	   16768	    3120	      44
2021_01_05	  622142	   16813	    3120	      45
2021_01_06	  625262	   16858	    3120	      45
2021_01_07	  628382	   16902	    3120	      44
2021_01_08	  631502	   16947	    3120	      45
2021_01_09	  634622	   16992	    3120	      45
2021_01_10	  637742	   17037	    3120	      45
2021_01_11	  641706	   17093	    3964	      56
2021_01_12	  645670	   17150	    3964	      57
2021_01_13	  649635	   17207	    3965	      57
2021_01_14	  653599	   17264	    3964	      57
2021_01_15	  657564	   17321	    3965	      57
2021_01_16	  661528	   17378	    3964	      57
2021_01_17	  665493	   17435	    3965	      57
2021_01_18	  669657	   17494	    4164	      59
2021_01_19	  673822	   17554	    4165	      60
2021_01_20	  677987	   17614	    4165	      60
2021_01_21	  682152	   17674	    4165	      60
2021_01_22	  686317	   17734	    4165	      60
2021_01_23	  690482	   17794	    4165	      60
2021_01_24	  694647	   17854	    4165	      60
2021_01_25	  698683	   17923	    4036	      69
2021_01_26	  702719	   17992	    4036	      69
2021_01_27	  706755	   18061	    4036	      69
2021_01_28	  710791	   18131	    4036	      70
2021_01_29	  714827	   18200	    4036	      69
2021_01_30	  718863	   18269	    4036	      69
2021_01_31	  722900	   18339	    4037	      70
2021_02_01	  726497	   18418	    3597	      79
2021_02_02	  730094	   18497	    3597	      79
2021_02_03	  733692	   18577	    3598	      80
2021_02_04	  737289	   18656	    3597	      79
2021_02_05	  740887	   18736	    3598	      80
2021_02_06	  744484	   18815	    3597	      79
2021_02_07	  748082	   18895	    3598	      80
2021_02_08	  751555	   18973	    3473	      78
2021_02_09	  755028	   19051	    3473	      78
2021_02_10	  758501	   19129	    3473	      78
2021_02_11	  761975	   19208	    3474	      79
2021_02_12	  765448	   19286	    3473	      78
2021_02_13	  768921	   19364	    3473	      78
2021_02_14	  772395	   19443	    3474	      79
2021_02_15	  775745	   19518	    3350	      75
2021_02_16	  779095	   19594	    3350	      76
2021_02_17	  782445	   19670	    3350	      76
2021_02_18	  785795	   19746	    3350	      76
2021_02_19	  789145	   19822	    3350	      76
2021_02_20	  792495	   19898	    3350	      76
2021_02_21	  795845	   19974	    3350	      76
2021_02_22	  799498	   20045	    3653	      71
2021_02_23	  803151	   20117	    3653	      72
2021_02_24	  806804	   20189	    3653	      72
2021_02_25	  810458	   20260	    3654	      71
2021_02_26	  814111	   20332	    3653	      72
2021_02_27	  817764	   20404	    3653	      72
2021_02_28	  821418	   20476	    3654	      72
2021_03_01	  825570	   20552	    4152	      76
2021_03_02	  829722	   20628	    4152	      76
2021_03_03	  833874	   20704	    4152	      76
2021_03_04	  838026	   20780	    4152	      76
2021_03_05	  842178	   20856	    4152	      76
2021_03_06	  846330	   20932	    4152	      76
2021_03_07	  850483	   21008	    4153	      76
2021_03_08	  855468	   21088	    4985	      80
2021_03_09	  860453	   21169	    4985	      81
2021_03_10	  865438	   21250	    4985	      81
2021_03_11	  870423	   21331	    4985	      81
2021_03_12	  875408	   21412	    4985	      81
2021_03_13	  880393	   21493	    4985	      81
2021_03_14	  885379	   21574	    4986	      81
2021_03_15	  891051	   21660	    5672	      86
2021_03_16	  896724	   21747	    5673	      87
2021_03_17	  902397	   21833	    5673	      86
2021_03_18	  908070	   21920	    5673	      87
2021_03_19	  913743	   22006	    5673	      86
2021_03_20	  919416	   22093	    5673	      87
2021_03_21	  925089	   22180	    5673	      87
2021_03_22	  931492	   22247	    6403	      67
2021_03_23	  937895	   22315	    6403	      68
2021_03_24	  944299	   22382	    6404	      67
2021_03_25	  950702	   22450	    6403	      68
2021_03_26	  957106	   22517	    6404	      67
2021_03_27	  963509	   22585	    6403	      68
2021_03_28	  969913	   22653	    6404	      68
2021_03_29	  976993	   22762	    7080	     109
2021_03_30	  984074	   22872	    7081	     110
2021_03_31	  991155	   22982	    7081	     110
2021_04_01	  998235	   23091	    7080	     109
2021_04_02	 1005316	   23201	    7081	     110
2021_04_03	 1012397	   23311	    7081	     110
2021_04_04	 1019478	   23421	    7081	     110
2021_04_05	 1026484	   23534	    7006	     113
2021_04_06	 1033490	   23647	    7006	     113
2021_04_07	 1040496	   23760	    7006	     113
2021_04_08	 1047503	   23873	    7007	     113
2021_04_09	 1054509	   23986	    7006	     113
2021_04_10	 1061515	   24099	    7006	     113
2021_04_11	 1068522	   24213	    7007	     114
2021_04_12	 1075497	   24333	    6975	     120
2021_04_13	 1082472	   24453	    6975	     120
2021_04_14	 1089447	   24573	    6975	     120
2021_04_15	 1096422	   24694	    6975	     121
2021_04_16	 1103397	   24814	    6975	     120
2021_04_17	 1110372	   24934	    6975	     120
2021_04_18	 1117348	   25055	    6976	     121
2021_04_19	 1123842	   25153	    6494	      98
2021_04_20	 1130337	   25251	    6495	      98
2021_04_21	 1136832	   25349	    6495	      98
2021_04_22	 1143326	   25447	    6494	      98
2021_04_23	 1149821	   25545	    6495	      98
2021_04_24	 1156316	   25643	    6495	      98
2021_04_25	 1162811	   25742	    6495	      99
2021_04_26	 1168803	   25844	    5992	     102
2021_04_27	 1174795	   25946	    5992	     102
2021_04_28	 1180787	   26048	    5992	     102
2021_04_29	 1186779	   26150	    5992	     102
2021_04_30	 1192771	   26252	    5992	     102
2021_05_01	 1198763	   26354	    5992	     102
2021_05_02	 1204755	   26457	    5992	     103
2021_05_03	 1210072	   26549	    5317	      92
2021_05_04	 1215389	   26641	    5317	      92
2021_05_05	 1220706	   26733	    5317	      92
2021_05_06	 1226024	   26825	    5318	      92
2021_05_07	 1231341	   26917	    5317	      92
2021_05_08	 1236658	   27009	    5317	      92
2021_05_09	 1241976	   27101	    5318	      92
2021_05_10	 1247444	   27191	    5468	      90
2021_05_11	 1252912	   27281	    5468	      90
2021_05_12	 1258380	   27372	    5468	      91
2021_05_13	 1263848	   27462	    5468	      90
2021_05_14	 1269316	   27553	    5468	      91
2021_05_15	 1274784	   27643	    5468	      90
2021_05_16	 1280252	   27734	    5468	      91
2021_05_17	 1286417	   27827	    6165	      93
2021_05_18	 1292583	   27920	    6166	      93
2021_05_19	 1298749	   28013	    6166	      93
2021_05_20	 1304915	   28106	    6166	      93
2021_05_21	 1311081	   28199	    6166	      93
2021_05_22	 1317247	   28292	    6166	      93
2021_05_23	 1323413	   28386	    6166	      94
2021_05_24	 1330033	   28480	    6620	      94
2021_05_25	 1336653	   28574	    6620	      94
2021_05_26	 1343274	   28669	    6621	      95
2021_05_27	 1349894	   28763	    6620	      94
2021_05_28	 1356515	   28858	    6621	      95
2021_05_29	 1363135	   28952	    6620	      94
2021_05_30	 1369756	   29047	    6621	      95
2021_05_31	 1376971	   29156	    7215	     109
2021_06_01	 1384187	   29266	    7216	     110
2021_06_02	 1391403	   29376	    7216	     110
2021_06_03	 1398618	   29486	    7215	     110
2021_06_04	 1405834	   29596	    7216	     110
2021_06_05	 1413050	   29706	    7216	     110
2021_06_06	 1420266	   29816	    7216	     110
2021_06_07	 1427226	   29925	    6960	     109
2021_06_08	 1434187	   30034	    6961	     109
2021_06_09	 1441148	   30143	    6961	     109
2021_06_10	 1448109	   30252	    6961	     109
2021_06_11	 1455070	   30361	    6961	     109
2021_06_12	 1462031	   30470	    6961	     109
2021_06_13	 1468992	   30579	    6961	     109
