#
# COVID-19 Country file (official WHO count)
# Country = Congo
# Latitude = -4.0
# Population = 5686.917
# Territory = 342000.0
# LEB = 64.6
# DPA = 36000
# DPA65 = 9360
# GDP = 2276.0
# GDP_PPP = 6566.0
# COVID-19 Mortality = 27.3
# First_Case = 2020_03_15
# Last_Case = 2021_06_13
# First_Death = 2020_04_02
# Last_Death = 2021_06_06
# Status as of 2021_06_13 = Community transmission
# Vaccine type = Unknown
# Vaccine start = NA
#
Date	Conf_Cases	Conf_Deaths	Daily_Cases	Daily_Deaths
2020_03_15	       1	       0	       1	       0
2020_03_16	       1	       0	       0	       0
2020_03_17	       1	       0	       0	       0
2020_03_18	       1	       0	       0	       0
2020_03_19	       3	       0	       2	       0
2020_03_20	       3	       0	       0	       0
2020_03_21	       3	       0	       0	       0
2020_03_22	       4	       0	       1	       0
2020_03_23	       4	       0	       0	       0
2020_03_24	       4	       0	       0	       0
2020_03_25	       4	       0	       0	       0
2020_03_26	       4	       0	       0	       0
2020_03_27	       4	       0	       0	       0
2020_03_28	      19	       0	      15	       0
2020_03_29	      19	       0	       0	       0
2020_03_30	      19	       0	       0	       0
2020_03_31	      19	       0	       0	       0
2020_04_01	      19	       0	       0	       0
2020_04_02	      22	       2	       3	       2
2020_04_03	      41	       2	      19	       0
2020_04_04	      41	       3	       0	       1
2020_04_05	      45	       5	       4	       2
2020_04_06	      45	       5	       0	       0
2020_04_07	      45	       5	       0	       0
2020_04_08	      45	       5	       0	       0
2020_04_09	      60	       5	      15	       0
2020_04_10	      60	       5	       0	       0
2020_04_11	      60	       5	       0	       0
2020_04_12	      60	       5	       0	       0
2020_04_13	      70	       5	      10	       0
2020_04_14	      74	       5	       4	       0
2020_04_15	      74	       5	       0	       0
2020_04_16	     117	       5	      43	       0
2020_04_17	     117	       5	       0	       0
2020_04_18	     143	       6	      26	       1
2020_04_19	     143	       6	       0	       0
2020_04_20	     143	       6	       0	       0
2020_04_21	     160	       6	      17	       0
2020_04_22	     165	       6	       5	       0
2020_04_23	     186	       6	      21	       0
2020_04_24	     186	       6	       0	       0
2020_04_25	     200	       6	      14	       0
2020_04_26	     200	       8	       0	       2
2020_04_27	     200	       8	       0	       0
2020_04_28	     207	       8	       7	       0
2020_04_29	     207	       8	       0	       0
2020_04_30	     220	       9	      13	       1
2020_05_01	     220	       9	       0	       0
2020_05_02	     229	      10	       9	       1
2020_05_03	     229	      10	       0	       0
2020_05_04	     229	      10	       0	       0
2020_05_05	     236	      10	       7	       0
2020_05_06	     236	      10	       0	       0
2020_05_07	     264	      10	      28	       0
2020_05_08	     274	      10	      10	       0
2020_05_09	     287	      10	      13	       0
2020_05_10	     287	      10	       0	       0
2020_05_11	     287	      10	       0	       0
2020_05_12	     333	      11	      46	       1
2020_05_13	     333	      11	       0	       0
2020_05_14	     341	      11	       8	       0
2020_05_15	     391	      15	      50	       4
2020_05_16	     391	      15	       0	       0
2020_05_17	     391	      15	       0	       0
2020_05_18	     410	      15	      19	       0
2020_05_19	     414	      15	       4	       0
2020_05_20	     420	      15	       6	       0
2020_05_21	     420	      15	       0	       0
2020_05_22	     469	      16	      49	       1
2020_05_23	     469	      16	       0	       0
2020_05_24	     487	      16	      18	       0
2020_05_25	     487	      16	       0	       0
2020_05_26	     531	      17	      44	       1
2020_05_27	     569	      19	      38	       2
2020_05_28	     571	      19	       2	       0
2020_05_29	     571	      19	       0	       0
2020_05_30	     587	      19	      16	       0
2020_05_31	     587	      19	       0	       0
2020_06_01	     604	      20	      17	       1
2020_06_02	     611	      20	       7	       0
2020_06_03	     618	      20	       7	       0
2020_06_04	     632	      20	      14	       0
2020_06_05	     635	      20	       3	       0
2020_06_06	     639	      20	       4	       0
2020_06_07	     653	      20	      14	       0
2020_06_08	     683	      22	      30	       2
2020_06_09	     683	      20	       0	      -2
2020_06_10	     718	      24	      35	       4
2020_06_11	     728	      24	      10	       0
2020_06_12	     745	      25	      17	       1
2020_06_13	     745	      25	       0	       0
2020_06_14	     779	      25	      34	       0
2020_06_15	     779	      25	       0	       0
2020_06_16	     883	      27	     104	       2
2020_06_17	     883	      27	       0	       0
2020_06_18	     883	      27	       0	       0
2020_06_19	     883	      27	       0	       0
2020_06_20	     883	      27	       0	       0
2020_06_21	     883	      27	       0	       0
2020_06_22	     883	      27	       0	       0
2020_06_23	    1087	      37	     204	      10
2020_06_24	    1141	      37	      54	       0
2020_06_25	    1141	      37	       0	       0
2020_06_26	    1204	      38	      63	       1
2020_06_27	    1204	      38	       0	       0
2020_06_28	    1245	      40	      41	       2
2020_06_29	    1245	      40	       0	       0
2020_06_30	    1245	      40	       0	       0
2020_07_01	    1329	      41	      84	       1
2020_07_02	    1443	      42	     114	       1
2020_07_03	    1443	      42	       0	       0
2020_07_04	    1557	      44	     114	       2
2020_07_05	    1557	      44	       0	       0
2020_07_06	    1557	      44	       0	       0
2020_07_07	    1557	      44	       0	       0
2020_07_08	    1757	      44	     200	       0
2020_07_09	    1821	      47	      64	       3
2020_07_10	    2028	      47	     207	       0
2020_07_11	    2028	      47	       0	       0
2020_07_12	    2103	      47	      75	       0
2020_07_13	    2103	      47	       0	       0
2020_07_14	    2222	      47	     119	       0
2020_07_15	    2358	      48	     136	       1
2020_07_16	    2358	      48	       0	       0
2020_07_17	    2358	      48	       0	       0
2020_07_18	    2633	      49	     275	       1
2020_07_19	    2633	      49	       0	       0
2020_07_20	    2633	      49	       0	       0
2020_07_21	    2851	      50	     218	       1
2020_07_22	    2851	      50	       0	       0
2020_07_23	    2934	      51	      83	       1
2020_07_24	    2934	      51	       0	       0
2020_07_25	    3038	      51	     104	       0
2020_07_26	    3038	      51	       0	       0
2020_07_27	    3159	      54	     121	       3
2020_07_28	    3159	      54	       0	       0
2020_07_29	    3200	      54	      41	       0
2020_07_30	    3200	      54	       0	       0
2020_07_31	    3376	      56	     176	       2
2020_08_01	    3376	      56	       0	       0
2020_08_02	    3387	      56	      11	       0
2020_08_03	    3387	      56	       0	       0
2020_08_04	    3387	      57	       0	       1
2020_08_05	    3546	      58	     159	       1
2020_08_06	    3546	      58	       0	       0
2020_08_07	    3637	      58	      91	       0
2020_08_08	    3664	      58	      27	       0
2020_08_09	    3664	      58	       0	       0
2020_08_10	    3664	      58	       0	       0
2020_08_11	    3745	      60	      81	       2
2020_08_12	    3745	      60	       0	       0
2020_08_13	    3745	      60	       0	       0
2020_08_14	    3745	      60	       0	       0
2020_08_15	    3745	      60	       0	       0
2020_08_16	    3831	      76	      86	      16
2020_08_17	    3833	      76	       2	       0
2020_08_18	    3836	      76	       3	       0
2020_08_19	    3839	      76	       3	       0
2020_08_20	    3841	      76	       2	       0
2020_08_21	    3844	      76	       3	       0
2020_08_22	    3847	      76	       3	       0
2020_08_23	    3850	      77	       3	       1
2020_08_24	    3868	      77	      18	       0
2020_08_25	    3886	      77	      18	       0
2020_08_26	    3905	      77	      19	       0
2020_08_27	    3923	      77	      18	       0
2020_08_28	    3942	      77	      19	       0
2020_08_29	    3960	      77	      18	       0
2020_08_30	    3979	      78	      19	       1
2020_08_31	    4071	      81	      92	       3
2020_09_01	    4164	      84	      93	       3
2020_09_02	    4257	      88	      93	       4
2020_09_03	    4349	      91	      92	       3
2020_09_04	    4442	      95	      93	       4
2020_09_05	    4535	      98	      93	       3
2020_09_06	    4628	     102	      93	       4
2020_09_07	    4671	     100	      43	      -2
2020_09_08	    4715	      98	      44	      -2
2020_09_09	    4759	      96	      44	      -2
2020_09_10	    4802	      94	      43	      -2
2020_09_11	    4846	      92	      44	      -2
2020_09_12	    4890	      90	      44	      -2
2020_09_13	    4934	      88	      44	      -2
2020_09_14	    4941	      88	       7	       0
2020_09_15	    4948	      88	       7	       0
2020_09_16	    4956	      88	       8	       0
2020_09_17	    4963	      88	       7	       0
2020_09_18	    4971	      88	       8	       0
2020_09_19	    4978	      88	       7	       0
2020_09_20	    4986	      89	       8	       1
2020_09_21	    4989	      89	       3	       0
2020_09_22	    4992	      89	       3	       0
2020_09_23	    4995	      89	       3	       0
2020_09_24	    4998	      89	       3	       0
2020_09_25	    5001	      89	       3	       0
2020_09_26	    5004	      89	       3	       0
2020_09_27	    5008	      89	       4	       0
2020_09_28	    5019	      89	      11	       0
2020_09_29	    5031	      89	      12	       0
2020_09_30	    5042	      89	      11	       0
2020_10_01	    5054	      89	      12	       0
2020_10_02	    5065	      89	      11	       0
2020_10_03	    5077	      89	      12	       0
2020_10_04	    5089	      89	      12	       0
2020_10_05	    5093	      89	       4	       0
2020_10_06	    5097	      89	       4	       0
2020_10_07	    5101	      89	       4	       0
2020_10_08	    5105	      89	       4	       0
2020_10_09	    5109	      89	       4	       0
2020_10_10	    5113	      89	       4	       0
2020_10_11	    5118	      90	       5	       1
2020_10_12	    5123	      90	       5	       0
2020_10_13	    5128	      90	       5	       0
2020_10_14	    5134	      90	       6	       0
2020_10_15	    5139	      91	       5	       1
2020_10_16	    5145	      91	       6	       0
2020_10_17	    5150	      91	       5	       0
2020_10_18	    5156	      92	       6	       1
2020_10_19	    5169	      92	      13	       0
2020_10_20	    5183	      92	      14	       0
2020_10_21	    5197	      92	      14	       0
2020_10_22	    5211	      92	      14	       0
2020_10_23	    5225	      92	      14	       0
2020_10_24	    5239	      92	      14	       0
2020_10_25	    5253	      92	      14	       0
2020_10_26	    5258	      92	       5	       0
2020_10_27	    5263	      92	       5	       0
2020_10_28	    5268	      92	       5	       0
2020_10_29	    5274	      92	       6	       0
2020_10_30	    5279	      92	       5	       0
2020_10_31	    5284	      92	       5	       0
2020_11_01	    5290	      92	       6	       0
2020_11_02	    5302	      92	      12	       0
2020_11_03	    5315	      92	      13	       0
2020_11_04	    5328	      92	      13	       0
2020_11_05	    5340	      92	      12	       0
2020_11_06	    5353	      92	      13	       0
2020_11_07	    5366	      92	      13	       0
2020_11_08	    5379	      92	      13	       0
2020_11_09	    5398	      92	      19	       0
2020_11_10	    5417	      92	      19	       0
2020_11_11	    5437	      92	      20	       0
2020_11_12	    5456	      92	      19	       0
2020_11_13	    5476	      92	      20	       0
2020_11_14	    5495	      92	      19	       0
2020_11_15	    5515	      92	      20	       0
2020_11_16	    5531	      92	      16	       0
2020_11_17	    5548	      92	      17	       0
2020_11_18	    5565	      92	      17	       0
2020_11_19	    5581	      92	      16	       0
2020_11_20	    5598	      92	      17	       0
2020_11_21	    5615	      92	      17	       0
2020_11_22	    5632	      93	      17	       1
2020_11_23	    5652	      93	      20	       0
2020_11_24	    5672	      93	      20	       0
2020_11_25	    5692	      93	      20	       0
2020_11_26	    5713	      93	      21	       0
2020_11_27	    5733	      93	      20	       0
2020_11_28	    5753	      93	      20	       0
2020_11_29	    5774	      94	      21	       1
2020_11_30	    5774	      94	       0	       0
2020_12_01	    5774	      94	       0	       0
2020_12_02	    5774	      94	       0	       0
2020_12_03	    5774	      94	       0	       0
2020_12_04	    5774	      94	       0	       0
2020_12_05	    5774	      94	       0	       0
2020_12_06	    5774	      94	       0	       0
2020_12_07	    5813	      94	      39	       0
2020_12_08	    5852	      95	      39	       1
2020_12_09	    5891	      96	      39	       1
2020_12_10	    5931	      96	      40	       0
2020_12_11	    5970	      97	      39	       1
2020_12_12	    6009	      98	      39	       1
2020_12_13	    6049	      99	      40	       1
2020_12_14	    6070	      99	      21	       0
2020_12_15	    6092	      99	      22	       0
2020_12_16	    6113	      99	      21	       0
2020_12_17	    6135	      99	      22	       0
2020_12_18	    6156	      99	      21	       0
2020_12_19	    6178	      99	      22	       0
2020_12_20	    6200	     100	      22	       1
2020_12_21	    6200	     100	       0	       0
2020_12_22	    6200	     100	       0	       0
2020_12_23	    6200	     100	       0	       0
2020_12_24	    6200	     100	       0	       0
2020_12_25	    6200	     100	       0	       0
2020_12_26	    6200	     100	       0	       0
2020_12_27	    6200	     100	       0	       0
2020_12_28	    6200	     100	       0	       0
2020_12_29	    6200	     100	       0	       0
2020_12_30	    6200	     100	       0	       0
2020_12_31	    6200	     100	       0	       0
2021_01_01	    6200	     100	       0	       0
2021_01_02	    6200	     100	       0	       0
2021_01_03	    6200	     100	       0	       0
2021_01_04	    6337	     100	     137	       0
2021_01_05	    6474	     100	     137	       0
2021_01_06	    6611	     100	     137	       0
2021_01_07	    6748	     100	     137	       0
2021_01_08	    6885	     100	     137	       0
2021_01_09	    7022	     100	     137	       0
2021_01_10	    7160	     100	     138	       0
2021_01_11	    7238	     102	      78	       2
2021_01_12	    7316	     104	      78	       2
2021_01_13	    7395	     106	      79	       2
2021_01_14	    7473	     108	      78	       2
2021_01_15	    7552	     110	      79	       2
2021_01_16	    7630	     112	      78	       2
2021_01_17	    7709	     114	      79	       2
2021_01_18	    7721	     114	      12	       0
2021_01_19	    7733	     114	      12	       0
2021_01_20	    7745	     115	      12	       1
2021_01_21	    7757	     115	      12	       0
2021_01_22	    7769	     116	      12	       1
2021_01_23	    7781	     116	      12	       0
2021_01_24	    7794	     117	      13	       1
2021_01_25	    7807	     117	      13	       0
2021_01_26	    7820	     117	      13	       0
2021_01_27	    7833	     117	      13	       0
2021_01_28	    7847	     117	      14	       0
2021_01_29	    7860	     117	      13	       0
2021_01_30	    7873	     117	      13	       0
2021_01_31	    7887	     117	      14	       0
2021_02_01	    7911	     117	      24	       0
2021_02_02	    7936	     118	      25	       1
2021_02_03	    7961	     119	      25	       1
2021_02_04	    7985	     119	      24	       0
2021_02_05	    8010	     120	      25	       1
2021_02_06	    8035	     121	      25	       1
2021_02_07	    8060	     122	      25	       1
2021_02_08	    8111	     122	      51	       0
2021_02_09	    8162	     122	      51	       0
2021_02_10	    8213	     122	      51	       0
2021_02_11	    8265	     122	      52	       0
2021_02_12	    8316	     122	      51	       0
2021_02_13	    8367	     122	      51	       0
2021_02_14	    8419	     123	      52	       1
2021_02_15	    8448	     123	      29	       0
2021_02_16	    8477	     124	      29	       1
2021_02_17	    8507	     124	      30	       0
2021_02_18	    8536	     125	      29	       1
2021_02_19	    8566	     125	      30	       0
2021_02_20	    8595	     126	      29	       1
2021_02_21	    8625	     127	      30	       1
2021_02_22	    8652	     127	      27	       0
2021_02_23	    8680	     127	      28	       0
2021_02_24	    8708	     127	      28	       0
2021_02_25	    8736	     127	      28	       0
2021_02_26	    8764	     127	      28	       0
2021_02_27	    8792	     127	      28	       0
2021_02_28	    8820	     128	      28	       1
2021_03_01	    8871	     128	      51	       0
2021_03_02	    8922	     128	      51	       0
2021_03_03	    8973	     129	      51	       1
2021_03_04	    9025	     129	      52	       0
2021_03_05	    9076	     130	      51	       1
2021_03_06	    9127	     130	      51	       0
2021_03_07	    9179	     131	      52	       1
2021_03_08	    9200	     131	      21	       0
2021_03_09	    9221	     131	      21	       0
2021_03_10	    9243	     131	      22	       0
2021_03_11	    9264	     131	      21	       0
2021_03_12	    9286	     131	      22	       0
2021_03_13	    9307	     131	      21	       0
2021_03_14	    9329	     131	      22	       0
2021_03_15	    9362	     131	      33	       0
2021_03_16	    9396	     131	      34	       0
2021_03_17	    9429	     132	      33	       1
2021_03_18	    9463	     132	      34	       0
2021_03_19	    9496	     133	      33	       1
2021_03_20	    9530	     133	      34	       0
2021_03_21	    9564	     134	      34	       1
2021_03_22	    9580	     134	      16	       0
2021_03_23	    9597	     134	      17	       0
2021_03_24	    9614	     134	      17	       0
2021_03_25	    9630	     134	      16	       0
2021_03_26	    9647	     134	      17	       0
2021_03_27	    9664	     134	      17	       0
2021_03_28	    9681	     135	      17	       1
2021_03_29	    9681	     135	       0	       0
2021_03_30	    9681	     135	       0	       0
2021_03_31	    9681	     135	       0	       0
2021_04_01	    9681	     135	       0	       0
2021_04_02	    9681	     135	       0	       0
2021_04_03	    9681	     135	       0	       0
2021_04_04	    9681	     135	       0	       0
2021_04_05	    9738	     135	      57	       0
2021_04_06	    9796	     135	      58	       0
2021_04_07	    9853	     135	      57	       0
2021_04_08	    9911	     136	      58	       1
2021_04_09	    9968	     136	      57	       0
2021_04_10	   10026	     136	      58	       0
2021_04_11	   10084	     137	      58	       1
2021_04_12	   10084	     137	       0	       0
2021_04_13	   10084	     137	       0	       0
2021_04_14	   10084	     137	       0	       0
2021_04_15	   10084	     137	       0	       0
2021_04_16	   10084	     137	       0	       0
2021_04_17	   10084	     137	       0	       0
2021_04_18	   10084	     137	       0	       0
2021_04_19	   10168	     138	      84	       1
2021_04_20	   10253	     139	      85	       1
2021_04_21	   10338	     140	      85	       1
2021_04_22	   10423	     141	      85	       1
2021_04_23	   10508	     142	      85	       1
2021_04_24	   10593	     143	      85	       1
2021_04_25	   10678	     144	      85	       1
2021_04_26	   10678	     144	       0	       0
2021_04_27	   10678	     144	       0	       0
2021_04_28	   10678	     144	       0	       0
2021_04_29	   10678	     144	       0	       0
2021_04_30	   10678	     144	       0	       0
2021_05_01	   10678	     144	       0	       0
2021_05_02	   10678	     144	       0	       0
2021_05_03	   10745	     144	      67	       0
2021_05_04	   10812	     145	      67	       1
2021_05_05	   10879	     145	      67	       0
2021_05_06	   10946	     146	      67	       1
2021_05_07	   11013	     146	      67	       0
2021_05_08	   11080	     147	      67	       1
2021_05_09	   11147	     148	      67	       1
2021_05_10	   11175	     148	      28	       0
2021_05_11	   11203	     148	      28	       0
2021_05_12	   11231	     148	      28	       0
2021_05_13	   11259	     148	      28	       0
2021_05_14	   11287	     148	      28	       0
2021_05_15	   11315	     148	      28	       0
2021_05_16	   11343	     148	      28	       0
2021_05_17	   11362	     148	      19	       0
2021_05_18	   11381	     148	      19	       0
2021_05_19	   11400	     148	      19	       0
2021_05_20	   11419	     149	      19	       1
2021_05_21	   11438	     149	      19	       0
2021_05_22	   11457	     149	      19	       0
2021_05_23	   11476	     150	      19	       1
2021_05_24	   11502	     150	      26	       0
2021_05_25	   11528	     150	      26	       0
2021_05_26	   11554	     151	      26	       1
2021_05_27	   11580	     151	      26	       0
2021_05_28	   11606	     152	      26	       1
2021_05_29	   11632	     152	      26	       0
2021_05_30	   11658	     153	      26	       1
2021_05_31	   11695	     153	      37	       0
2021_06_01	   11732	     153	      37	       0
2021_06_02	   11770	     153	      38	       0
2021_06_03	   11807	     154	      37	       1
2021_06_04	   11845	     154	      38	       0
2021_06_05	   11882	     154	      37	       0
2021_06_06	   11920	     155	      38	       1
2021_06_07	   11920	     155	       0	       0
2021_06_08	   11920	     155	       0	       0
2021_06_09	   11920	     155	       0	       0
2021_06_10	   11920	     155	       0	       0
2021_06_11	   11920	     155	       0	       0
2021_06_12	   11920	     155	       0	       0
2021_06_13	   11920	     155	       0	       0
