#
# COVID-19 Country file (official WHO count)
# Country = Cote d'Ivoire
# Latitude = 7.0
# Population = 26171.750
# Territory = 322463.0
# LEB = 57.8
# DPA = 254000
# DPA65 = 55880
# GDP = 1658.0
# GDP_PPP = 4287.0
# COVID-19 Mortality = 11.7
# First_Case = 2020_03_12
# Last_Case = 2021_06_13
# First_Death = 2020_04_03
# Last_Death = 2021_06_06
# Status as of 2021_06_13 = Community transmission
# Vaccine type = Oxford/AstraZeneca
# Vaccine start = 2021_03_01
#
Date	Conf_Cases	Conf_Deaths	Daily_Cases	Daily_Deaths
2020_03_12	       1	       0	       1	       0
2020_03_13	       1	       0	       0	       0
2020_03_14	       1	       0	       0	       0
2020_03_15	       3	       0	       2	       0
2020_03_16	       3	       0	       0	       0
2020_03_17	       6	       0	       3	       0
2020_03_18	       6	       0	       0	       0
2020_03_19	       9	       0	       3	       0
2020_03_20	       9	       0	       0	       0
2020_03_21	       9	       0	       0	       0
2020_03_22	       9	       0	       0	       0
2020_03_23	      25	       0	      16	       0
2020_03_24	      25	       0	       0	       0
2020_03_25	      72	       0	      47	       0
2020_03_26	      80	       0	       8	       0
2020_03_27	      80	       0	       0	       0
2020_03_28	      92	       0	      12	       0
2020_03_29	     140	       0	      48	       0
2020_03_30	     165	       0	      25	       0
2020_03_31	     169	       0	       4	       0
2020_04_01	     169	       0	       0	       0
2020_04_02	     190	       0	      21	       0
2020_04_03	     190	       1	       0	       1
2020_04_04	     203	       1	      13	       0
2020_04_05	     245	       2	      42	       1
2020_04_06	     245	       2	       0	       0
2020_04_07	     323	       3	      78	       1
2020_04_08	     349	       3	      26	       0
2020_04_09	     384	       3	      35	       0
2020_04_10	     384	       3	       0	       0
2020_04_11	     480	       3	      96	       0
2020_04_12	     533	       4	      53	       1
2020_04_13	     533	       4	       0	       0
2020_04_14	     626	       6	      93	       2
2020_04_15	     638	       6	      12	       0
2020_04_16	     654	       6	      16	       0
2020_04_17	     688	       6	      34	       0
2020_04_18	     742	       6	      54	       0
2020_04_19	     742	       6	       0	       0
2020_04_20	     847	       9	     105	       3
2020_04_21	     879	      10	      32	       1
2020_04_22	     916	      13	      37	       3
2020_04_23	     952	      14	      36	       1
2020_04_24	    1004	      14	      52	       0
2020_04_25	    1077	      14	      73	       0
2020_04_26	    1111	      14	      34	       0
2020_04_27	    1150	      14	      39	       0
2020_04_28	    1164	      14	      14	       0
2020_04_29	    1183	      14	      19	       0
2020_04_30	    1238	      14	      55	       0
2020_05_01	    1275	      14	      37	       0
2020_05_02	    1275	      14	       0	       0
2020_05_03	    1362	      15	      87	       1
2020_05_04	    1398	      17	      36	       2
2020_05_05	    1432	      17	      34	       0
2020_05_06	    1464	      18	      32	       1
2020_05_07	    1516	      18	      52	       0
2020_05_08	    1571	      20	      55	       2
2020_05_09	    1602	      20	      31	       0
2020_05_10	    1667	      21	      65	       1
2020_05_11	    1700	      21	      33	       0
2020_05_12	    1730	      21	      30	       0
2020_05_13	    1857	      21	     127	       0
2020_05_14	    1912	      24	      55	       3
2020_05_15	    1971	      24	      59	       0
2020_05_16	    2017	      24	      46	       0
2020_05_17	    2061	      25	      44	       1
2020_05_18	    2109	      27	      48	       2
2020_05_19	    2119	      28	      10	       1
2020_05_20	    2153	      28	      34	       0
2020_05_21	    2231	      29	      78	       1
2020_05_22	    2301	      29	      70	       0
2020_05_23	    2341	      29	      40	       0
2020_05_24	    2366	      30	      25	       1
2020_05_25	    2376	      30	      10	       0
2020_05_26	    2423	      30	      47	       0
2020_05_27	    2477	      30	      54	       0
2020_05_28	    2556	      31	      79	       1
2020_05_29	    2641	      32	      85	       1
2020_05_30	    2750	      32	     109	       0
2020_05_31	    2799	      33	      49	       1
2020_06_01	    2833	      33	      34	       0
2020_06_02	    2951	      33	     118	       0
2020_06_03	    3024	      33	      73	       0
2020_06_04	    3110	      35	      86	       2
2020_06_05	    3262	      35	     152	       0
2020_06_06	    3431	      36	     169	       1
2020_06_07	    3557	      36	     126	       0
2020_06_08	    3739	      36	     182	       0
2020_06_09	    3881	      38	     142	       2
2020_06_10	    3995	      38	     114	       0
2020_06_11	    4181	      41	     186	       3
2020_06_12	    4404	      41	     223	       0
2020_06_13	    4684	      45	     280	       4
2020_06_14	    4848	      45	     164	       0
2020_06_15	    5084	      45	     236	       0
2020_06_16	    5084	      45	       0	       0
2020_06_17	    5679	      46	     595	       1
2020_06_18	    6063	      48	     384	       2
2020_06_19	    6444	      49	     381	       1
2020_06_20	    6874	      49	     430	       0
2020_06_21	    7276	      52	     402	       3
2020_06_22	    7492	      54	     216	       2
2020_06_23	    7677	      56	     185	       2
2020_06_24	    7904	      58	     227	       2
2020_06_25	    8164	      58	     260	       0
2020_06_26	    8334	      60	     170	       2
2020_06_27	    8739	      64	     405	       4
2020_06_28	    8944	      66	     205	       2
2020_06_29	    8944	      66	       0	       0
2020_06_30	    9101	      66	     157	       0
2020_07_01	    9214	      66	     113	       0
2020_07_02	    9499	      68	     285	       2
2020_07_03	    9702	      68	     203	       0
2020_07_04	    9992	      68	     290	       0
2020_07_05	   10244	      70	     252	       2
2020_07_06	   10244	      70	       0	       0
2020_07_07	   10966	      75	     722	       5
2020_07_08	   10966	      75	       0	       0
2020_07_09	   11504	      78	     538	       3
2020_07_10	   11504	      78	       0	       0
2020_07_11	   11504	      78	       0	       0
2020_07_12	   12052	      81	     548	       3
2020_07_13	   12766	      84	     714	       3
2020_07_14	   12872	      84	     106	       0
2020_07_15	   13037	      87	     165	       3
2020_07_16	   13037	      87	       0	       0
2020_07_17	   13403	      87	     366	       0
2020_07_18	   13696	      87	     293	       0
2020_07_19	   13696	      87	       0	       0
2020_07_20	   14119	      92	     423	       5
2020_07_21	   14312	      92	     193	       0
2020_07_22	   14531	      93	     219	       1
2020_07_23	   14733	      93	     202	       0
2020_07_24	   15001	      93	     268	       0
2020_07_25	   15253	      94	     252	       1
2020_07_26	   15253	      94	       0	       0
2020_07_27	   15596	      96	     343	       2
2020_07_28	   15655	      96	      59	       0
2020_07_29	   15713	      98	      58	       2
2020_07_30	   15713	      98	       0	       0
2020_07_31	   15978	     100	     265	       2
2020_08_01	   16047	     102	      69	       2
2020_08_02	   16109	     102	      62	       0
2020_08_03	   16182	     102	      73	       0
2020_08_04	   16220	     102	      38	       0
2020_08_05	   16293	     103	      73	       1
2020_08_06	   16349	     103	      56	       0
2020_08_07	   16447	     103	      98	       0
2020_08_08	   16524	     104	      77	       1
2020_08_09	   16620	     104	      96	       0
2020_08_10	   16715	     105	      95	       1
2020_08_11	   16798	     105	      83	       0
2020_08_12	   16847	     105	      49	       0
2020_08_13	   16847	     105	       0	       0
2020_08_14	   16847	     105	       0	       0
2020_08_15	   16935	     108	      88	       3
2020_08_16	   16993	     108	      58	       0
2020_08_17	   17047	     108	      54	       0
2020_08_18	   17101	     109	      54	       1
2020_08_19	   17156	     110	      55	       1
2020_08_20	   17210	     110	      54	       0
2020_08_21	   17265	     111	      55	       1
2020_08_22	   17319	     112	      54	       1
2020_08_23	   17374	     113	      55	       1
2020_08_24	   17448	     113	      74	       0
2020_08_25	   17522	     113	      74	       0
2020_08_26	   17596	     113	      74	       0
2020_08_27	   17670	     114	      74	       1
2020_08_28	   17744	     114	      74	       0
2020_08_29	   17818	     114	      74	       0
2020_08_30	   17893	     115	      75	       1
2020_08_31	   17946	     115	      53	       0
2020_09_01	   18000	     116	      54	       1
2020_09_02	   18054	     116	      54	       0
2020_09_03	   18107	     117	      53	       1
2020_09_04	   18161	     117	      54	       0
2020_09_05	   18215	     118	      54	       1
2020_09_06	   18269	     119	      54	       1
2020_09_07	   18371	     119	     102	       0
2020_09_08	   18474	     119	     103	       0
2020_09_09	   18576	     119	     102	       0
2020_09_10	   18679	     119	     103	       0
2020_09_11	   18781	     119	     102	       0
2020_09_12	   18884	     119	     103	       0
2020_09_13	   18987	     120	     103	       1
2020_09_14	   19017	     120	      30	       0
2020_09_15	   19047	     120	      30	       0
2020_09_16	   19078	     120	      31	       0
2020_09_17	   19108	     120	      30	       0
2020_09_18	   19139	     120	      31	       0
2020_09_19	   19169	     120	      30	       0
2020_09_20	   19200	     120	      31	       0
2020_09_21	   19250	     120	      50	       0
2020_09_22	   19301	     120	      51	       0
2020_09_23	   19352	     120	      51	       0
2020_09_24	   19403	     120	      51	       0
2020_09_25	   19454	     120	      51	       0
2020_09_26	   19505	     120	      51	       0
2020_09_27	   19556	     120	      51	       0
2020_09_28	   19589	     120	      33	       0
2020_09_29	   19623	     120	      34	       0
2020_09_30	   19657	     120	      34	       0
2020_10_01	   19691	     120	      34	       0
2020_10_02	   19725	     120	      34	       0
2020_10_03	   19759	     120	      34	       0
2020_10_04	   19793	     120	      34	       0
2020_10_05	   19827	     120	      34	       0
2020_10_06	   19862	     120	      35	       0
2020_10_07	   19897	     120	      35	       0
2020_10_08	   19931	     120	      34	       0
2020_10_09	   19966	     120	      35	       0
2020_10_10	   20001	     120	      35	       0
2020_10_11	   20036	     120	      35	       0
2020_10_12	   20077	     120	      41	       0
2020_10_13	   20118	     120	      41	       0
2020_10_14	   20159	     120	      41	       0
2020_10_15	   20200	     120	      41	       0
2020_10_16	   20241	     120	      41	       0
2020_10_17	   20282	     120	      41	       0
2020_10_18	   20324	     121	      42	       1
2020_10_19	   20344	     121	      20	       0
2020_10_20	   20365	     121	      21	       0
2020_10_21	   20386	     121	      21	       0
2020_10_22	   20407	     121	      21	       0
2020_10_23	   20428	     121	      21	       0
2020_10_24	   20449	     121	      21	       0
2020_10_25	   20470	     122	      21	       1
2020_10_26	   20501	     122	      31	       0
2020_10_27	   20533	     122	      32	       0
2020_10_28	   20565	     122	      32	       0
2020_10_29	   20596	     123	      31	       1
2020_10_30	   20628	     123	      32	       0
2020_10_31	   20660	     123	      32	       0
2020_11_01	   20692	     124	      32	       1
2020_11_02	   20707	     124	      15	       0
2020_11_03	   20723	     124	      16	       0
2020_11_04	   20738	     124	      15	       0
2020_11_05	   20754	     125	      16	       1
2020_11_06	   20769	     125	      15	       0
2020_11_07	   20785	     125	      16	       0
2020_11_08	   20801	     126	      16	       1
2020_11_09	   20821	     126	      20	       0
2020_11_10	   20842	     126	      21	       0
2020_11_11	   20862	     126	      20	       0
2020_11_12	   20883	     127	      21	       1
2020_11_13	   20903	     127	      20	       0
2020_11_14	   20924	     127	      21	       0
2020_11_15	   20945	     128	      21	       1
2020_11_16	   20970	     128	      25	       0
2020_11_17	   20996	     128	      26	       0
2020_11_18	   21022	     128	      26	       0
2020_11_19	   21048	     128	      26	       0
2020_11_20	   21074	     128	      26	       0
2020_11_21	   21100	     128	      26	       0
2020_11_22	   21126	     129	      26	       1
2020_11_23	   21145	     129	      19	       0
2020_11_24	   21164	     129	      19	       0
2020_11_25	   21183	     129	      19	       0
2020_11_26	   21203	     130	      20	       1
2020_11_27	   21222	     130	      19	       0
2020_11_28	   21241	     130	      19	       0
2020_11_29	   21261	     131	      20	       1
2020_11_30	   21286	     131	      25	       0
2020_12_01	   21312	     131	      26	       0
2020_12_02	   21338	     131	      26	       0
2020_12_03	   21363	     131	      25	       0
2020_12_04	   21389	     131	      26	       0
2020_12_05	   21415	     131	      26	       0
2020_12_06	   21441	     132	      26	       1
2020_12_07	   21469	     132	      28	       0
2020_12_08	   21497	     132	      28	       0
2020_12_09	   21525	     132	      28	       0
2020_12_10	   21554	     132	      29	       0
2020_12_11	   21582	     132	      28	       0
2020_12_12	   21610	     132	      28	       0
2020_12_13	   21639	     133	      29	       1
2020_12_14	   21658	     133	      19	       0
2020_12_15	   21677	     133	      19	       0
2020_12_16	   21696	     133	      19	       0
2020_12_17	   21715	     133	      19	       0
2020_12_18	   21734	     133	      19	       0
2020_12_19	   21753	     133	      19	       0
2020_12_20	   21772	     133	      19	       0
2020_12_21	   21816	     133	      44	       0
2020_12_22	   21860	     133	      44	       0
2020_12_23	   21904	     133	      44	       0
2020_12_24	   21948	     133	      44	       0
2020_12_25	   21992	     133	      44	       0
2020_12_26	   22036	     133	      44	       0
2020_12_27	   22081	     133	      45	       0
2020_12_28	   22105	     133	      24	       0
2020_12_29	   22129	     134	      24	       1
2020_12_30	   22153	     134	      24	       0
2020_12_31	   22177	     135	      24	       1
2021_01_01	   22201	     135	      24	       0
2021_01_02	   22225	     136	      24	       1
2021_01_03	   22250	     137	      25	       1
2021_01_04	   22393	     137	     143	       0
2021_01_05	   22536	     137	     143	       0
2021_01_06	   22680	     137	     144	       0
2021_01_07	   22823	     137	     143	       0
2021_01_08	   22967	     137	     144	       0
2021_01_09	   23110	     137	     143	       0
2021_01_10	   23254	     138	     144	       1
2021_01_11	   23482	     138	     228	       0
2021_01_12	   23711	     138	     229	       0
2021_01_13	   23940	     139	     229	       1
2021_01_14	   24169	     139	     229	       0
2021_01_15	   24398	     140	     229	       1
2021_01_16	   24627	     140	     229	       0
2021_01_17	   24856	     141	     229	       1
2021_01_18	   25106	     141	     250	       0
2021_01_19	   25357	     142	     251	       1
2021_01_20	   25608	     142	     251	       0
2021_01_21	   25859	     143	     251	       1
2021_01_22	   26110	     143	     251	       0
2021_01_23	   26361	     144	     251	       1
2021_01_24	   26612	     145	     251	       1
2021_01_25	   26835	     146	     223	       1
2021_01_26	   27059	     147	     224	       1
2021_01_27	   27283	     148	     224	       1
2021_01_28	   27506	     149	     223	       1
2021_01_29	   27730	     150	     224	       1
2021_01_30	   27954	     151	     224	       1
2021_01_31	   28178	     152	     224	       1
2021_02_01	   28376	     153	     198	       1
2021_02_02	   28574	     154	     198	       1
2021_02_03	   28773	     156	     199	       2
2021_02_04	   28971	     157	     198	       1
2021_02_05	   29170	     159	     199	       2
2021_02_06	   29368	     160	     198	       1
2021_02_07	   29567	     162	     199	       2
2021_02_08	   29755	     163	     188	       1
2021_02_09	   29943	     165	     188	       2
2021_02_10	   30131	     166	     188	       1
2021_02_11	   30319	     168	     188	       2
2021_02_12	   30507	     169	     188	       1
2021_02_13	   30695	     171	     188	       2
2021_02_14	   30884	     173	     189	       2
2021_02_15	   31031	     174	     147	       1
2021_02_16	   31178	     176	     147	       2
2021_02_17	   31325	     178	     147	       2
2021_02_18	   31472	     179	     147	       1
2021_02_19	   31619	     181	     147	       2
2021_02_20	   31766	     183	     147	       2
2021_02_21	   31914	     185	     148	       2
2021_02_22	   32016	     186	     102	       1
2021_02_23	   32118	     187	     102	       1
2021_02_24	   32221	     188	     103	       1
2021_02_25	   32323	     189	     102	       1
2021_02_26	   32426	     190	     103	       1
2021_02_27	   32528	     191	     102	       1
2021_02_28	   32631	     192	     103	       1
2021_03_01	   32960	     193	     329	       1
2021_03_02	   33289	     194	     329	       1
2021_03_03	   33618	     195	     329	       1
2021_03_04	   33947	     196	     329	       1
2021_03_05	   34276	     197	     329	       1
2021_03_06	   34605	     198	     329	       1
2021_03_07	   34935	     200	     330	       2
2021_03_08	   35273	     201	     338	       1
2021_03_09	   35611	     203	     338	       2
2021_03_10	   35950	     204	     339	       1
2021_03_11	   36288	     206	     338	       2
2021_03_12	   36627	     207	     339	       1
2021_03_13	   36965	     209	     338	       2
2021_03_14	   37304	     211	     339	       2
2021_03_15	   37676	     211	     372	       0
2021_03_16	   38049	     212	     373	       1
2021_03_17	   38422	     213	     373	       1
2021_03_18	   38794	     214	     372	       1
2021_03_19	   39167	     215	     373	       1
2021_03_20	   39540	     216	     373	       1
2021_03_21	   39913	     217	     373	       1
2021_03_22	   40278	     218	     365	       1
2021_03_23	   40643	     220	     365	       2
2021_03_24	   41008	     222	     365	       2
2021_03_25	   41373	     223	     365	       1
2021_03_26	   41738	     225	     365	       2
2021_03_27	   42103	     227	     365	       2
2021_03_28	   42468	     229	     365	       2
2021_03_29	   42733	     231	     265	       2
2021_03_30	   42998	     234	     265	       3
2021_03_31	   43264	     236	     266	       2
2021_04_01	   43529	     239	     265	       3
2021_04_02	   43795	     241	     266	       2
2021_04_03	   44060	     244	     265	       3
2021_04_04	   44326	     247	     266	       3
2021_04_05	   44443	     249	     117	       2
2021_04_06	   44560	     251	     117	       2
2021_04_07	   44677	     253	     117	       2
2021_04_08	   44794	     255	     117	       2
2021_04_09	   44911	     257	     117	       2
2021_04_10	   45028	     259	     117	       2
2021_04_11	   45145	     261	     117	       2
2021_04_12	   45198	     262	      53	       1
2021_04_13	   45251	     264	      53	       2
2021_04_14	   45305	     266	      54	       2
2021_04_15	   45358	     268	      53	       2
2021_04_16	   45412	     270	      54	       2
2021_04_17	   45465	     272	      53	       2
2021_04_18	   45519	     274	      54	       2
2021_04_19	   45562	     275	      43	       1
2021_04_20	   45605	     276	      43	       1
2021_04_21	   45648	     277	      43	       1
2021_04_22	   45691	     278	      43	       1
2021_04_23	   45734	     279	      43	       1
2021_04_24	   45777	     280	      43	       1
2021_04_25	   45820	     281	      43	       1
2021_04_26	   45862	     281	      42	       0
2021_04_27	   45904	     282	      42	       1
2021_04_28	   45946	     283	      42	       1
2021_04_29	   45988	     283	      42	       0
2021_04_30	   46030	     284	      42	       1
2021_05_01	   46072	     285	      42	       1
2021_05_02	   46114	     286	      42	       1
2021_05_03	   46146	     286	      32	       0
2021_05_04	   46179	     287	      33	       1
2021_05_05	   46212	     288	      33	       1
2021_05_06	   46245	     288	      33	       0
2021_05_07	   46278	     289	      33	       1
2021_05_08	   46311	     290	      33	       1
2021_05_09	   46344	     291	      33	       1
2021_05_10	   46383	     291	      39	       0
2021_05_11	   46422	     292	      39	       1
2021_05_12	   46461	     293	      39	       1
2021_05_13	   46501	     294	      40	       1
2021_05_14	   46540	     295	      39	       1
2021_05_15	   46579	     296	      39	       1
2021_05_16	   46619	     297	      40	       1
2021_05_17	   46665	     297	      46	       0
2021_05_18	   46711	     297	      46	       0
2021_05_19	   46757	     297	      46	       0
2021_05_20	   46803	     297	      46	       0
2021_05_21	   46849	     297	      46	       0
2021_05_22	   46895	     297	      46	       0
2021_05_23	   46942	     298	      47	       1
2021_05_24	   46978	     298	      36	       0
2021_05_25	   47014	     298	      36	       0
2021_05_26	   47050	     299	      36	       1
2021_05_27	   47086	     299	      36	       0
2021_05_28	   47122	     300	      36	       1
2021_05_29	   47158	     300	      36	       0
2021_05_30	   47195	     301	      37	       1
2021_05_31	   47235	     301	      40	       0
2021_06_01	   47275	     302	      40	       1
2021_06_02	   47315	     303	      40	       1
2021_06_03	   47355	     303	      40	       0
2021_06_04	   47395	     304	      40	       1
2021_06_05	   47435	     305	      40	       1
2021_06_06	   47476	     306	      41	       1
2021_06_07	   47502	     306	      26	       0
2021_06_08	   47529	     306	      27	       0
2021_06_09	   47555	     306	      26	       0
2021_06_10	   47582	     306	      27	       0
2021_06_11	   47608	     306	      26	       0
2021_06_12	   47635	     306	      27	       0
2021_06_13	   47662	     306	      27	       0
