#
# COVID-19 Country file (official WHO count)
# Country = Denmark
# Latitude = 56.0
# Population = 5796.800
# Territory = 43094.0
# LEB = 80.9
# DPA = 57000
# DPA65 = 47880
# GDP = 59559.0
# GDP_PPP = 53649.0
# COVID-19 Mortality = 435.6
# First_Case = 2020_02_27
# Last_Case = 2021_06_13
# First_Death = 2020_03_16
# Last_Death = 2021_06_13
# Status as of 2021_06_13 = Community transmission
# Vaccine type = Moderna, Oxford/AstraZeneca, Pfizer/BioNTech
# Vaccine start = 2020_12_27
#
Date	Conf_Cases	Conf_Deaths	Daily_Cases	Daily_Deaths
2020_02_27	       1	       0	       1	       0
2020_02_28	       1	       0	       0	       0
2020_02_29	       2	       0	       1	       0
2020_03_01	       3	       0	       1	       0
2020_03_02	       4	       0	       1	       0
2020_03_03	       5	       0	       1	       0
2020_03_04	       8	       0	       3	       0
2020_03_05	      10	       0	       2	       0
2020_03_06	      18	       0	       8	       0
2020_03_07	      23	       0	       5	       0
2020_03_08	      31	       0	       8	       0
2020_03_09	      36	       0	       5	       0
2020_03_10	      90	       0	      54	       0
2020_03_11	     262	       0	     172	       0
2020_03_12	     615	       0	     353	       0
2020_03_13	     674	       0	      59	       0
2020_03_14	     801	       0	     127	       0
2020_03_15	     827	       0	      26	       0
2020_03_16	     898	       1	      71	       1
2020_03_17	     960	       4	      62	       3
2020_03_18	     977	       4	      17	       0
2020_03_19	    1044	       4	      67	       0
2020_03_20	    1132	       6	      88	       2
2020_03_21	    1255	       9	     123	       3
2020_03_22	    1326	      13	      71	       4
2020_03_23	    1395	      13	      69	       0
2020_03_24	    1460	      24	      65	      11
2020_03_25	    1591	      32	     131	       8
2020_03_26	    1724	      34	     133	       2
2020_03_27	    1877	      41	     153	       7
2020_03_28	    2046	      52	     169	      11
2020_03_29	    2201	      65	     155	      13
2020_03_30	    2395	      72	     194	       7
2020_03_31	    2577	      77	     182	       5
2020_04_01	    2860	      90	     283	      13
2020_04_02	    3107	     104	     247	      14
2020_04_03	    3386	     123	     279	      19
2020_04_04	    3757	     139	     371	      16
2020_04_05	    4077	     161	     320	      22
2020_04_06	    4369	     179	     292	      18
2020_04_07	    4681	     187	     312	       8
2020_04_08	    5071	     203	     390	      16
2020_04_09	    5402	     218	     331	      15
2020_04_10	    5635	     237	     233	      19
2020_04_11	    5819	     247	     184	      10
2020_04_12	    5996	     260	     177	      13
2020_04_13	    6174	     273	     178	      13
2020_04_14	    6318	     285	     144	      12
2020_04_15	    6511	     299	     193	      14
2020_04_16	    6681	     309	     170	      10
2020_04_17	    6879	     321	     198	      12
2020_04_18	    7073	     336	     194	      15
2020_04_19	    7242	     346	     169	      10
2020_04_20	    7384	     355	     142	       9
2020_04_21	    7515	     364	     131	       9
2020_04_22	    7695	     370	     180	       6
2020_04_23	    7912	     384	     217	      14
2020_04_24	    8073	     394	     161	      10
2020_04_25	    8210	     403	     137	       9
2020_04_26	    8445	     418	     235	      15
2020_04_27	    8575	     422	     130	       4
2020_04_28	    8698	     427	     123	       5
2020_04_29	    8851	     434	     153	       7
2020_04_30	    9008	     443	     157	       9
2020_05_01	    9158	     452	     150	       9
2020_05_02	    9311	     460	     153	       8
2020_05_03	    9407	     475	      96	      15
2020_05_04	    9523	     484	     116	       9
2020_05_05	    9670	     493	     147	       9
2020_05_06	    9821	     503	     151	      10
2020_05_07	    9983	     506	     162	       3
2020_05_08	   10083	     514	     100	       8
2020_05_09	   10218	     522	     135	       8
2020_05_10	   10319	     526	     101	       4
2020_05_11	   10429	     529	     110	       3
2020_05_12	   10513	     533	      84	       4
2020_05_13	   10591	     527	      78	      -6
2020_05_14	   10667	     533	      76	       6
2020_05_15	   10713	     537	      46	       4
2020_05_16	   10791	     537	      78	       0
2020_05_17	   10858	     543	      67	       6
2020_05_18	   10927	     547	      69	       4
2020_05_19	   10968	     548	      41	       1
2020_05_20	   11044	     551	      76	       3
2020_05_21	   11117	     554	      73	       3
2020_05_22	   11182	     561	      65	       7
2020_05_23	   11230	     561	      48	       0
2020_05_24	   11289	     561	      59	       0
2020_05_25	   11360	     562	      71	       1
2020_05_26	   11387	     563	      27	       1
2020_05_27	   11428	     563	      41	       0
2020_05_28	   11480	     565	      52	       2
2020_05_29	   11512	     568	      32	       3
2020_05_30	   11593	     568	      81	       0
2020_05_31	   11633	     571	      40	       3
2020_06_01	   11669	     574	      36	       3
2020_06_02	   11699	     576	      30	       2
2020_06_03	   11734	     580	      35	       4
2020_06_04	   11771	     580	      37	       0
2020_06_05	   11811	     582	      40	       2
2020_06_06	   11875	     586	      64	       4
2020_06_07	   11924	     587	      49	       1
2020_06_08	   11948	     589	      24	       2
2020_06_09	   11962	     593	      14	       4
2020_06_10	   12001	     593	      39	       0
2020_06_11	   12016	     593	      15	       0
2020_06_12	   12035	     593	      19	       0
2020_06_13	   12099	     594	      64	       1
2020_06_14	   12139	     597	      40	       3
2020_06_15	   12193	     597	      54	       0
2020_06_16	   12217	     598	      24	       1
2020_06_17	   12250	     598	      33	       0
2020_06_18	   12294	     598	      44	       0
2020_06_19	   12344	     600	      50	       2
2020_06_20	   12391	     600	      47	       0
2020_06_21	   12391	     600	       0	       0
2020_06_22	   12391	     600	       0	       0
2020_06_23	   12527	     602	     136	       2
2020_06_24	   12561	     603	      34	       1
2020_06_25	   12615	     603	      54	       0
2020_06_26	   12636	     603	      21	       0
2020_06_27	   12675	     604	      39	       1
2020_06_28	   12675	     604	       0	       0
2020_06_29	   12675	     604	       0	       0
2020_06_30	   12751	     605	      76	       1
2020_07_01	   12768	     605	      17	       0
2020_07_02	   12794	     606	      26	       1
2020_07_03	   12815	     606	      21	       0
2020_07_04	   12832	     606	      17	       0
2020_07_05	   12832	     606	       0	       0
2020_07_06	   12832	     606	       0	       0
2020_07_07	   12878	     607	      46	       1
2020_07_08	   12888	     609	      10	       2
2020_07_09	   12900	     609	      12	       0
2020_07_10	   12916	     609	      16	       0
2020_07_11	   12946	     609	      30	       0
2020_07_12	   12946	     609	       0	       0
2020_07_13	   12946	     609	       0	       0
2020_07_14	   13037	     610	      91	       1
2020_07_15	   13061	     610	      24	       0
2020_07_16	   13092	     610	      31	       0
2020_07_17	   13124	     610	      32	       0
2020_07_18	   13173	     611	      49	       1
2020_07_19	   13173	     611	       0	       0
2020_07_20	   13173	     611	       0	       0
2020_07_21	   13262	     611	      89	       0
2020_07_22	   13302	     611	      40	       0
2020_07_23	   13350	     611	      48	       0
2020_07_24	   13390	     612	      40	       1
2020_07_25	   13438	     613	      48	       1
2020_07_26	   13438	     613	       0	       0
2020_07_27	   13438	     613	       0	       0
2020_07_28	   13547	     613	     109	       0
2020_07_29	   13577	     613	      30	       0
2020_07_30	   13634	     614	      57	       1
2020_07_31	   13725	     615	      91	       1
2020_08_01	   13789	     615	      64	       0
2020_08_02	   13789	     615	       0	       0
2020_08_03	   13789	     615	       0	       0
2020_08_04	   13996	     616	     207	       1
2020_08_05	   14073	     616	      77	       0
2020_08_06	   14185	     616	     112	       0
2020_08_07	   14306	     617	     121	       1
2020_08_08	   14442	     617	     136	       0
2020_08_09	   14442	     617	       0	       0
2020_08_10	   14442	     617	       0	       0
2020_08_11	   14815	     620	     373	       3
2020_08_12	   14959	     621	     144	       1
2020_08_13	   15070	     621	     111	       0
2020_08_14	   15214	     621	     144	       0
2020_08_15	   15379	     621	     165	       0
2020_08_16	   15483	     621	     104	       0
2020_08_17	   15575	     621	      92	       0
2020_08_18	   15667	     621	      92	       0
2020_08_19	   15759	     621	      92	       0
2020_08_20	   15851	     621	      92	       0
2020_08_21	   15943	     621	      92	       0
2020_08_22	   16035	     621	      92	       0
2020_08_23	   16127	     621	      92	       0
2020_08_24	   16208	     621	      81	       0
2020_08_25	   16290	     621	      82	       0
2020_08_26	   16372	     622	      82	       1
2020_08_27	   16454	     622	      82	       0
2020_08_28	   16536	     623	      82	       1
2020_08_29	   16618	     623	      82	       0
2020_08_30	   16700	     624	      82	       1
2020_08_31	   16821	     624	     121	       0
2020_09_01	   16942	     624	     121	       0
2020_09_02	   17063	     625	     121	       1
2020_09_03	   17184	     625	     121	       0
2020_09_04	   17305	     626	     121	       1
2020_09_05	   17426	     626	     121	       0
2020_09_06	   17547	     627	     121	       1
2020_09_07	   17785	     627	     238	       0
2020_09_08	   18023	     627	     238	       0
2020_09_09	   18262	     627	     239	       0
2020_09_10	   18500	     628	     238	       1
2020_09_11	   18739	     628	     239	       0
2020_09_12	   18977	     628	     238	       0
2020_09_13	   19216	     629	     239	       1
2020_09_14	   19591	     629	     375	       0
2020_09_15	   19967	     630	     376	       1
2020_09_16	   20343	     631	     376	       1
2020_09_17	   20719	     632	     376	       1
2020_09_18	   21095	     633	     376	       1
2020_09_19	   21471	     634	     376	       1
2020_09_20	   21847	     635	     376	       1
2020_09_21	   22470	     636	     623	       1
2020_09_22	   23094	     638	     624	       2
2020_09_23	   23718	     640	     624	       2
2020_09_24	   24341	     642	     623	       2
2020_09_25	   24965	     644	     624	       2
2020_09_26	   25589	     646	     624	       2
2020_09_27	   26213	     648	     624	       2
2020_09_28	   26654	     648	     441	       0
2020_09_29	   27095	     649	     441	       1
2020_09_30	   27536	     650	     441	       1
2020_10_01	   27978	     651	     442	       1
2020_10_02	   28419	     652	     441	       1
2020_10_03	   28860	     653	     441	       1
2020_10_04	   29302	     654	     442	       1
2020_10_05	   29699	     655	     397	       1
2020_10_06	   30096	     657	     397	       2
2020_10_07	   30493	     659	     397	       2
2020_10_08	   30890	     661	     397	       2
2020_10_09	   31287	     663	     397	       2
2020_10_10	   31684	     665	     397	       2
2020_10_11	   32082	     667	     398	       2
2020_10_12	   32554	     668	     472	       1
2020_10_13	   33027	     670	     473	       2
2020_10_14	   33500	     672	     473	       2
2020_10_15	   33973	     674	     473	       2
2020_10_16	   34446	     676	     473	       2
2020_10_17	   34919	     678	     473	       2
2020_10_18	   35392	     680	     473	       2
2020_10_19	   36252	     684	     860	       4
2020_10_20	   37112	     688	     860	       4
2020_10_21	   37972	     692	     860	       4
2020_10_22	   38832	     696	     860	       4
2020_10_23	   39692	     700	     860	       4
2020_10_24	   40552	     704	     860	       4
2020_10_25	   41412	     708	     860	       4
2020_10_26	   42117	     709	     705	       1
2020_10_27	   42823	     711	     706	       2
2020_10_28	   43528	     713	     705	       2
2020_10_29	   44234	     715	     706	       2
2020_10_30	   44939	     717	     705	       2
2020_10_31	   45645	     719	     706	       2
2020_11_01	   46351	     721	     706	       2
2020_11_02	   47476	     723	    1125	       2
2020_11_03	   48602	     726	    1126	       3
2020_11_04	   49727	     729	    1125	       3
2020_11_05	   50853	     731	    1126	       2
2020_11_06	   51978	     734	    1125	       3
2020_11_07	   53104	     737	    1126	       3
2020_11_08	   54230	     740	    1126	       3
2020_11_09	   55208	     742	     978	       2
2020_11_10	   56186	     744	     978	       2
2020_11_11	   57164	     747	     978	       3
2020_11_12	   58143	     749	     979	       2
2020_11_13	   59121	     752	     978	       3
2020_11_14	   60099	     754	     978	       2
2020_11_15	   61078	     757	     979	       3
2020_11_16	   62300	     760	    1222	       3
2020_11_17	   63522	     763	    1222	       3
2020_11_18	   64745	     767	    1223	       4
2020_11_19	   65967	     770	    1222	       3
2020_11_20	   67190	     774	    1223	       4
2020_11_21	   68412	     777	    1222	       3
2020_11_22	   69635	     781	    1223	       4
2020_11_23	   70880	     787	    1245	       6
2020_11_24	   72126	     793	    1246	       6
2020_11_25	   73371	     799	    1245	       6
2020_11_26	   74617	     805	    1246	       6
2020_11_27	   75862	     811	    1245	       6
2020_11_28	   77108	     817	    1246	       6
2020_11_29	   78354	     823	    1246	       6
2020_11_30	   79854	     830	    1500	       7
2020_12_01	   81355	     838	    1501	       8
2020_12_02	   82855	     846	    1500	       8
2020_12_03	   84356	     854	    1501	       8
2020_12_04	   85856	     862	    1500	       8
2020_12_05	   87357	     870	    1501	       8
2020_12_06	   88858	     878	    1501	       8
2020_12_07	   91466	     886	    2608	       8
2020_12_08	   94074	     894	    2608	       8
2020_12_09	   96682	     902	    2608	       8
2020_12_10	   99291	     910	    2609	       8
2020_12_11	  101899	     918	    2608	       8
2020_12_12	  104507	     926	    2608	       8
2020_12_13	  107116	     935	    2609	       9
2020_12_14	  110614	     947	    3498	      12
2020_12_15	  114113	     959	    3499	      12
2020_12_16	  117611	     971	    3498	      12
2020_12_17	  121110	     983	    3499	      12
2020_12_18	  124608	     995	    3498	      12
2020_12_19	  128107	    1007	    3499	      12
2020_12_20	  131606	    1019	    3499	      12
2020_12_21	  134400	    1038	    2794	      19
2020_12_22	  137194	    1057	    2794	      19
2020_12_23	  139989	    1076	    2795	      19
2020_12_24	  142783	    1095	    2794	      19
2020_12_25	  145578	    1114	    2795	      19
2020_12_26	  148372	    1133	    2794	      19
2020_12_27	  151167	    1153	    2795	      20
2020_12_28	  153506	    1180	    2339	      27
2020_12_29	  155845	    1207	    2339	      27
2020_12_30	  158184	    1235	    2339	      28
2020_12_31	  160523	    1262	    2339	      27
2021_01_01	  162862	    1290	    2339	      28
2021_01_02	  165201	    1317	    2339	      27
2021_01_03	  167541	    1345	    2340	      28
2021_01_04	  169355	    1373	    1814	      28
2021_01_05	  171169	    1401	    1814	      28
2021_01_06	  172983	    1429	    1814	      28
2021_01_07	  174797	    1457	    1814	      28
2021_01_08	  176611	    1485	    1814	      28
2021_01_09	  178425	    1513	    1814	      28
2021_01_10	  180240	    1542	    1815	      29
2021_01_11	  181377	    1571	    1137	      29
2021_01_12	  182514	    1600	    1137	      29
2021_01_13	  183651	    1629	    1137	      29
2021_01_14	  184788	    1659	    1137	      30
2021_01_15	  185925	    1688	    1137	      29
2021_01_16	  187062	    1717	    1137	      29
2021_01_17	  188199	    1747	    1137	      30
2021_01_18	  189015	    1778	     816	      31
2021_01_19	  189832	    1810	     817	      32
2021_01_20	  190649	    1842	     817	      32
2021_01_21	  191466	    1873	     817	      31
2021_01_22	  192283	    1905	     817	      32
2021_01_23	  193100	    1937	     817	      32
2021_01_24	  193917	    1969	     817	      32
2021_01_25	  194513	    1988	     596	      19
2021_01_26	  195110	    2008	     597	      20
2021_01_27	  195707	    2027	     597	      19
2021_01_28	  196304	    2047	     597	      20
2021_01_29	  196901	    2066	     597	      19
2021_01_30	  197498	    2086	     597	      20
2021_01_31	  198095	    2106	     597	      20
2021_02_01	  198536	    2121	     441	      15
2021_02_02	  198978	    2137	     442	      16
2021_02_03	  199419	    2152	     441	      15
2021_02_04	  199861	    2168	     442	      16
2021_02_05	  200302	    2183	     441	      15
2021_02_06	  200744	    2199	     442	      16
2021_02_07	  201186	    2215	     442	      16
2021_02_08	  201597	    2224	     411	       9
2021_02_09	  202009	    2234	     412	      10
2021_02_10	  202420	    2244	     411	      10
2021_02_11	  202832	    2254	     412	      10
2021_02_12	  203243	    2264	     411	      10
2021_02_13	  203655	    2274	     412	      10
2021_02_14	  204067	    2284	     412	      10
2021_02_15	  204497	    2291	     430	       7
2021_02_16	  204928	    2298	     431	       7
2021_02_17	  205358	    2305	     430	       7
2021_02_18	  205789	    2312	     431	       7
2021_02_19	  206219	    2319	     430	       7
2021_02_20	  206650	    2326	     431	       7
2021_02_21	  207081	    2333	     431	       7
2021_02_22	  207602	    2336	     521	       3
2021_02_23	  208124	    2340	     522	       4
2021_02_24	  208645	    2343	     521	       3
2021_02_25	  209167	    2347	     522	       4
2021_02_26	  209688	    2350	     521	       3
2021_02_27	  210210	    2354	     522	       4
2021_02_28	  210732	    2358	     522	       4
2021_03_01	  211245	    2360	     513	       2
2021_03_02	  211758	    2363	     513	       3
2021_03_03	  212272	    2366	     514	       3
2021_03_04	  212785	    2368	     513	       2
2021_03_05	  213299	    2371	     514	       3
2021_03_06	  213812	    2374	     513	       3
2021_03_07	  214326	    2377	     514	       3
2021_03_08	  215124	    2378	     798	       1
2021_03_09	  215923	    2380	     799	       2
2021_03_10	  216722	    2382	     799	       2
2021_03_11	  217521	    2384	     799	       2
2021_03_12	  218320	    2386	     799	       2
2021_03_13	  219119	    2388	     799	       2
2021_03_14	  219918	    2390	     799	       2
2021_03_15	  220622	    2391	     704	       1
2021_03_16	  221326	    2392	     704	       1
2021_03_17	  222030	    2393	     704	       1
2021_03_18	  222735	    2395	     705	       2
2021_03_19	  223439	    2396	     704	       1
2021_03_20	  224143	    2397	     704	       1
2021_03_21	  224848	    2399	     705	       2
2021_03_22	  225162	    2401	     314	       2
2021_03_23	  225476	    2403	     314	       2
2021_03_24	  225791	    2405	     315	       2
2021_03_25	  226105	    2407	     314	       2
2021_03_26	  226420	    2409	     315	       2
2021_03_27	  226734	    2411	     314	       2
2021_03_28	  227049	    2413	     315	       2
2021_03_29	  227858	    2415	     809	       2
2021_03_30	  228668	    2417	     810	       2
2021_03_31	  229478	    2419	     810	       2
2021_04_01	  230288	    2421	     810	       2
2021_04_02	  231098	    2423	     810	       2
2021_04_03	  231908	    2425	     810	       2
2021_04_04	  232718	    2428	     810	       3
2021_04_05	  233344	    2429	     626	       1
2021_04_06	  233970	    2431	     626	       2
2021_04_07	  234596	    2432	     626	       1
2021_04_08	  235222	    2434	     626	       2
2021_04_09	  235848	    2435	     626	       1
2021_04_10	  236474	    2437	     626	       2
2021_04_11	  237101	    2439	     627	       2
2021_04_12	  237762	    2440	     661	       1
2021_04_13	  238423	    2442	     661	       2
2021_04_14	  239085	    2444	     662	       2
2021_04_15	  239746	    2446	     661	       2
2021_04_16	  240408	    2448	     662	       2
2021_04_17	  241069	    2450	     661	       2
2021_04_18	  241731	    2452	     662	       2
2021_04_19	  242485	    2455	     754	       3
2021_04_20	  243239	    2458	     754	       3
2021_04_21	  243993	    2461	     754	       3
2021_04_22	  244747	    2464	     754	       3
2021_04_23	  245501	    2467	     754	       3
2021_04_24	  246255	    2470	     754	       3
2021_04_25	  247010	    2474	     755	       4
2021_04_26	  247729	    2476	     719	       2
2021_04_27	  248448	    2478	     719	       2
2021_04_28	  249167	    2480	     719	       2
2021_04_29	  249887	    2482	     720	       2
2021_04_30	  250606	    2484	     719	       2
2021_05_01	  251325	    2486	     719	       2
2021_05_02	  252045	    2489	     720	       3
2021_05_03	  252921	    2490	     876	       1
2021_05_04	  253798	    2491	     877	       1
2021_05_05	  254675	    2492	     877	       1
2021_05_06	  255551	    2493	     876	       1
2021_05_07	  256428	    2494	     877	       1
2021_05_08	  257305	    2495	     877	       1
2021_05_09	  258182	    2497	     877	       2
2021_05_10	  259233	    2497	    1051	       0
2021_05_11	  260284	    2498	    1051	       1
2021_05_12	  261335	    2499	    1051	       1
2021_05_13	  262386	    2499	    1051	       0
2021_05_14	  263437	    2500	    1051	       1
2021_05_15	  264488	    2501	    1051	       1
2021_05_16	  265539	    2502	    1051	       1
2021_05_17	  266556	    2502	    1017	       0
2021_05_18	  267573	    2503	    1017	       1
2021_05_19	  268590	    2504	    1017	       1
2021_05_20	  269607	    2504	    1017	       0
2021_05_21	  270624	    2505	    1017	       1
2021_05_22	  271641	    2506	    1017	       1
2021_05_23	  272659	    2507	    1018	       1
2021_05_24	  273626	    2508	     967	       1
2021_05_25	  274594	    2509	     968	       1
2021_05_26	  275562	    2510	     968	       1
2021_05_27	  276530	    2512	     968	       2
2021_05_28	  277498	    2513	     968	       1
2021_05_29	  278466	    2514	     968	       1
2021_05_30	  279434	    2516	     968	       2
2021_05_31	  280320	    2516	     886	       0
2021_06_01	  281206	    2516	     886	       0
2021_06_02	  282092	    2516	     886	       0
2021_06_03	  282978	    2517	     886	       1
2021_06_04	  283864	    2517	     886	       0
2021_06_05	  284750	    2517	     886	       0
2021_06_06	  285636	    2518	     886	       1
2021_06_07	  286196	    2519	     560	       1
2021_06_08	  286756	    2520	     560	       1
2021_06_09	  287317	    2521	     561	       1
2021_06_10	  287877	    2522	     560	       1
2021_06_11	  288438	    2523	     561	       1
2021_06_12	  288998	    2524	     560	       1
2021_06_13	  289559	    2525	     561	       1
