#
# COVID-19 Country file (official WHO count)
# Country = Diamond Princess
# Latitude = 36.0
# Population = 3.750
# Territory = 0.0
# LEB = -999.0
# DPA = -999
# DPA65 = -999
# GDP = -999.0
# GDP_PPP = -999.0
# COVID-19 Mortality = 3466.7
# First_Case = 2020_02_06
# Last_Case = 2021_06_13
# First_Death = 2020_02_20
# Last_Death = 2020_04_17
# Status as of 2021_06_13 = Not applicable
# Vaccine type = Unknown
# Vaccine start = NA
#
Date	Conf_Cases	Conf_Deaths	Daily_Cases	Daily_Deaths
2020_02_06	      20	       0	      20	       0
2020_02_07	      61	       0	      41	       0
2020_02_08	      64	       0	       3	       0
2020_02_09	      64	       0	       0	       0
2020_02_10	      70	       0	       6	       0
2020_02_11	     135	       0	      65	       0
2020_02_12	     175	       0	      40	       0
2020_02_13	     174	       0	      -1	       0
2020_02_14	     218	       0	      44	       0
2020_02_15	     218	       0	       0	       0
2020_02_16	     355	       0	     137	       0
2020_02_17	     454	       0	      99	       0
2020_02_18	     454	       0	       0	       0
2020_02_19	     542	       0	      88	       0
2020_02_20	     621	       2	      79	       2
2020_02_21	     634	       2	      13	       0
2020_02_22	     634	       2	       0	       0
2020_02_23	     634	       2	       0	       0
2020_02_24	     695	       3	      61	       1
2020_02_25	     691	       3	      -4	       0
2020_02_26	     691	       3	       0	       0
2020_02_27	     705	       4	      14	       1
2020_02_28	     705	       4	       0	       0
2020_02_29	     705	       6	       0	       2
2020_03_01	     705	       6	       0	       0
2020_03_02	     706	       6	       1	       0
2020_03_03	     706	       6	       0	       0
2020_03_04	     706	       6	       0	       0
2020_03_05	     706	       6	       0	       0
2020_03_06	     696	       6	     -10	       0
2020_03_07	     696	       6	       0	       0
2020_03_08	     696	       7	       0	       1
2020_03_09	     696	       7	       0	       0
2020_03_10	     696	       7	       0	       0
2020_03_11	     696	       7	       0	       0
2020_03_12	     696	       7	       0	       0
2020_03_13	     696	       7	       0	       0
2020_03_14	     697	       7	       1	       0
2020_03_15	     697	       7	       0	       0
2020_03_16	     712	       7	      15	       0
2020_03_17	     712	       7	       0	       0
2020_03_18	     712	       7	       0	       0
2020_03_19	     712	       7	       0	       0
2020_03_20	     712	       7	       0	       0
2020_03_21	     712	       7	       0	       0
2020_03_22	     712	       7	       0	       0
2020_03_23	     712	       7	       0	       0
2020_03_24	     712	       7	       0	       0
2020_03_25	     712	       7	       0	       0
2020_03_26	     712	       7	       0	       0
2020_03_27	     712	       7	       0	       0
2020_03_28	     712	       7	       0	       0
2020_03_29	     712	       7	       0	       0
2020_03_30	     712	       7	       0	       0
2020_03_31	     712	       7	       0	       0
2020_04_01	     712	       7	       0	       0
2020_04_02	     712	      11	       0	       4
2020_04_03	     712	      11	       0	       0
2020_04_04	     712	      11	       0	       0
2020_04_05	     712	      11	       0	       0
2020_04_06	     712	      11	       0	       0
2020_04_07	     712	      11	       0	       0
2020_04_08	     712	      11	       0	       0
2020_04_09	     712	      11	       0	       0
2020_04_10	     712	      11	       0	       0
2020_04_11	     712	      11	       0	       0
2020_04_12	     712	      11	       0	       0
2020_04_13	     712	      12	       0	       1
2020_04_14	     712	      12	       0	       0
2020_04_15	     712	      12	       0	       0
2020_04_16	     712	      12	       0	       0
2020_04_17	     712	      13	       0	       1
2020_04_18	     712	      13	       0	       0
2020_04_19	     712	      13	       0	       0
2020_04_20	     712	      13	       0	       0
2020_04_21	     712	      13	       0	       0
2020_04_22	     712	      13	       0	       0
2020_04_23	     712	      13	       0	       0
2020_04_24	     712	      13	       0	       0
2020_04_25	     712	      13	       0	       0
2020_04_26	     712	      13	       0	       0
2020_04_27	     712	      13	       0	       0
2020_04_28	     712	      13	       0	       0
2020_04_29	     712	      13	       0	       0
2020_04_30	     712	      13	       0	       0
2020_05_01	     712	      13	       0	       0
2020_05_02	     712	      13	       0	       0
2020_05_03	     712	      13	       0	       0
2020_05_04	     712	      13	       0	       0
2020_05_05	     712	      13	       0	       0
2020_05_06	     712	      13	       0	       0
2020_05_07	     712	      13	       0	       0
2020_05_08	     712	      13	       0	       0
2020_05_09	     712	      13	       0	       0
2020_05_10	     712	      13	       0	       0
2020_05_11	     712	      13	       0	       0
2020_05_12	     712	      13	       0	       0
2020_05_13	     712	      13	       0	       0
2020_05_14	     712	      13	       0	       0
2020_05_15	     712	      13	       0	       0
2020_05_16	     712	      13	       0	       0
2020_05_17	     712	      13	       0	       0
2020_05_18	     712	      13	       0	       0
2020_05_19	     712	      13	       0	       0
2020_05_20	     712	      13	       0	       0
2020_05_21	     712	      13	       0	       0
2020_05_22	     712	      13	       0	       0
2020_05_23	     712	      13	       0	       0
2020_05_24	     712	      13	       0	       0
2020_05_25	     712	      13	       0	       0
2020_05_26	     741	      13	      29	       0
2020_05_27	     741	      13	       0	       0
2020_05_28	     741	      13	       0	       0
2020_05_29	     741	      13	       0	       0
2020_05_30	     741	      13	       0	       0
2020_05_31	     741	      13	       0	       0
2020_06_01	     741	      13	       0	       0
2020_06_02	     741	      13	       0	       0
2020_06_03	     741	      13	       0	       0
2020_06_04	     741	      13	       0	       0
2020_06_05	     741	      13	       0	       0
2020_06_06	     741	      13	       0	       0
2020_06_07	     741	      13	       0	       0
2020_06_08	     741	      13	       0	       0
2020_06_09	     741	      13	       0	       0
2020_06_10	     741	      13	       0	       0
2020_06_11	     741	      13	       0	       0
2020_06_12	     741	      13	       0	       0
2020_06_13	     741	      13	       0	       0
2020_06_14	     741	      13	       0	       0
2020_06_15	     741	      13	       0	       0
2020_06_16	     741	      13	       0	       0
2020_06_17	     741	      13	       0	       0
2020_06_18	     741	      13	       0	       0
2020_06_19	     741	      13	       0	       0
2020_06_20	     741	      13	       0	       0
2020_06_21	     741	      13	       0	       0
2020_06_22	     741	      13	       0	       0
2020_06_23	     741	      13	       0	       0
2020_06_24	     741	      13	       0	       0
2020_06_25	     741	      13	       0	       0
2020_06_26	     741	      13	       0	       0
2020_06_27	     741	      13	       0	       0
2020_06_28	     741	      13	       0	       0
2020_06_29	     741	      13	       0	       0
2020_06_30	     741	      13	       0	       0
2020_07_01	     741	      13	       0	       0
2020_07_02	     741	      13	       0	       0
2020_07_03	     741	      13	       0	       0
2020_07_04	     741	      13	       0	       0
2020_07_05	     741	      13	       0	       0
2020_07_06	     741	      13	       0	       0
2020_07_07	     741	      13	       0	       0
2020_07_08	     741	      13	       0	       0
2020_07_09	     741	      13	       0	       0
2020_07_10	     741	      13	       0	       0
2020_07_11	     741	      13	       0	       0
2020_07_12	     741	      13	       0	       0
2020_07_13	     741	      13	       0	       0
2020_07_14	     741	      13	       0	       0
2020_07_15	     741	      13	       0	       0
2020_07_16	     741	      13	       0	       0
2020_07_17	     741	      13	       0	       0
2020_07_18	     741	      13	       0	       0
2020_07_19	     741	      13	       0	       0
2020_07_20	     741	      13	       0	       0
2020_07_21	     741	      13	       0	       0
2020_07_22	     741	      13	       0	       0
2020_07_23	     741	      13	       0	       0
2020_07_24	     741	      13	       0	       0
2020_07_25	     741	      13	       0	       0
2020_07_26	     741	      13	       0	       0
2020_07_27	     741	      13	       0	       0
2020_07_28	     741	      13	       0	       0
2020_07_29	     741	      13	       0	       0
2020_07_30	     741	      13	       0	       0
2020_07_31	     741	      13	       0	       0
2020_08_01	     741	      13	       0	       0
2020_08_02	     741	      13	       0	       0
2020_08_03	     741	      13	       0	       0
2020_08_04	     741	      13	       0	       0
2020_08_05	     741	      13	       0	       0
2020_08_06	     741	      13	       0	       0
2020_08_07	     741	      13	       0	       0
2020_08_08	     741	      13	       0	       0
2020_08_09	     741	      13	       0	       0
2020_08_10	     741	      13	       0	       0
2020_08_11	     741	      13	       0	       0
2020_08_12	     741	      13	       0	       0
2020_08_13	     741	      13	       0	       0
2020_08_14	     741	      13	       0	       0
2020_08_15	     741	      13	       0	       0
2020_08_16	     741	      13	       0	       0
2020_08_17	     741	      13	       0	       0
2020_08_18	     741	      13	       0	       0
2020_08_19	     741	      13	       0	       0
2020_08_20	     741	      13	       0	       0
2020_08_21	     741	      13	       0	       0
2020_08_22	     741	      13	       0	       0
2020_08_23	     741	      13	       0	       0
2020_08_24	     741	      13	       0	       0
2020_08_25	     741	      13	       0	       0
2020_08_26	     741	      13	       0	       0
2020_08_27	     741	      13	       0	       0
2020_08_28	     741	      13	       0	       0
2020_08_29	     741	      13	       0	       0
2020_08_30	     741	      13	       0	       0
2020_08_31	     741	      13	       0	       0
2020_09_01	     741	      13	       0	       0
2020_09_02	     741	      13	       0	       0
2020_09_03	     741	      13	       0	       0
2020_09_04	     741	      13	       0	       0
2020_09_05	     741	      13	       0	       0
2020_09_06	     741	      13	       0	       0
2020_09_07	     741	      13	       0	       0
2020_09_08	     741	      13	       0	       0
2020_09_09	     741	      13	       0	       0
2020_09_10	     741	      13	       0	       0
2020_09_11	     741	      13	       0	       0
2020_09_12	     741	      13	       0	       0
2020_09_13	     741	      13	       0	       0
2020_09_14	     741	      13	       0	       0
2020_09_15	     741	      13	       0	       0
2020_09_16	     741	      13	       0	       0
2020_09_17	     741	      13	       0	       0
2020_09_18	     741	      13	       0	       0
2020_09_19	     741	      13	       0	       0
2020_09_20	     741	      13	       0	       0
2020_09_21	     741	      13	       0	       0
2020_09_22	     741	      13	       0	       0
2020_09_23	     741	      13	       0	       0
2020_09_24	     741	      13	       0	       0
2020_09_25	     741	      13	       0	       0
2020_09_26	     741	      13	       0	       0
2020_09_27	     741	      13	       0	       0
2020_09_28	     741	      13	       0	       0
2020_09_29	     741	      13	       0	       0
2020_09_30	     741	      13	       0	       0
2020_10_01	     741	      13	       0	       0
2020_10_02	     741	      13	       0	       0
2020_10_03	     741	      13	       0	       0
2020_10_04	     741	      13	       0	       0
2020_10_05	     741	      13	       0	       0
2020_10_06	     741	      13	       0	       0
2020_10_07	     741	      13	       0	       0
2020_10_08	     741	      13	       0	       0
2020_10_09	     741	      13	       0	       0
2020_10_10	     741	      13	       0	       0
2020_10_11	     741	      13	       0	       0
2020_10_12	     741	      13	       0	       0
2020_10_13	     741	      13	       0	       0
2020_10_14	     741	      13	       0	       0
2020_10_15	     741	      13	       0	       0
2020_10_16	     741	      13	       0	       0
2020_10_17	     741	      13	       0	       0
2020_10_18	     741	      13	       0	       0
2020_10_19	     741	      13	       0	       0
2020_10_20	     741	      13	       0	       0
2020_10_21	     741	      13	       0	       0
2020_10_22	     741	      13	       0	       0
2020_10_23	     741	      13	       0	       0
2020_10_24	     741	      13	       0	       0
2020_10_25	     741	      13	       0	       0
2020_10_26	     741	      13	       0	       0
2020_10_27	     741	      13	       0	       0
2020_10_28	     741	      13	       0	       0
2020_10_29	     741	      13	       0	       0
2020_10_30	     741	      13	       0	       0
2020_10_31	     741	      13	       0	       0
2020_11_01	     741	      13	       0	       0
2020_11_02	     741	      13	       0	       0
2020_11_03	     741	      13	       0	       0
2020_11_04	     741	      13	       0	       0
2020_11_05	     741	      13	       0	       0
2020_11_06	     741	      13	       0	       0
2020_11_07	     741	      13	       0	       0
2020_11_08	     741	      13	       0	       0
2020_11_09	     741	      13	       0	       0
2020_11_10	     741	      13	       0	       0
2020_11_11	     741	      13	       0	       0
2020_11_12	     741	      13	       0	       0
2020_11_13	     741	      13	       0	       0
2020_11_14	     741	      13	       0	       0
2020_11_15	     741	      13	       0	       0
2020_11_16	     741	      13	       0	       0
2020_11_17	     741	      13	       0	       0
2020_11_18	     741	      13	       0	       0
2020_11_19	     741	      13	       0	       0
2020_11_20	     741	      13	       0	       0
2020_11_21	     741	      13	       0	       0
2020_11_22	     741	      13	       0	       0
2020_11_23	     741	      13	       0	       0
2020_11_24	     741	      13	       0	       0
2020_11_25	     741	      13	       0	       0
2020_11_26	     741	      13	       0	       0
2020_11_27	     741	      13	       0	       0
2020_11_28	     741	      13	       0	       0
2020_11_29	     741	      13	       0	       0
2020_11_30	     741	      13	       0	       0
2020_12_01	     741	      13	       0	       0
2020_12_02	     741	      13	       0	       0
2020_12_03	     741	      13	       0	       0
2020_12_04	     741	      13	       0	       0
2020_12_05	     741	      13	       0	       0
2020_12_06	     741	      13	       0	       0
2020_12_07	     741	      13	       0	       0
2020_12_08	     741	      13	       0	       0
2020_12_09	     741	      13	       0	       0
2020_12_10	     741	      13	       0	       0
2020_12_11	     741	      13	       0	       0
2020_12_12	     741	      13	       0	       0
2020_12_13	     741	      13	       0	       0
2020_12_14	     741	      13	       0	       0
2020_12_15	     741	      13	       0	       0
2020_12_16	     741	      13	       0	       0
2020_12_17	     741	      13	       0	       0
2020_12_18	     741	      13	       0	       0
2020_12_19	     741	      13	       0	       0
2020_12_20	     741	      13	       0	       0
2020_12_21	     741	      13	       0	       0
2020_12_22	     741	      13	       0	       0
2020_12_23	     741	      13	       0	       0
2020_12_24	     741	      13	       0	       0
2020_12_25	     741	      13	       0	       0
2020_12_26	     741	      13	       0	       0
2020_12_27	     741	      13	       0	       0
2020_12_28	     741	      13	       0	       0
2020_12_29	     741	      13	       0	       0
2020_12_30	     741	      13	       0	       0
2020_12_31	     741	      13	       0	       0
2021_01_01	     741	      13	       0	       0
2021_01_02	     741	      13	       0	       0
2021_01_03	     741	      13	       0	       0
2021_01_04	     741	      13	       0	       0
2021_01_05	     741	      13	       0	       0
2021_01_06	     741	      13	       0	       0
2021_01_07	     741	      13	       0	       0
2021_01_08	     741	      13	       0	       0
2021_01_09	     741	      13	       0	       0
2021_01_10	     741	      13	       0	       0
2021_01_11	     741	      13	       0	       0
2021_01_12	     741	      13	       0	       0
2021_01_13	     741	      13	       0	       0
2021_01_14	     741	      13	       0	       0
2021_01_15	     741	      13	       0	       0
2021_01_16	     741	      13	       0	       0
2021_01_17	     741	      13	       0	       0
2021_01_18	     741	      13	       0	       0
2021_01_19	     741	      13	       0	       0
2021_01_20	     741	      13	       0	       0
2021_01_21	     741	      13	       0	       0
2021_01_22	     741	      13	       0	       0
2021_01_23	     741	      13	       0	       0
2021_01_24	     741	      13	       0	       0
2021_01_25	     741	      13	       0	       0
2021_01_26	     741	      13	       0	       0
2021_01_27	     741	      13	       0	       0
2021_01_28	     741	      13	       0	       0
2021_01_29	     741	      13	       0	       0
2021_01_30	     741	      13	       0	       0
2021_01_31	     741	      13	       0	       0
2021_02_01	     741	      13	       0	       0
2021_02_02	     741	      13	       0	       0
2021_02_03	     741	      13	       0	       0
2021_02_04	     741	      13	       0	       0
2021_02_05	     741	      13	       0	       0
2021_02_06	     741	      13	       0	       0
2021_02_07	     741	      13	       0	       0
2021_02_08	     741	      13	       0	       0
2021_02_09	     741	      13	       0	       0
2021_02_10	     741	      13	       0	       0
2021_02_11	     741	      13	       0	       0
2021_02_12	     741	      13	       0	       0
2021_02_13	     741	      13	       0	       0
2021_02_14	     741	      13	       0	       0
2021_02_15	     741	      13	       0	       0
2021_02_16	     741	      13	       0	       0
2021_02_17	     741	      13	       0	       0
2021_02_18	     741	      13	       0	       0
2021_02_19	     741	      13	       0	       0
2021_02_20	     741	      13	       0	       0
2021_02_21	     741	      13	       0	       0
2021_02_22	     741	      13	       0	       0
2021_02_23	     741	      13	       0	       0
2021_02_24	     741	      13	       0	       0
2021_02_25	     741	      13	       0	       0
2021_02_26	     741	      13	       0	       0
2021_02_27	     741	      13	       0	       0
2021_02_28	     741	      13	       0	       0
2021_03_01	     741	      13	       0	       0
2021_03_02	     741	      13	       0	       0
2021_03_03	     741	      13	       0	       0
2021_03_04	     741	      13	       0	       0
2021_03_05	     741	      13	       0	       0
2021_03_06	     741	      13	       0	       0
2021_03_07	     741	      13	       0	       0
2021_03_08	     741	      13	       0	       0
2021_03_09	     741	      13	       0	       0
2021_03_10	     741	      13	       0	       0
2021_03_11	     741	      13	       0	       0
2021_03_12	     741	      13	       0	       0
2021_03_13	     741	      13	       0	       0
2021_03_14	     741	      13	       0	       0
2021_03_15	     741	      13	       0	       0
2021_03_16	     741	      13	       0	       0
2021_03_17	     741	      13	       0	       0
2021_03_18	     741	      13	       0	       0
2021_03_19	     741	      13	       0	       0
2021_03_20	     741	      13	       0	       0
2021_03_21	     741	      13	       0	       0
2021_03_22	     741	      13	       0	       0
2021_03_23	     741	      13	       0	       0
2021_03_24	     741	      13	       0	       0
2021_03_25	     741	      13	       0	       0
2021_03_26	     741	      13	       0	       0
2021_03_27	     741	      13	       0	       0
2021_03_28	     741	      13	       0	       0
2021_03_29	     741	      13	       0	       0
2021_03_30	     741	      13	       0	       0
2021_03_31	     741	      13	       0	       0
2021_04_01	     741	      13	       0	       0
2021_04_02	     741	      13	       0	       0
2021_04_03	     741	      13	       0	       0
2021_04_04	     741	      13	       0	       0
2021_04_05	     741	      13	       0	       0
2021_04_06	     741	      13	       0	       0
2021_04_07	     741	      13	       0	       0
2021_04_08	     741	      13	       0	       0
2021_04_09	     741	      13	       0	       0
2021_04_10	     741	      13	       0	       0
2021_04_11	     741	      13	       0	       0
2021_04_12	     741	      13	       0	       0
2021_04_13	     741	      13	       0	       0
2021_04_14	     741	      13	       0	       0
2021_04_15	     741	      13	       0	       0
2021_04_16	     741	      13	       0	       0
2021_04_17	     741	      13	       0	       0
2021_04_18	     741	      13	       0	       0
2021_04_19	     741	      13	       0	       0
2021_04_20	     741	      13	       0	       0
2021_04_21	     741	      13	       0	       0
2021_04_22	     741	      13	       0	       0
2021_04_23	     741	      13	       0	       0
2021_04_24	     741	      13	       0	       0
2021_04_25	     741	      13	       0	       0
2021_04_26	     741	      13	       0	       0
2021_04_27	     741	      13	       0	       0
2021_04_28	     741	      13	       0	       0
2021_04_29	     741	      13	       0	       0
2021_04_30	     741	      13	       0	       0
2021_05_01	     741	      13	       0	       0
2021_05_02	     741	      13	       0	       0
2021_05_03	     741	      13	       0	       0
2021_05_04	     741	      13	       0	       0
2021_05_05	     741	      13	       0	       0
2021_05_06	     741	      13	       0	       0
2021_05_07	     741	      13	       0	       0
2021_05_08	     741	      13	       0	       0
2021_05_09	     741	      13	       0	       0
2021_05_10	     741	      13	       0	       0
2021_05_11	     741	      13	       0	       0
2021_05_12	     741	      13	       0	       0
2021_05_13	     741	      13	       0	       0
2021_05_14	     741	      13	       0	       0
2021_05_15	     741	      13	       0	       0
2021_05_16	     741	      13	       0	       0
2021_05_17	     741	      13	       0	       0
2021_05_18	     741	      13	       0	       0
2021_05_19	     741	      13	       0	       0
2021_05_20	     741	      13	       0	       0
2021_05_21	     741	      13	       0	       0
2021_05_22	     741	      13	       0	       0
2021_05_23	     741	      13	       0	       0
2021_05_24	     741	      13	       0	       0
2021_05_25	     741	      13	       0	       0
2021_05_26	     741	      13	       0	       0
2021_05_27	     741	      13	       0	       0
2021_05_28	     741	      13	       0	       0
2021_05_29	     741	      13	       0	       0
2021_05_30	     741	      13	       0	       0
2021_05_31	     741	      13	       0	       0
2021_06_01	     741	      13	       0	       0
2021_06_02	     741	      13	       0	       0
2021_06_03	     741	      13	       0	       0
2021_06_04	     741	      13	       0	       0
2021_06_05	     741	      13	       0	       0
2021_06_06	     741	      13	       0	       0
2021_06_07	     741	      13	       0	       0
2021_06_08	     741	      13	       0	       0
2021_06_09	     741	      13	       0	       0
2021_06_10	     741	      13	       0	       0
2021_06_11	     741	      13	       0	       0
2021_06_12	     741	      13	       0	       0
2021_06_13	     741	      13	       0	       0
