#
# COVID-19 Country file (official WHO count)
# Country = Eswatini
# Latitude = -26.0
# Population = 1439.295
# Territory = 17364.0
# LEB = 60.2
# DPA = 10000
# DPA65 = 2900
# GDP = 3849.0
# GDP_PPP = 10559.0
# COVID-19 Mortality = 469.7
# First_Case = 2020_03_15
# Last_Case = 2021_06_13
# First_Death = 2020_04_17
# Last_Death = 2021_06_13
# Status as of 2021_06_13 = Community transmission
# Vaccine type = Unknown
# Vaccine start = NA
#
Date	Conf_Cases	Conf_Deaths	Daily_Cases	Daily_Deaths
2020_03_15	       1	       0	       1	       0
2020_03_16	       1	       0	       0	       0
2020_03_17	       1	       0	       0	       0
2020_03_18	       1	       0	       0	       0
2020_03_19	       1	       0	       0	       0
2020_03_20	       1	       0	       0	       0
2020_03_21	       1	       0	       0	       0
2020_03_22	       1	       0	       0	       0
2020_03_23	       4	       0	       3	       0
2020_03_24	       4	       0	       0	       0
2020_03_25	       4	       0	       0	       0
2020_03_26	       4	       0	       0	       0
2020_03_27	       6	       0	       2	       0
2020_03_28	       9	       0	       3	       0
2020_03_29	       9	       0	       0	       0
2020_03_30	       9	       0	       0	       0
2020_03_31	       9	       0	       0	       0
2020_04_01	       9	       0	       0	       0
2020_04_02	       9	       0	       0	       0
2020_04_03	       9	       0	       0	       0
2020_04_04	       9	       0	       0	       0
2020_04_05	       9	       0	       0	       0
2020_04_06	       9	       0	       0	       0
2020_04_07	       9	       0	       0	       0
2020_04_08	      10	       0	       1	       0
2020_04_09	      12	       0	       2	       0
2020_04_10	      12	       0	       0	       0
2020_04_11	      12	       0	       0	       0
2020_04_12	      12	       0	       0	       0
2020_04_13	      14	       0	       2	       0
2020_04_14	      14	       0	       0	       0
2020_04_15	      15	       0	       1	       0
2020_04_16	      16	       0	       1	       0
2020_04_17	      16	       1	       0	       1
2020_04_18	      19	       1	       3	       0
2020_04_19	      22	       1	       3	       0
2020_04_20	      22	       1	       0	       0
2020_04_21	      24	       1	       2	       0
2020_04_22	      24	       1	       0	       0
2020_04_23	      31	       1	       7	       0
2020_04_24	      31	       1	       0	       0
2020_04_25	      40	       1	       9	       0
2020_04_26	      56	       1	      16	       0
2020_04_27	      59	       1	       3	       0
2020_04_28	      65	       1	       6	       0
2020_04_29	      71	       1	       6	       0
2020_04_30	      91	       1	      20	       0
2020_05_01	     100	       1	       9	       0
2020_05_02	     106	       1	       6	       0
2020_05_03	     108	       1	       2	       0
2020_05_04	     112	       1	       4	       0
2020_05_05	     116	       1	       4	       0
2020_05_06	     119	       1	       3	       0
2020_05_07	     123	       2	       4	       1
2020_05_08	     153	       2	      30	       0
2020_05_09	     159	       2	       6	       0
2020_05_10	     163	       2	       4	       0
2020_05_11	     172	       2	       9	       0
2020_05_12	     175	       2	       3	       0
2020_05_13	     184	       2	       9	       0
2020_05_14	     187	       2	       3	       0
2020_05_15	     187	       2	       0	       0
2020_05_16	     190	       2	       3	       0
2020_05_17	     202	       2	      12	       0
2020_05_18	     203	       2	       1	       0
2020_05_19	     205	       2	       2	       0
2020_05_20	     208	       2	       3	       0
2020_05_21	     217	       2	       9	       0
2020_05_22	     220	       2	       3	       0
2020_05_23	     225	       2	       5	       0
2020_05_24	     238	       2	      13	       0
2020_05_25	     250	       2	      12	       0
2020_05_26	     256	       2	       6	       0
2020_05_27	     261	       2	       5	       0
2020_05_28	     272	       2	      11	       0
2020_05_29	     279	       2	       7	       0
2020_05_30	     279	       2	       0	       0
2020_05_31	     283	       2	       4	       0
2020_06_01	     285	       2	       2	       0
2020_06_02	     293	       3	       8	       1
2020_06_03	     294	       3	       1	       0
2020_06_04	     295	       3	       1	       0
2020_06_05	     300	       3	       5	       0
2020_06_06	     305	       3	       5	       0
2020_06_07	     322	       3	      17	       0
2020_06_08	     333	       3	      11	       0
2020_06_09	     340	       3	       7	       0
2020_06_10	     371	       3	      31	       0
2020_06_11	     398	       3	      27	       0
2020_06_12	     449	       3	      51	       0
2020_06_13	     472	       3	      23	       0
2020_06_14	     486	       3	      14	       0
2020_06_15	     490	       4	       4	       1
2020_06_16	     506	       4	      16	       0
2020_06_17	     520	       4	      14	       0
2020_06_18	     563	       4	      43	       0
2020_06_19	     586	       4	      23	       0
2020_06_20	     623	       4	      37	       0
2020_06_21	     627	       5	       4	       1
2020_06_22	     635	       5	       8	       0
2020_06_23	     643	       6	       8	       1
2020_06_24	     674	       7	      31	       1
2020_06_25	     690	       7	      16	       0
2020_06_26	     706	       8	      16	       1
2020_06_27	     731	       8	      25	       0
2020_06_28	     745	       8	      14	       0
2020_06_29	     781	      11	      36	       3
2020_06_30	     795	      11	      14	       0
2020_07_01	     812	      11	      17	       0
2020_07_02	     840	      11	      28	       0
2020_07_03	     873	      11	      33	       0
2020_07_04	     909	      13	      36	       2
2020_07_05	     954	      13	      45	       0
2020_07_06	     988	      13	      34	       0
2020_07_07	    1011	      13	      23	       0
2020_07_08	    1056	      14	      45	       1
2020_07_09	    1138	      14	      82	       0
2020_07_10	    1213	      17	      75	       3
2020_07_11	    1257	      18	      44	       1
2020_07_12	    1311	      18	      54	       0
2020_07_13	    1351	      20	      40	       2
2020_07_14	    1389	      20	      38	       0
2020_07_15	    1434	      20	      45	       0
2020_07_16	    1489	      20	      55	       0
2020_07_17	    1552	      21	      63	       1
2020_07_18	    1619	      21	      67	       0
2020_07_19	    1729	      21	     110	       0
2020_07_20	    1793	      21	      64	       0
2020_07_21	    1826	      23	      33	       2
2020_07_22	    1894	      24	      68	       1
2020_07_23	    1938	      25	      44	       1
2020_07_24	    2021	      28	      83	       3
2020_07_25	    2073	      28	      52	       0
2020_07_26	    2073	      28	       0	       0
2020_07_27	    2207	      32	     134	       4
2020_07_28	    2316	      34	     109	       2
2020_07_29	    2404	      39	      88	       5
2020_07_30	    2551	      40	     147	       1
2020_07_31	    2577	      40	      26	       0
2020_08_01	    2648	      40	      71	       0
2020_08_02	    2706	      42	      58	       2
2020_08_03	    2775	      42	      69	       0
2020_08_04	    2838	      42	      63	       0
2020_08_05	    2856	      49	      18	       7
2020_08_06	    2909	      53	      53	       4
2020_08_07	    2968	      55	      59	       2
2020_08_08	    3036	      56	      68	       1
2020_08_09	    3128	      56	      92	       0
2020_08_10	    3236	      58	     108	       2
2020_08_11	    3309	      61	      73	       3
2020_08_12	    3410	      63	     101	       2
2020_08_13	    3525	      63	     115	       0
2020_08_14	    3599	      65	      74	       2
2020_08_15	    3670	      68	      71	       3
2020_08_16	    3745	      69	      75	       1
2020_08_17	    3808	      71	      63	       2
2020_08_18	    3871	      73	      63	       2
2020_08_19	    3935	      75	      64	       2
2020_08_20	    3998	      77	      63	       2
2020_08_21	    4062	      79	      64	       2
2020_08_22	    4125	      81	      63	       2
2020_08_23	    4189	      83	      64	       2
2020_08_24	    4234	      84	      45	       1
2020_08_25	    4280	      85	      46	       1
2020_08_26	    4326	      86	      46	       1
2020_08_27	    4372	      87	      46	       1
2020_08_28	    4418	      88	      46	       1
2020_08_29	    4464	      89	      46	       1
2020_08_30	    4510	      91	      46	       2
2020_08_31	    4554	      91	      44	       0
2020_09_01	    4598	      91	      44	       0
2020_09_02	    4642	      92	      44	       1
2020_09_03	    4686	      92	      44	       0
2020_09_04	    4730	      93	      44	       1
2020_09_05	    4774	      93	      44	       0
2020_09_06	    4819	      94	      45	       1
2020_09_07	    4852	      94	      33	       0
2020_09_08	    4885	      95	      33	       1
2020_09_09	    4918	      95	      33	       0
2020_09_10	    4951	      96	      33	       1
2020_09_11	    4984	      96	      33	       0
2020_09_12	    5017	      97	      33	       1
2020_09_13	    5050	      98	      33	       1
2020_09_14	    5077	      98	      27	       0
2020_09_15	    5105	      99	      28	       1
2020_09_16	    5133	     100	      28	       1
2020_09_17	    5161	     101	      28	       1
2020_09_18	    5189	     102	      28	       1
2020_09_19	    5217	     103	      28	       1
2020_09_20	    5245	     104	      28	       1
2020_09_21	    5269	     104	      24	       0
2020_09_22	    5294	     105	      25	       1
2020_09_23	    5319	     105	      25	       0
2020_09_24	    5344	     106	      25	       1
2020_09_25	    5369	     106	      25	       0
2020_09_26	    5394	     107	      25	       1
2020_09_27	    5419	     108	      25	       1
2020_09_28	    5434	     108	      15	       0
2020_09_29	    5450	     108	      16	       0
2020_09_30	    5466	     109	      16	       1
2020_10_01	    5482	     109	      16	       0
2020_10_02	    5498	     110	      16	       1
2020_10_03	    5514	     110	      16	       0
2020_10_04	    5530	     111	      16	       1
2020_10_05	    5548	     111	      18	       0
2020_10_06	    5567	     111	      19	       0
2020_10_07	    5585	     111	      18	       0
2020_10_08	    5604	     112	      19	       1
2020_10_09	    5622	     112	      18	       0
2020_10_10	    5641	     112	      19	       0
2020_10_11	    5660	     113	      19	       1
2020_10_12	    5678	     113	      18	       0
2020_10_13	    5696	     113	      18	       0
2020_10_14	    5714	     114	      18	       1
2020_10_15	    5733	     114	      19	       0
2020_10_16	    5751	     115	      18	       1
2020_10_17	    5769	     115	      18	       0
2020_10_18	    5788	     116	      19	       1
2020_10_19	    5798	     116	      10	       0
2020_10_20	    5809	     116	      11	       0
2020_10_21	    5820	     116	      11	       0
2020_10_22	    5830	     116	      10	       0
2020_10_23	    5841	     116	      11	       0
2020_10_24	    5852	     116	      11	       0
2020_10_25	    5863	     116	      11	       0
2020_10_26	    5870	     116	       7	       0
2020_10_27	    5878	     116	       8	       0
2020_10_28	    5886	     116	       8	       0
2020_10_29	    5893	     116	       7	       0
2020_10_30	    5901	     116	       8	       0
2020_10_31	    5909	     116	       8	       0
2020_11_01	    5917	     117	       8	       1
2020_11_02	    5927	     117	      10	       0
2020_11_03	    5937	     117	      10	       0
2020_11_04	    5947	     117	      10	       0
2020_11_05	    5958	     117	      11	       0
2020_11_06	    5968	     117	      10	       0
2020_11_07	    5978	     117	      10	       0
2020_11_08	    5989	     117	      11	       0
2020_11_09	    6003	     117	      14	       0
2020_11_10	    6018	     117	      15	       0
2020_11_11	    6033	     117	      15	       0
2020_11_12	    6048	     118	      15	       1
2020_11_13	    6063	     118	      15	       0
2020_11_14	    6078	     118	      15	       0
2020_11_15	    6093	     119	      15	       1
2020_11_16	    6109	     119	      16	       0
2020_11_17	    6125	     119	      16	       0
2020_11_18	    6141	     119	      16	       0
2020_11_19	    6157	     119	      16	       0
2020_11_20	    6173	     119	      16	       0
2020_11_21	    6189	     119	      16	       0
2020_11_22	    6205	     119	      16	       0
2020_11_23	    6233	     119	      28	       0
2020_11_24	    6262	     119	      29	       0
2020_11_25	    6291	     119	      29	       0
2020_11_26	    6319	     120	      28	       1
2020_11_27	    6348	     120	      29	       0
2020_11_28	    6377	     120	      29	       0
2020_11_29	    6406	     121	      29	       1
2020_11_30	    6418	     121	      12	       0
2020_12_01	    6431	     121	      13	       0
2020_12_02	    6444	     121	      13	       0
2020_12_03	    6456	     121	      12	       0
2020_12_04	    6469	     121	      13	       0
2020_12_05	    6482	     121	      13	       0
2020_12_06	    6495	     122	      13	       1
2020_12_07	    6526	     122	      31	       0
2020_12_08	    6557	     123	      31	       1
2020_12_09	    6588	     124	      31	       1
2020_12_10	    6620	     124	      32	       0
2020_12_11	    6651	     125	      31	       1
2020_12_12	    6682	     126	      31	       1
2020_12_13	    6714	     127	      32	       1
2020_12_14	    6798	     128	      84	       1
2020_12_15	    6882	     129	      84	       1
2020_12_16	    6967	     131	      85	       2
2020_12_17	    7051	     132	      84	       1
2020_12_18	    7136	     134	      85	       2
2020_12_19	    7220	     135	      84	       1
2020_12_20	    7305	     137	      85	       2
2020_12_21	    7456	     140	     151	       3
2020_12_22	    7608	     144	     152	       4
2020_12_23	    7760	     148	     152	       4
2020_12_24	    7911	     151	     151	       3
2020_12_25	    8063	     155	     152	       4
2020_12_26	    8215	     159	     152	       4
2020_12_27	    8367	     163	     152	       4
2020_12_28	    8559	     172	     192	       9
2020_12_29	    8751	     181	     192	       9
2020_12_30	    8943	     190	     192	       9
2020_12_31	    9135	     199	     192	       9
2021_01_01	    9327	     208	     192	       9
2021_01_02	    9519	     217	     192	       9
2021_01_03	    9711	     227	     192	      10
2021_01_04	    9920	     236	     209	       9
2021_01_05	   10130	     245	     210	       9
2021_01_06	   10340	     254	     210	       9
2021_01_07	   10550	     263	     210	       9
2021_01_08	   10760	     272	     210	       9
2021_01_09	   10970	     281	     210	       9
2021_01_10	   11180	     291	     210	      10
2021_01_11	   11402	     300	     222	       9
2021_01_12	   11624	     310	     222	      10
2021_01_13	   11846	     320	     222	      10
2021_01_14	   12069	     330	     223	      10
2021_01_15	   12291	     340	     222	      10
2021_01_16	   12513	     350	     222	      10
2021_01_17	   12736	     360	     223	      10
2021_01_18	   12963	     374	     227	      14
2021_01_19	   13191	     388	     228	      14
2021_01_20	   13419	     402	     228	      14
2021_01_21	   13646	     416	     227	      14
2021_01_22	   13874	     430	     228	      14
2021_01_23	   14102	     444	     228	      14
2021_01_24	   14330	     458	     228	      14
2021_01_25	   14520	     472	     190	      14
2021_01_26	   14711	     487	     191	      15
2021_01_27	   14902	     502	     191	      15
2021_01_28	   15093	     517	     191	      15
2021_01_29	   15284	     532	     191	      15
2021_01_30	   15475	     547	     191	      15
2021_01_31	   15666	     562	     191	      15
2021_02_01	   15739	     568	      73	       6
2021_02_02	   15813	     574	      74	       6
2021_02_03	   15886	     580	      73	       6
2021_02_04	   15960	     586	      74	       6
2021_02_05	   16033	     592	      73	       6
2021_02_06	   16107	     598	      74	       6
2021_02_07	   16181	     604	      74	       6
2021_02_08	   16224	     607	      43	       3
2021_02_09	   16268	     611	      44	       4
2021_02_10	   16312	     615	      44	       4
2021_02_11	   16356	     618	      44	       3
2021_02_12	   16400	     622	      44	       4
2021_02_13	   16444	     626	      44	       4
2021_02_14	   16488	     630	      44	       4
2021_02_15	   16527	     632	      39	       2
2021_02_16	   16566	     634	      39	       2
2021_02_17	   16606	     636	      40	       2
2021_02_18	   16645	     638	      39	       2
2021_02_19	   16685	     640	      40	       2
2021_02_20	   16724	     642	      39	       2
2021_02_21	   16764	     645	      40	       3
2021_02_22	   16798	     645	      34	       0
2021_02_23	   16832	     646	      34	       1
2021_02_24	   16866	     647	      34	       1
2021_02_25	   16900	     647	      34	       0
2021_02_26	   16934	     648	      34	       1
2021_02_27	   16968	     649	      34	       1
2021_02_28	   17002	     650	      34	       1
2021_03_01	   17026	     651	      24	       1
2021_03_02	   17050	     652	      24	       1
2021_03_03	   17075	     653	      25	       1
2021_03_04	   17099	     654	      24	       1
2021_03_05	   17124	     655	      25	       1
2021_03_06	   17148	     656	      24	       1
2021_03_07	   17173	     658	      25	       2
2021_03_08	   17181	     658	       8	       0
2021_03_09	   17190	     658	       9	       0
2021_03_10	   17199	     659	       9	       1
2021_03_11	   17207	     659	       8	       0
2021_03_12	   17216	     660	       9	       1
2021_03_13	   17225	     660	       9	       0
2021_03_14	   17234	     661	       9	       1
2021_03_15	   17241	     661	       7	       0
2021_03_16	   17248	     662	       7	       1
2021_03_17	   17255	     662	       7	       0
2021_03_18	   17262	     663	       7	       1
2021_03_19	   17269	     663	       7	       0
2021_03_20	   17276	     664	       7	       1
2021_03_21	   17283	     665	       7	       1
2021_03_22	   17288	     665	       5	       0
2021_03_23	   17293	     665	       5	       0
2021_03_24	   17298	     665	       5	       0
2021_03_25	   17303	     665	       5	       0
2021_03_26	   17308	     665	       5	       0
2021_03_27	   17313	     665	       5	       0
2021_03_28	   17318	     666	       5	       1
2021_03_29	   17322	     666	       4	       0
2021_03_30	   17326	     666	       4	       0
2021_03_31	   17330	     666	       4	       0
2021_04_01	   17334	     667	       4	       1
2021_04_02	   17338	     667	       4	       0
2021_04_03	   17342	     667	       4	       0
2021_04_04	   17347	     668	       5	       1
2021_04_05	   17350	     668	       3	       0
2021_04_06	   17354	     668	       4	       0
2021_04_07	   17358	     668	       4	       0
2021_04_08	   17361	     668	       3	       0
2021_04_09	   17365	     668	       4	       0
2021_04_10	   17369	     668	       4	       0
2021_04_11	   17373	     669	       4	       1
2021_04_12	   17521	     669	     148	       0
2021_04_13	   17670	     669	     149	       0
2021_04_14	   17819	     669	     149	       0
2021_04_15	   17968	     670	     149	       1
2021_04_16	   18117	     670	     149	       0
2021_04_17	   18266	     670	     149	       0
2021_04_18	   18415	     671	     149	       1
2021_04_19	   18418	     671	       3	       0
2021_04_20	   18422	     671	       4	       0
2021_04_21	   18425	     671	       3	       0
2021_04_22	   18429	     671	       4	       0
2021_04_23	   18432	     671	       3	       0
2021_04_24	   18436	     671	       4	       0
2021_04_25	   18440	     671	       4	       0
2021_04_26	   18442	     671	       2	       0
2021_04_27	   18445	     671	       3	       0
2021_04_28	   18447	     671	       2	       0
2021_04_29	   18450	     671	       3	       0
2021_04_30	   18452	     671	       2	       0
2021_05_01	   18455	     671	       3	       0
2021_05_02	   18458	     671	       3	       0
2021_05_03	   18460	     671	       2	       0
2021_05_04	   18463	     671	       3	       0
2021_05_05	   18466	     671	       3	       0
2021_05_06	   18468	     671	       2	       0
2021_05_07	   18471	     671	       3	       0
2021_05_08	   18474	     671	       3	       0
2021_05_09	   18477	     671	       3	       0
2021_05_10	   18483	     671	       6	       0
2021_05_11	   18489	     671	       6	       0
2021_05_12	   18495	     671	       6	       0
2021_05_13	   18501	     671	       6	       0
2021_05_14	   18507	     671	       6	       0
2021_05_15	   18513	     671	       6	       0
2021_05_16	   18519	     672	       6	       1
2021_05_17	   18523	     672	       4	       0
2021_05_18	   18527	     672	       4	       0
2021_05_19	   18532	     672	       5	       0
2021_05_20	   18536	     672	       4	       0
2021_05_21	   18541	     672	       5	       0
2021_05_22	   18545	     672	       4	       0
2021_05_23	   18550	     672	       5	       0
2021_05_24	   18555	     672	       5	       0
2021_05_25	   18561	     672	       6	       0
2021_05_26	   18566	     672	       5	       0
2021_05_27	   18572	     672	       6	       0
2021_05_28	   18577	     672	       5	       0
2021_05_29	   18583	     672	       6	       0
2021_05_30	   18589	     672	       6	       0
2021_05_31	   18595	     672	       6	       0
2021_06_01	   18602	     672	       7	       0
2021_06_02	   18609	     672	       7	       0
2021_06_03	   18615	     672	       6	       0
2021_06_04	   18622	     672	       7	       0
2021_06_05	   18629	     672	       7	       0
2021_06_06	   18636	     673	       7	       1
2021_06_07	   18649	     673	      13	       0
2021_06_08	   18663	     673	      14	       0
2021_06_09	   18677	     674	      14	       1
2021_06_10	   18690	     674	      13	       0
2021_06_11	   18704	     675	      14	       1
2021_06_12	   18718	     675	      14	       0
2021_06_13	   18732	     676	      14	       1
