#
# COVID-19 Country file (official WHO count)
# Country = Georgia
# Latitude = 42.0
# Population = 3898.529
# Territory = 69700.0
# LEB = 73.8
# DPA = 51000
# DPA65 = 37740
# GDP = 4294.0
# GDP_PPP = 11935.0
# COVID-19 Mortality = 1294.8
# First_Case = 2020_02_27
# Last_Case = 2021_06_13
# First_Death = 2020_04_05
# Last_Death = 2021_06_13
# Status as of 2021_06_13 = Community transmission
# Vaccine type = Unknown
# Vaccine start = NA
#
Date	Conf_Cases	Conf_Deaths	Daily_Cases	Daily_Deaths
2020_02_27	       1	       0	       1	       0
2020_02_28	       1	       0	       0	       0
2020_02_29	       2	       0	       1	       0
2020_03_01	       3	       0	       1	       0
2020_03_02	       3	       0	       0	       0
2020_03_03	       3	       0	       0	       0
2020_03_04	       3	       0	       0	       0
2020_03_05	       3	       0	       0	       0
2020_03_06	       9	       0	       6	       0
2020_03_07	       9	       0	       0	       0
2020_03_08	      12	       0	       3	       0
2020_03_09	      13	       0	       1	       0
2020_03_10	      15	       0	       2	       0
2020_03_11	      23	       0	       8	       0
2020_03_12	      23	       0	       0	       0
2020_03_13	      25	       0	       2	       0
2020_03_14	      25	       0	       0	       0
2020_03_15	      30	       0	       5	       0
2020_03_16	      33	       0	       3	       0
2020_03_17	      33	       0	       0	       0
2020_03_18	      34	       0	       1	       0
2020_03_19	      38	       0	       4	       0
2020_03_20	      38	       0	       0	       0
2020_03_21	      43	       0	       5	       0
2020_03_22	      49	       0	       6	       0
2020_03_23	      54	       0	       5	       0
2020_03_24	      67	       0	      13	       0
2020_03_25	      73	       0	       6	       0
2020_03_26	      77	       0	       4	       0
2020_03_27	      81	       0	       4	       0
2020_03_28	      85	       0	       4	       0
2020_03_29	      90	       0	       5	       0
2020_03_30	      98	       0	       8	       0
2020_03_31	     103	       0	       5	       0
2020_04_01	     115	       0	      12	       0
2020_04_02	     121	       0	       6	       0
2020_04_03	     148	       0	      27	       0
2020_04_04	     157	       0	       9	       0
2020_04_05	     170	       1	      13	       1
2020_04_06	     188	       2	      18	       1
2020_04_07	     195	       2	       7	       0
2020_04_08	     208	       3	      13	       1
2020_04_09	     214	       3	       6	       0
2020_04_10	     230	       3	      16	       0
2020_04_11	     233	       3	       3	       0
2020_04_12	     252	       3	      19	       0
2020_04_13	     266	       3	      14	       0
2020_04_14	     296	       3	      30	       0
2020_04_15	     306	       3	      10	       0
2020_04_16	     336	       3	      30	       0
2020_04_17	     370	       3	      34	       0
2020_04_18	     385	       3	      15	       0
2020_04_19	     394	       4	       9	       1
2020_04_20	     399	       4	       5	       0
2020_04_21	     408	       4	       9	       0
2020_04_22	     411	       5	       3	       1
2020_04_23	     420	       5	       9	       0
2020_04_24	     431	       5	      11	       0
2020_04_25	     456	       5	      25	       0
2020_04_26	     485	       5	      29	       0
2020_04_27	     496	       6	      11	       1
2020_04_28	     511	       6	      15	       0
2020_04_29	     517	       6	       6	       0
2020_04_30	     539	       6	      22	       0
2020_05_01	     566	       6	      27	       0
2020_05_02	     582	       8	      16	       2
2020_05_03	     589	       8	       7	       0
2020_05_04	     593	       9	       4	       1
2020_05_05	     604	       9	      11	       0
2020_05_06	     610	       9	       6	       0
2020_05_07	     614	       9	       4	       0
2020_05_08	     623	       9	       9	       0
2020_05_09	     626	      10	       3	       1
2020_05_10	     635	      10	       9	       0
2020_05_11	     638	      10	       3	       0
2020_05_12	     639	      11	       1	       1
2020_05_13	     642	      11	       3	       0
2020_05_14	     652	      11	      10	       0
2020_05_15	     671	      12	      19	       1
2020_05_16	     677	      12	       6	       0
2020_05_17	     695	      12	      18	       0
2020_05_18	     701	      12	       6	       0
2020_05_19	     702	      12	       1	       0
2020_05_20	     713	      12	      11	       0
2020_05_21	     721	      12	       8	       0
2020_05_22	     723	      12	       2	       0
2020_05_23	     723	      12	       0	       0
2020_05_24	     730	      12	       7	       0
2020_05_25	     731	      12	       1	       0
2020_05_26	     732	      12	       1	       0
2020_05_27	     735	      12	       3	       0
2020_05_28	     738	      12	       3	       0
2020_05_29	     746	      12	       8	       0
2020_05_30	     757	      12	      11	       0
2020_05_31	     783	      12	      26	       0
2020_06_01	     794	      12	      11	       0
2020_06_02	     796	      12	       2	       0
2020_06_03	     800	      13	       4	       1
2020_06_04	     801	      13	       1	       0
2020_06_05	     806	      13	       5	       0
2020_06_06	     808	      13	       2	       0
2020_06_07	     809	      13	       1	       0
2020_06_08	     810	      13	       1	       0
2020_06_09	     818	      13	       8	       0
2020_06_10	     822	      13	       4	       0
2020_06_11	     828	      13	       6	       0
2020_06_12	     837	      13	       9	       0
2020_06_13	     851	      13	      14	       0
2020_06_14	     864	      14	      13	       1
2020_06_15	     879	      14	      15	       0
2020_06_16	     879	      14	       0	       0
2020_06_17	     888	      14	       9	       0
2020_06_18	     893	      14	       5	       0
2020_06_19	     895	      14	       2	       0
2020_06_20	     898	      14	       3	       0
2020_06_21	     906	      14	       8	       0
2020_06_22	     908	      14	       2	       0
2020_06_23	     911	      14	       3	       0
2020_06_24	     914	      14	       3	       0
2020_06_25	     917	      14	       3	       0
2020_06_26	     919	      14	       2	       0
2020_06_27	     921	      14	       2	       0
2020_06_28	     924	      15	       3	       1
2020_06_29	     926	      15	       2	       0
2020_06_30	     928	      15	       2	       0
2020_07_01	     931	      15	       3	       0
2020_07_02	     939	      15	       8	       0
2020_07_03	     943	      15	       4	       0
2020_07_04	     946	      15	       3	       0
2020_07_05	     951	      15	       5	       0
2020_07_06	     953	      15	       2	       0
2020_07_07	     958	      15	       5	       0
2020_07_08	     963	      15	       5	       0
2020_07_09	     968	      15	       5	       0
2020_07_10	     973	      15	       5	       0
2020_07_11	     981	      15	       8	       0
2020_07_12	     986	      15	       5	       0
2020_07_13	     995	      15	       9	       0
2020_07_14	     999	      15	       4	       0
2020_07_15	    1003	      15	       4	       0
2020_07_16	    1006	      15	       3	       0
2020_07_17	    1010	      15	       4	       0
2020_07_18	    1018	      15	       8	       0
2020_07_19	    1028	      15	      10	       0
2020_07_20	    1039	      15	      11	       0
2020_07_21	    1049	      16	      10	       1
2020_07_22	    1073	      16	      24	       0
2020_07_23	    1085	      16	      12	       0
2020_07_24	    1104	      16	      19	       0
2020_07_25	    1117	      16	      13	       0
2020_07_26	    1117	      16	       0	       0
2020_07_27	    1137	      16	      20	       0
2020_07_28	    1145	      16	       8	       0
2020_07_29	    1155	      16	      10	       0
2020_07_30	    1160	      17	       5	       1
2020_07_31	    1168	      17	       8	       0
2020_08_01	    1171	      17	       3	       0
2020_08_02	    1177	      17	       6	       0
2020_08_03	    1179	      17	       2	       0
2020_08_04	    1182	      17	       3	       0
2020_08_05	    1197	      17	      15	       0
2020_08_06	    1206	      17	       9	       0
2020_08_07	    1213	      17	       7	       0
2020_08_08	    1216	      17	       3	       0
2020_08_09	    1225	      17	       9	       0
2020_08_10	    1250	      17	      25	       0
2020_08_11	    1264	      17	      14	       0
2020_08_12	    1278	      17	      14	       0
2020_08_13	    1283	      17	       5	       0
2020_08_14	    1306	      17	      23	       0
2020_08_15	    1321	      17	      15	       0
2020_08_16	    1336	      17	      15	       0
2020_08_17	    1346	      17	      10	       0
2020_08_18	    1357	      17	      11	       0
2020_08_19	    1368	      17	      11	       0
2020_08_20	    1378	      17	      10	       0
2020_08_21	    1389	      17	      11	       0
2020_08_22	    1400	      17	      11	       0
2020_08_23	    1411	      17	      11	       0
2020_08_24	    1419	      17	       8	       0
2020_08_25	    1427	      17	       8	       0
2020_08_26	    1435	      17	       8	       0
2020_08_27	    1444	      18	       9	       1
2020_08_28	    1452	      18	       8	       0
2020_08_29	    1460	      18	       8	       0
2020_08_30	    1469	      19	       9	       1
2020_08_31	    1499	      19	      30	       0
2020_09_01	    1529	      19	      30	       0
2020_09_02	    1559	      19	      30	       0
2020_09_03	    1589	      19	      30	       0
2020_09_04	    1619	      19	      30	       0
2020_09_05	    1649	      19	      30	       0
2020_09_06	    1679	      19	      30	       0
2020_09_07	    1757	      19	      78	       0
2020_09_08	    1835	      19	      78	       0
2020_09_09	    1913	      19	      78	       0
2020_09_10	    1992	      19	      79	       0
2020_09_11	    2070	      19	      78	       0
2020_09_12	    2148	      19	      78	       0
2020_09_13	    2227	      19	      79	       0
2020_09_14	    2409	      19	     182	       0
2020_09_15	    2591	      19	     182	       0
2020_09_16	    2773	      19	     182	       0
2020_09_17	    2955	      19	     182	       0
2020_09_18	    3137	      19	     182	       0
2020_09_19	    3319	      19	     182	       0
2020_09_20	    3502	      19	     183	       0
2020_09_21	    3752	      20	     250	       1
2020_09_22	    4002	      21	     250	       1
2020_09_23	    4252	      22	     250	       1
2020_09_24	    4503	      24	     251	       2
2020_09_25	    4753	      25	     250	       1
2020_09_26	    5003	      26	     250	       1
2020_09_27	    5254	      28	     251	       2
2020_09_28	    5663	      31	     409	       3
2020_09_29	    6072	      34	     409	       3
2020_09_30	    6481	      37	     409	       3
2020_10_01	    6890	      40	     409	       3
2020_10_02	    7299	      43	     409	       3
2020_10_03	    7708	      46	     409	       3
2020_10_04	    8118	      50	     410	       4
2020_10_05	    8643	      55	     525	       5
2020_10_06	    9168	      60	     525	       5
2020_10_07	    9693	      65	     525	       5
2020_10_08	   10218	      70	     525	       5
2020_10_09	   10743	      75	     525	       5
2020_10_10	   11268	      80	     525	       5
2020_10_11	   11794	      85	     526	       5
2020_10_12	   12775	      93	     981	       8
2020_10_13	   13756	     101	     981	       8
2020_10_14	   14737	     109	     981	       8
2020_10_15	   15719	     118	     982	       9
2020_10_16	   16700	     126	     981	       8
2020_10_17	   17681	     134	     981	       8
2020_10_18	   18663	     143	     982	       9
2020_10_19	   20586	     156	    1923	      13
2020_10_20	   22509	     170	    1923	      14
2020_10_21	   24433	     183	    1924	      13
2020_10_22	   26356	     197	    1923	      14
2020_10_23	   28280	     210	    1924	      13
2020_10_24	   30203	     224	    1923	      14
2020_10_25	   32127	     238	    1924	      14
2020_10_26	   33355	     251	    1228	      13
2020_10_27	   34584	     265	    1229	      14
2020_10_28	   35812	     279	    1228	      14
2020_10_29	   37041	     293	    1229	      14
2020_10_30	   38269	     307	    1228	      14
2020_10_31	   39498	     321	    1229	      14
2020_11_01	   40727	     335	    1229	      14
2020_11_02	   43159	     355	    2432	      20
2020_11_03	   45591	     375	    2432	      20
2020_11_04	   48023	     395	    2432	      20
2020_11_05	   50456	     415	    2433	      20
2020_11_06	   52888	     435	    2432	      20
2020_11_07	   55320	     455	    2432	      20
2020_11_08	   57753	     475	    2433	      20
2020_11_09	   60885	     507	    3132	      32
2020_11_10	   64017	     540	    3132	      33
2020_11_11	   67149	     572	    3132	      32
2020_11_12	   70281	     605	    3132	      33
2020_11_13	   73413	     637	    3132	      32
2020_11_14	   76545	     670	    3132	      33
2020_11_15	   79678	     703	    3133	      33
2020_11_16	   83257	     742	    3579	      39
2020_11_17	   86836	     781	    3579	      39
2020_11_18	   90415	     820	    3579	      39
2020_11_19	   93994	     859	    3579	      39
2020_11_20	   97573	     898	    3579	      39
2020_11_21	  101152	     937	    3579	      39
2020_11_22	  104732	     976	    3580	      39
2020_11_23	  108680	    1012	    3948	      36
2020_11_24	  112628	    1048	    3948	      36
2020_11_25	  116576	    1084	    3948	      36
2020_11_26	  120524	    1121	    3948	      37
2020_11_27	  124472	    1157	    3948	      36
2020_11_28	  128420	    1193	    3948	      36
2020_11_29	  132368	    1230	    3948	      37
2020_11_30	  136669	    1269	    4301	      39
2020_12_01	  140970	    1308	    4301	      39
2020_12_02	  145271	    1347	    4301	      39
2020_12_03	  149572	    1386	    4301	      39
2020_12_04	  153873	    1425	    4301	      39
2020_12_05	  158174	    1464	    4301	      39
2020_12_06	  162475	    1504	    4301	      40
2020_12_07	  166368	    1544	    3893	      40
2020_12_08	  170261	    1585	    3893	      41
2020_12_09	  174154	    1626	    3893	      41
2020_12_10	  178047	    1667	    3893	      41
2020_12_11	  181940	    1708	    3893	      41
2020_12_12	  185833	    1749	    3893	      41
2020_12_13	  189726	    1790	    3893	      41
2020_12_14	  192427	    1833	    2701	      43
2020_12_15	  195129	    1876	    2702	      43
2020_12_16	  197831	    1920	    2702	      44
2020_12_17	  200532	    1963	    2701	      43
2020_12_18	  203234	    2007	    2702	      44
2020_12_19	  205936	    2050	    2702	      43
2020_12_20	  208638	    2094	    2702	      44
2020_12_21	  210490	    2134	    1852	      40
2020_12_22	  212342	    2174	    1852	      40
2020_12_23	  214195	    2215	    1853	      41
2020_12_24	  216047	    2255	    1852	      40
2020_12_25	  217900	    2296	    1853	      41
2020_12_26	  219752	    2336	    1852	      40
2020_12_27	  221605	    2377	    1853	      41
2020_12_28	  222685	    2409	    1080	      32
2020_12_29	  223766	    2441	    1081	      32
2020_12_30	  224846	    2473	    1080	      32
2020_12_31	  225927	    2506	    1081	      33
2021_01_01	  227007	    2538	    1080	      32
2021_01_02	  228088	    2570	    1081	      32
2021_01_03	  229169	    2603	    1081	      33
2021_01_04	  230606	    2627	    1437	      24
2021_01_05	  232043	    2651	    1437	      24
2021_01_06	  233480	    2675	    1437	      24
2021_01_07	  234917	    2700	    1437	      25
2021_01_08	  236354	    2724	    1437	      24
2021_01_09	  237791	    2748	    1437	      24
2021_01_10	  239229	    2773	    1438	      25
2021_01_11	  240454	    2795	    1225	      22
2021_01_12	  241679	    2818	    1225	      23
2021_01_13	  242904	    2841	    1225	      23
2021_01_14	  244129	    2864	    1225	      23
2021_01_15	  245354	    2887	    1225	      23
2021_01_16	  246579	    2910	    1225	      23
2021_01_17	  247805	    2933	    1226	      23
2021_01_18	  248621	    2950	     816	      17
2021_01_19	  249437	    2967	     816	      17
2021_01_20	  250253	    2985	     816	      18
2021_01_21	  251069	    3002	     816	      17
2021_01_22	  251885	    3020	     816	      18
2021_01_23	  252701	    3037	     816	      17
2021_01_24	  253518	    3055	     817	      18
2021_01_25	  254174	    3072	     656	      17
2021_01_26	  254830	    3090	     656	      18
2021_01_27	  255486	    3107	     656	      17
2021_01_28	  256142	    3125	     656	      18
2021_01_29	  256798	    3142	     656	      17
2021_01_30	  257454	    3160	     656	      18
2021_01_31	  258111	    3178	     657	      18
2021_02_01	  258670	    3193	     559	      15
2021_02_02	  259229	    3208	     559	      15
2021_02_03	  259788	    3223	     559	      15
2021_02_04	  260347	    3238	     559	      15
2021_02_05	  260906	    3253	     559	      15
2021_02_06	  261465	    3268	     559	      15
2021_02_07	  262024	    3283	     559	      15
2021_02_08	  262528	    3292	     504	       9
2021_02_09	  263033	    3302	     505	      10
2021_02_10	  263538	    3312	     505	      10
2021_02_11	  264042	    3322	     504	      10
2021_02_12	  264547	    3332	     505	      10
2021_02_13	  265052	    3342	     505	      10
2021_02_14	  265557	    3352	     505	      10
2021_02_15	  265956	    3363	     399	      11
2021_02_16	  266356	    3375	     400	      12
2021_02_17	  266756	    3387	     400	      12
2021_02_18	  267155	    3399	     399	      12
2021_02_19	  267555	    3411	     400	      12
2021_02_20	  267955	    3423	     400	      12
2021_02_21	  268355	    3435	     400	      12
2021_02_22	  268698	    3445	     343	      10
2021_02_23	  269041	    3456	     343	      11
2021_02_24	  269384	    3467	     343	      11
2021_02_25	  269728	    3477	     344	      10
2021_02_26	  270071	    3488	     343	      11
2021_02_27	  270414	    3499	     343	      11
2021_02_28	  270758	    3510	     344	      11
2021_03_01	  271057	    3519	     299	       9
2021_03_02	  271356	    3528	     299	       9
2021_03_03	  271655	    3538	     299	      10
2021_03_04	  271954	    3547	     299	       9
2021_03_05	  272253	    3557	     299	      10
2021_03_06	  272552	    3566	     299	       9
2021_03_07	  272851	    3576	     299	      10
2021_03_08	  273156	    3586	     305	      10
2021_03_09	  273461	    3596	     305	      10
2021_03_10	  273767	    3606	     306	      10
2021_03_11	  274072	    3617	     305	      11
2021_03_12	  274378	    3627	     306	      10
2021_03_13	  274683	    3637	     305	      10
2021_03_14	  274989	    3648	     306	      11
2021_03_15	  275344	    3655	     355	       7
2021_03_16	  275700	    3662	     356	       7
2021_03_17	  276056	    3670	     356	       8
2021_03_18	  276412	    3677	     356	       7
2021_03_19	  276768	    3685	     356	       8
2021_03_20	  277124	    3692	     356	       7
2021_03_21	  277480	    3700	     356	       8
2021_03_22	  277883	    3707	     403	       7
2021_03_23	  278286	    3714	     403	       7
2021_03_24	  278689	    3721	     403	       7
2021_03_25	  279092	    3729	     403	       8
2021_03_26	  279495	    3736	     403	       7
2021_03_27	  279898	    3743	     403	       7
2021_03_28	  280301	    3751	     403	       8
2021_03_29	  280805	    3759	     504	       8
2021_03_30	  281310	    3768	     505	       9
2021_03_31	  281814	    3776	     504	       8
2021_04_01	  282319	    3785	     505	       9
2021_04_02	  282823	    3793	     504	       8
2021_04_03	  283328	    3802	     505	       9
2021_04_04	  283833	    3811	     505	       9
2021_04_05	  284484	    3820	     651	       9
2021_04_06	  285136	    3829	     652	       9
2021_04_07	  285788	    3839	     652	      10
2021_04_08	  286440	    3848	     652	       9
2021_04_09	  287092	    3858	     652	      10
2021_04_10	  287744	    3867	     652	       9
2021_04_11	  288396	    3877	     652	      10
2021_04_12	  289390	    3885	     994	       8
2021_04_13	  290385	    3894	     995	       9
2021_04_14	  291379	    3903	     994	       9
2021_04_15	  292374	    3912	     995	       9
2021_04_16	  293368	    3921	     994	       9
2021_04_17	  294363	    3930	     995	       9
2021_04_18	  295358	    3939	     995	       9
2021_04_19	  296557	    3951	    1199	      12
2021_04_20	  297756	    3963	    1199	      12
2021_04_21	  298955	    3975	    1199	      12
2021_04_22	  300154	    3988	    1199	      13
2021_04_23	  301353	    4000	    1199	      12
2021_04_24	  302552	    4012	    1199	      12
2021_04_25	  303751	    4025	    1199	      13
2021_04_26	  304993	    4043	    1242	      18
2021_04_27	  306235	    4061	    1242	      18
2021_04_28	  307477	    4079	    1242	      18
2021_04_29	  308719	    4097	    1242	      18
2021_04_30	  309961	    4115	    1242	      18
2021_05_01	  311203	    4133	    1242	      18
2021_05_02	  312445	    4151	    1242	      18
2021_05_03	  313798	    4169	    1353	      18
2021_05_04	  315151	    4188	    1353	      19
2021_05_05	  316505	    4206	    1354	      18
2021_05_06	  317858	    4225	    1353	      19
2021_05_07	  319212	    4243	    1354	      18
2021_05_08	  320565	    4262	    1353	      19
2021_05_09	  321919	    4281	    1354	      19
2021_05_10	  323127	    4304	    1208	      23
2021_05_11	  324335	    4327	    1208	      23
2021_05_12	  325543	    4350	    1208	      23
2021_05_13	  326751	    4373	    1208	      23
2021_05_14	  327959	    4396	    1208	      23
2021_05_15	  329167	    4419	    1208	      23
2021_05_16	  330375	    4442	    1208	      23
2021_05_17	  331403	    4467	    1028	      25
2021_05_18	  332431	    4493	    1028	      26
2021_05_19	  333459	    4519	    1028	      26
2021_05_20	  334488	    4544	    1029	      25
2021_05_21	  335516	    4570	    1028	      26
2021_05_22	  336544	    4596	    1028	      26
2021_05_23	  337573	    4622	    1029	      26
2021_05_24	  338434	    4641	     861	      19
2021_05_25	  339295	    4660	     861	      19
2021_05_26	  340157	    4679	     862	      19
2021_05_27	  341018	    4699	     861	      20
2021_05_28	  341880	    4718	     862	      19
2021_05_29	  342741	    4737	     861	      19
2021_05_30	  343603	    4757	     862	      20
2021_05_31	  344388	    4778	     785	      21
2021_06_01	  345173	    4800	     785	      22
2021_06_02	  345958	    4822	     785	      22
2021_06_03	  346743	    4844	     785	      22
2021_06_04	  347528	    4866	     785	      22
2021_06_05	  348313	    4888	     785	      22
2021_06_06	  349098	    4910	     785	      22
2021_06_07	  349793	    4929	     695	      19
2021_06_08	  350488	    4949	     695	      20
2021_06_09	  351183	    4969	     695	      20
2021_06_10	  351879	    4988	     696	      19
2021_06_11	  352574	    5008	     695	      20
2021_06_12	  353269	    5028	     695	      20
2021_06_13	  353965	    5048	     696	      20
