#
# COVID-19 Country file (official WHO count)
# Country = Greece
# Latitude = 38.0
# Population = 11102.572
# Territory = 131990.0
# LEB = 82.2
# DPA = 115000
# DPA65 = 98900
# GDP = 19499.0
# GDP_PPP = 29669.0
# COVID-19 Mortality = 1117.3
# First_Case = 2020_02_27
# Last_Case = 2021_06_13
# First_Death = 2020_03_12
# Last_Death = 2021_06_13
# Status as of 2021_06_13 = Community transmission
# Vaccine type = Moderna, Oxford/AstraZeneca, Pfizer/BioNTech
# Vaccine start = 2020_12_28
#
Date	Conf_Cases	Conf_Deaths	Daily_Cases	Daily_Deaths
2020_02_27	       1	       0	       1	       0
2020_02_28	       3	       0	       2	       0
2020_02_29	       3	       0	       0	       0
2020_03_01	       3	       0	       0	       0
2020_03_02	       7	       0	       4	       0
2020_03_03	       7	       0	       0	       0
2020_03_04	       7	       0	       0	       0
2020_03_05	       9	       0	       2	       0
2020_03_06	      32	       0	      23	       0
2020_03_07	      32	       0	       0	       0
2020_03_08	      66	       0	      34	       0
2020_03_09	      73	       0	       7	       0
2020_03_10	      73	       0	       0	       0
2020_03_11	      89	       0	      16	       0
2020_03_12	      98	       1	       9	       1
2020_03_13	      98	       1	       0	       0
2020_03_14	      98	       1	       0	       0
2020_03_15	     228	       2	     130	       1
2020_03_16	     331	       4	     103	       2
2020_03_17	     331	       4	       0	       0
2020_03_18	     387	       4	      56	       0
2020_03_19	     418	       5	      31	       1
2020_03_20	     418	       5	       0	       0
2020_03_21	     495	       8	      77	       3
2020_03_22	     530	      13	      35	       5
2020_03_23	     624	      15	      94	       2
2020_03_24	     695	      17	      71	       2
2020_03_25	     743	      20	      48	       3
2020_03_26	     821	      22	      78	       2
2020_03_27	     892	      26	      71	       4
2020_03_28	     966	      28	      74	       2
2020_03_29	    1061	      32	      95	       4
2020_03_30	    1156	      38	      95	       6
2020_03_31	    1212	      43	      56	       5
2020_04_01	    1314	      49	     102	       6
2020_04_02	    1375	      50	      61	       1
2020_04_03	    1514	      53	     139	       3
2020_04_04	    1613	      59	      99	       6
2020_04_05	    1673	      68	      60	       9
2020_04_06	    1735	      73	      62	       5
2020_04_07	    1755	      79	      20	       6
2020_04_08	    1832	      81	      77	       2
2020_04_09	    1884	      83	      52	       2
2020_04_10	    1955	      86	      71	       3
2020_04_11	    2011	      90	      56	       4
2020_04_12	    2081	      93	      70	       3
2020_04_13	    2114	      98	      33	       5
2020_04_14	    2145	      99	      31	       1
2020_04_15	    2170	     101	      25	       2
2020_04_16	    2192	     102	      22	       1
2020_04_17	    2207	     105	      15	       3
2020_04_18	    2207	     105	       0	       0
2020_04_19	    2207	     105	       0	       0
2020_04_20	    2235	     110	      28	       5
2020_04_21	    2245	     116	      10	       6
2020_04_22	    2401	     121	     156	       5
2020_04_23	    2408	     121	       7	       0
2020_04_24	    2463	     125	      55	       4
2020_04_25	    2490	     130	      27	       5
2020_04_26	    2506	     130	      16	       0
2020_04_27	    2506	     130	       0	       0
2020_04_28	    2534	     136	      28	       6
2020_04_29	    2534	     136	       0	       0
2020_04_30	    2576	     139	      42	       3
2020_05_01	    2591	     140	      15	       1
2020_05_02	    2591	     140	       0	       0
2020_05_03	    2620	     143	      29	       3
2020_05_04	    2626	     144	       6	       1
2020_05_05	    2632	     146	       6	       2
2020_05_06	    2642	     146	      10	       0
2020_05_07	    2663	     147	      21	       1
2020_05_08	    2678	     148	      15	       1
2020_05_09	    2691	     150	      13	       2
2020_05_10	    2710	     151	      19	       1
2020_05_11	    2716	     151	       6	       0
2020_05_12	    2726	     151	      10	       0
2020_05_13	    2744	     152	      18	       1
2020_05_14	    2760	     155	      16	       3
2020_05_15	    2770	     156	      10	       1
2020_05_16	    2810	     160	      40	       4
2020_05_17	    2819	     162	       9	       2
2020_05_18	    2834	     163	      15	       1
2020_05_19	    2836	     165	       2	       2
2020_05_20	    2840	     165	       4	       0
2020_05_21	    2850	     166	      10	       1
2020_05_22	    2853	     168	       3	       2
2020_05_23	    2873	     169	      20	       1
2020_05_24	    2876	     171	       3	       2
2020_05_25	    2878	     171	       2	       0
2020_05_26	    2882	     172	       4	       1
2020_05_27	    2892	     173	      10	       1
2020_05_28	    2903	     173	      11	       0
2020_05_29	    2906	     175	       3	       2
2020_05_30	    2909	     175	       3	       0
2020_05_31	    2915	     175	       6	       0
2020_06_01	    2917	     175	       2	       0
2020_06_02	    2917	     175	       0	       0
2020_06_03	    2918	     179	       1	       4
2020_06_04	    2937	     179	      19	       0
2020_06_05	    2937	     179	       0	       0
2020_06_06	    2937	     179	       0	       0
2020_06_07	    2952	     180	      15	       1
2020_06_08	    2952	     180	       0	       0
2020_06_09	    3049	     182	      97	       2
2020_06_10	    3058	     183	       9	       1
2020_06_11	    3068	     183	      10	       0
2020_06_12	    3088	     183	      20	       0
2020_06_13	    3108	     183	      20	       0
2020_06_14	    3112	     183	       4	       0
2020_06_15	    3121	     183	       9	       0
2020_06_16	    3134	     184	      13	       1
2020_06_17	    3148	     185	      14	       1
2020_06_18	    3203	     187	      55	       2
2020_06_19	    3227	     188	      24	       1
2020_06_20	    3237	     189	      10	       1
2020_06_21	    3256	     190	      19	       1
2020_06_22	    3266	     190	      10	       0
2020_06_23	    3287	     190	      21	       0
2020_06_24	    3302	     190	      15	       0
2020_06_25	    3310	     190	       8	       0
2020_06_26	    3321	     191	      11	       1
2020_06_27	    3343	     191	      22	       0
2020_06_28	    3366	     191	      23	       0
2020_06_29	    3376	     191	      10	       0
2020_06_30	    3390	     191	      14	       0
2020_07_01	    3409	     192	      19	       1
2020_07_02	    3432	     192	      23	       0
2020_07_03	    3458	     192	      26	       0
2020_07_04	    3486	     192	      28	       0
2020_07_05	    3511	     192	      25	       0
2020_07_06	    3519	     192	       8	       0
2020_07_07	    3562	     192	      43	       0
2020_07_08	    3589	     193	      27	       1
2020_07_09	    3622	     193	      33	       0
2020_07_10	    3672	     193	      50	       0
2020_07_11	    3732	     193	      60	       0
2020_07_12	    3772	     193	      40	       0
2020_07_13	    3803	     193	      31	       0
2020_07_14	    3826	     193	      23	       0
2020_07_15	    3883	     193	      57	       0
2020_07_16	    3910	     193	      27	       0
2020_07_17	    3939	     193	      29	       0
2020_07_18	    3964	     194	      25	       1
2020_07_19	    3983	     194	      19	       0
2020_07_20	    4007	     194	      24	       0
2020_07_21	    4012	     195	       5	       1
2020_07_22	    4048	     197	      36	       2
2020_07_23	    4077	     200	      29	       3
2020_07_24	    4110	     201	      33	       1
2020_07_25	    4135	     201	      25	       0
2020_07_26	    4135	     201	       0	       0
2020_07_27	    4193	     202	      58	       1
2020_07_28	    4227	     202	      34	       0
2020_07_29	    4279	     203	      52	       1
2020_07_30	    4336	     203	      57	       0
2020_07_31	    4401	     203	      65	       0
2020_08_01	    4477	     206	      76	       3
2020_08_02	    4587	     206	     110	       0
2020_08_03	    4662	     208	      75	       2
2020_08_04	    4737	     209	      75	       1
2020_08_05	    4855	     209	     118	       0
2020_08_06	    4973	     210	     118	       1
2020_08_07	    5123	     210	     150	       0
2020_08_08	    5270	     210	     147	       0
2020_08_09	    5421	     211	     151	       1
2020_08_10	    5623	     212	     202	       1
2020_08_11	    5749	     213	     126	       1
2020_08_12	    5942	     214	     193	       1
2020_08_13	    6177	     216	     235	       2
2020_08_14	    6381	     221	     204	       5
2020_08_15	    6632	     223	     251	       2
2020_08_16	    6858	     226	     226	       3
2020_08_17	    7075	     228	     217	       2
2020_08_18	    7293	     230	     218	       2
2020_08_19	    7510	     232	     217	       2
2020_08_20	    7728	     234	     218	       2
2020_08_21	    7945	     236	     217	       2
2020_08_22	    8163	     238	     218	       2
2020_08_23	    8381	     240	     218	       2
2020_08_24	    8609	     242	     228	       2
2020_08_25	    8837	     245	     228	       3
2020_08_26	    9065	     248	     228	       3
2020_08_27	    9293	     251	     228	       3
2020_08_28	    9521	     254	     228	       3
2020_08_29	    9749	     257	     228	       3
2020_08_30	    9977	     260	     228	       3
2020_08_31	   10178	     262	     201	       2
2020_09_01	   10379	     265	     201	       3
2020_09_02	   10580	     268	     201	       3
2020_09_03	   10782	     271	     202	       3
2020_09_04	   10983	     274	     201	       3
2020_09_05	   11184	     277	     201	       3
2020_09_06	   11386	     280	     202	       3
2020_09_07	   11621	     283	     235	       3
2020_09_08	   11857	     286	     236	       3
2020_09_09	   12093	     289	     236	       3
2020_09_10	   12328	     292	     235	       3
2020_09_11	   12564	     295	     236	       3
2020_09_12	   12800	     298	     236	       3
2020_09_13	   13036	     302	     236	       4
2020_09_14	   13313	     306	     277	       4
2020_09_15	   13590	     310	     277	       4
2020_09_16	   13868	     314	     278	       4
2020_09_17	   14145	     318	     277	       4
2020_09_18	   14423	     322	     278	       4
2020_09_19	   14700	     326	     277	       4
2020_09_20	   14978	     331	     278	       5
2020_09_21	   15299	     337	     321	       6
2020_09_22	   15620	     343	     321	       6
2020_09_23	   15942	     350	     322	       7
2020_09_24	   16263	     356	     321	       6
2020_09_25	   16585	     363	     322	       7
2020_09_26	   16906	     369	     321	       6
2020_09_27	   17228	     376	     322	       7
2020_09_28	   17568	     380	     340	       4
2020_09_29	   17909	     384	     341	       4
2020_09_30	   18250	     388	     341	       4
2020_10_01	   18590	     392	     340	       4
2020_10_02	   18931	     396	     341	       4
2020_10_03	   19272	     400	     341	       4
2020_10_04	   19613	     405	     341	       5
2020_10_05	   19965	     409	     352	       4
2020_10_06	   20317	     413	     352	       4
2020_10_07	   20669	     418	     352	       5
2020_10_08	   21021	     422	     352	       4
2020_10_09	   21373	     427	     352	       5
2020_10_10	   21725	     431	     352	       4
2020_10_11	   22078	     436	     353	       5
2020_10_12	   22548	     446	     470	      10
2020_10_13	   23018	     456	     470	      10
2020_10_14	   23488	     467	     470	      11
2020_10_15	   23959	     477	     471	      10
2020_10_16	   24429	     488	     470	      11
2020_10_17	   24899	     498	     470	      10
2020_10_18	   25370	     509	     471	      11
2020_10_19	   26245	     519	     875	      10
2020_10_20	   27120	     529	     875	      10
2020_10_21	   27995	     539	     875	      10
2020_10_22	   28870	     550	     875	      11
2020_10_23	   29745	     560	     875	      10
2020_10_24	   30620	     570	     875	      10
2020_10_25	   31496	     581	     876	      11
2020_10_26	   32603	     587	    1107	       6
2020_10_27	   33711	     593	    1108	       6
2020_10_28	   34819	     600	    1108	       7
2020_10_29	   35927	     606	    1108	       6
2020_10_30	   37035	     613	    1108	       7
2020_10_31	   38143	     619	    1108	       6
2020_11_01	   39251	     626	    1108	       7
2020_11_02	   41473	     643	    2222	      17
2020_11_03	   43696	     661	    2223	      18
2020_11_04	   45918	     678	    2222	      17
2020_11_05	   48141	     696	    2223	      18
2020_11_06	   50363	     713	    2222	      17
2020_11_07	   52586	     731	    2223	      18
2020_11_08	   54809	     749	    2223	      18
2020_11_09	   57337	     789	    2528	      40
2020_11_10	   59866	     830	    2529	      41
2020_11_11	   62395	     871	    2529	      41
2020_11_12	   64923	     912	    2528	      41
2020_11_13	   67452	     953	    2529	      41
2020_11_14	   69981	     994	    2529	      41
2020_11_15	   72510	    1035	    2529	      41
2020_11_16	   75025	    1105	    2515	      70
2020_11_17	   77541	    1175	    2516	      70
2020_11_18	   80057	    1245	    2516	      70
2020_11_19	   82573	    1316	    2516	      71
2020_11_20	   85089	    1386	    2516	      70
2020_11_21	   87605	    1456	    2516	      70
2020_11_22	   90121	    1527	    2516	      71
2020_11_23	   91965	    1626	    1844	      99
2020_11_24	   93810	    1725	    1845	      99
2020_11_25	   95655	    1825	    1845	     100
2020_11_26	   97499	    1924	    1844	      99
2020_11_27	   99344	    2024	    1845	     100
2020_11_28	  101189	    2123	    1845	      99
2020_11_29	  103034	    2223	    1845	     100
2020_11_30	  104681	    2320	    1647	      97
2020_12_01	  106329	    2417	    1648	      97
2020_12_02	  107977	    2514	    1648	      97
2020_12_03	  109624	    2611	    1647	      97
2020_12_04	  111272	    2708	    1648	      97
2020_12_05	  112920	    2805	    1648	      97
2020_12_06	  114568	    2902	    1648	      97
2020_12_07	  115892	    2993	    1324	      91
2020_12_08	  117217	    3084	    1325	      91
2020_12_09	  118542	    3175	    1325	      91
2020_12_10	  119867	    3266	    1325	      91
2020_12_11	  121192	    3357	    1325	      91
2020_12_12	  122517	    3448	    1325	      91
2020_12_13	  123842	    3540	    1325	      92
2020_12_14	  124791	    3620	     949	      80
2020_12_15	  125740	    3700	     949	      80
2020_12_16	  126689	    3780	     949	      80
2020_12_17	  127638	    3861	     949	      81
2020_12_18	  128587	    3941	     949	      80
2020_12_19	  129536	    4021	     949	      80
2020_12_20	  130485	    4102	     949	      81
2020_12_21	  131146	    4166	     661	      64
2020_12_22	  131807	    4230	     661	      64
2020_12_23	  132468	    4295	     661	      65
2020_12_24	  133130	    4359	     662	      64
2020_12_25	  133791	    4424	     661	      65
2020_12_26	  134452	    4488	     661	      64
2020_12_27	  135114	    4553	     662	      65
2020_12_28	  135770	    4605	     656	      52
2020_12_29	  136426	    4658	     656	      53
2020_12_30	  137083	    4710	     657	      52
2020_12_31	  137739	    4763	     656	      53
2021_01_01	  138396	    4815	     657	      52
2021_01_02	  139052	    4868	     656	      53
2021_01_03	  139709	    4921	     657	      53
2021_01_04	  140363	    4964	     654	      43
2021_01_05	  141018	    5008	     655	      44
2021_01_06	  141673	    5052	     655	      44
2021_01_07	  142328	    5095	     655	      43
2021_01_08	  142983	    5139	     655	      44
2021_01_09	  143638	    5183	     655	      44
2021_01_10	  144293	    5227	     655	      44
2021_01_11	  144875	    5257	     582	      30
2021_01_12	  145457	    5288	     582	      31
2021_01_13	  146040	    5318	     583	      30
2021_01_14	  146622	    5349	     582	      31
2021_01_15	  147205	    5379	     583	      30
2021_01_16	  147787	    5410	     582	      31
2021_01_17	  148370	    5441	     583	      31
2021_01_18	  148838	    5466	     468	      25
2021_01_19	  149306	    5492	     468	      26
2021_01_20	  149774	    5518	     468	      26
2021_01_21	  150242	    5544	     468	      26
2021_01_22	  150710	    5570	     468	      26
2021_01_23	  151178	    5596	     468	      26
2021_01_24	  151646	    5622	     468	      26
2021_01_25	  152335	    5644	     689	      22
2021_01_26	  153025	    5666	     690	      22
2021_01_27	  153714	    5689	     689	      23
2021_01_28	  154404	    5711	     690	      22
2021_01_29	  155093	    5734	     689	      23
2021_01_30	  155783	    5756	     690	      22
2021_01_31	  156473	    5779	     690	      23
2021_02_01	  157435	    5803	     962	      24
2021_02_02	  158398	    5828	     963	      25
2021_02_03	  159361	    5852	     963	      24
2021_02_04	  160324	    5877	     963	      25
2021_02_05	  161287	    5901	     963	      24
2021_02_06	  162250	    5926	     963	      25
2021_02_07	  163213	    5951	     963	      25
2021_02_08	  164392	    5972	    1179	      21
2021_02_09	  165571	    5994	    1179	      22
2021_02_10	  166750	    6016	    1179	      22
2021_02_11	  167929	    6037	    1179	      21
2021_02_12	  169108	    6059	    1179	      22
2021_02_13	  170287	    6081	    1179	      22
2021_02_14	  171466	    6103	    1179	      22
2021_02_15	  172530	    6127	    1064	      24
2021_02_16	  173595	    6151	    1065	      24
2021_02_17	  174659	    6175	    1064	      24
2021_02_18	  175724	    6199	    1065	      24
2021_02_19	  176788	    6223	    1064	      24
2021_02_20	  177853	    6247	    1065	      24
2021_02_21	  178918	    6272	    1065	      25
2021_02_22	  180477	    6300	    1559	      28
2021_02_23	  182036	    6328	    1559	      28
2021_02_24	  183595	    6356	    1559	      28
2021_02_25	  185154	    6384	    1559	      28
2021_02_26	  186713	    6412	    1559	      28
2021_02_27	  188272	    6440	    1559	      28
2021_02_28	  189831	    6468	    1559	      28
2021_03_01	  191852	    6501	    2021	      33
2021_03_02	  193873	    6535	    2021	      34
2021_03_03	  195894	    6569	    2021	      34
2021_03_04	  197915	    6603	    2021	      34
2021_03_05	  199936	    6637	    2021	      34
2021_03_06	  201957	    6671	    2021	      34
2021_03_07	  203978	    6705	    2021	      34
2021_03_08	  206198	    6752	    2220	      47
2021_03_09	  208418	    6800	    2220	      48
2021_03_10	  210639	    6847	    2221	      47
2021_03_11	  212859	    6895	    2220	      48
2021_03_12	  215080	    6942	    2221	      47
2021_03_13	  217300	    6990	    2220	      48
2021_03_14	  219521	    7038	    2221	      48
2021_03_15	  221819	    7092	    2298	      54
2021_03_16	  224118	    7147	    2299	      55
2021_03_17	  226416	    7202	    2298	      55
2021_03_18	  228715	    7256	    2299	      54
2021_03_19	  231013	    7311	    2298	      55
2021_03_20	  233312	    7366	    2299	      55
2021_03_21	  235611	    7421	    2299	      55
2021_03_22	  238036	    7478	    2425	      57
2021_03_23	  240462	    7536	    2426	      58
2021_03_24	  242887	    7594	    2425	      58
2021_03_25	  245313	    7652	    2426	      58
2021_03_26	  247738	    7710	    2425	      58
2021_03_27	  250164	    7768	    2426	      58
2021_03_28	  252590	    7826	    2426	      58
2021_03_29	  255571	    7894	    2981	      68
2021_03_30	  258552	    7962	    2981	      68
2021_03_31	  261533	    8030	    2981	      68
2021_04_01	  264515	    8098	    2982	      68
2021_04_02	  267496	    8166	    2981	      68
2021_04_03	  270477	    8234	    2981	      68
2021_04_04	  273459	    8302	    2982	      68
2021_04_05	  276359	    8377	    2900	      75
2021_04_06	  279260	    8453	    2901	      76
2021_04_07	  282160	    8529	    2900	      76
2021_04_08	  285061	    8605	    2901	      76
2021_04_09	  287961	    8681	    2900	      76
2021_04_10	  290862	    8757	    2901	      76
2021_04_11	  293763	    8833	    2901	      76
2021_04_12	  296574	    8913	    2811	      80
2021_04_13	  299386	    8994	    2812	      81
2021_04_14	  302197	    9074	    2811	      80
2021_04_15	  305009	    9155	    2812	      81
2021_04_16	  307820	    9235	    2811	      80
2021_04_17	  310632	    9316	    2812	      81
2021_04_18	  313444	    9397	    2812	      81
2021_04_19	  316056	    9476	    2612	      79
2021_04_20	  318668	    9555	    2612	      79
2021_04_21	  321280	    9634	    2612	      79
2021_04_22	  323893	    9713	    2613	      79
2021_04_23	  326505	    9792	    2612	      79
2021_04_24	  329117	    9871	    2612	      79
2021_04_25	  331730	    9950	    2613	      79
2021_04_26	  333828	   10021	    2098	      71
2021_04_27	  335927	   10093	    2099	      72
2021_04_28	  338026	   10165	    2099	      72
2021_04_29	  340125	   10237	    2099	      72
2021_04_30	  342224	   10309	    2099	      72
2021_05_01	  344323	   10381	    2099	      72
2021_05_02	  346422	   10453	    2099	      72
2021_05_03	  348444	   10528	    2022	      75
2021_05_04	  350466	   10603	    2022	      75
2021_05_05	  352488	   10678	    2022	      75
2021_05_06	  354510	   10753	    2022	      75
2021_05_07	  356532	   10828	    2022	      75
2021_05_08	  358554	   10903	    2022	      75
2021_05_09	  360577	   10978	    2023	      75
2021_05_10	  362756	   11033	    2179	      55
2021_05_11	  364935	   11088	    2179	      55
2021_05_12	  367114	   11143	    2179	      55
2021_05_13	  369293	   11199	    2179	      56
2021_05_14	  371472	   11254	    2179	      55
2021_05_15	  373651	   11309	    2179	      55
2021_05_16	  375831	   11365	    2180	      56
2021_05_17	  377702	   11417	    1871	      52
2021_05_18	  379573	   11470	    1871	      53
2021_05_19	  381444	   11523	    1871	      53
2021_05_20	  383315	   11575	    1871	      52
2021_05_21	  385186	   11628	    1871	      53
2021_05_22	  387057	   11681	    1871	      53
2021_05_23	  388929	   11734	    1872	      53
2021_05_24	  390567	   11775	    1638	      41
2021_05_25	  392205	   11816	    1638	      41
2021_05_26	  393843	   11858	    1638	      42
2021_05_27	  395481	   11899	    1638	      41
2021_05_28	  397119	   11941	    1638	      42
2021_05_29	  398757	   11982	    1638	      41
2021_05_30	  400395	   12024	    1638	      42
2021_05_31	  401594	   12056	    1199	      32
2021_06_01	  402793	   12089	    1199	      33
2021_06_02	  403992	   12122	    1199	      33
2021_06_03	  405191	   12154	    1199	      32
2021_06_04	  406390	   12187	    1199	      33
2021_06_05	  407589	   12220	    1199	      33
2021_06_06	  408789	   12253	    1200	      33
2021_06_07	  409621	   12274	     832	      21
2021_06_08	  410453	   12296	     832	      22
2021_06_09	  411285	   12318	     832	      22
2021_06_10	  412117	   12339	     832	      21
2021_06_11	  412949	   12361	     832	      22
2021_06_12	  413781	   12383	     832	      22
2021_06_13	  414613	   12405	     832	      22
