#
# COVID-19 Country file (official WHO count)
# Country = Guadeloupe
# Latitude = 16.0
# Population = 448.427
# Territory = 1628.0
# LEB = 82.1
# DPA = 3000
# DPA65 = 2370
# GDP = -999.0
# GDP_PPP = -999.0
# COVID-19 Mortality = 591.0
# First_Case = 2020_03_14
# Last_Case = 2021_06_13
# First_Death = 2020_03_28
# Last_Death = 2021_06_13
# Status as of 2021_06_13 = Community transmission
# Vaccine type = Unknown
# Vaccine start = NA
#
Date	Conf_Cases	Conf_Deaths	Daily_Cases	Daily_Deaths
2020_03_14	       1	       0	       1	       0
2020_03_15	       3	       0	       2	       0
2020_03_16	       6	       0	       3	       0
2020_03_17	      18	       0	      12	       0
2020_03_18	      18	       0	       0	       0
2020_03_19	      33	       0	      15	       0
2020_03_20	      45	       0	      12	       0
2020_03_21	      51	       0	       6	       0
2020_03_22	      51	       0	       0	       0
2020_03_23	      56	       0	       5	       0
2020_03_24	      62	       0	       6	       0
2020_03_25	      73	       0	      11	       0
2020_03_26	      76	       0	       3	       0
2020_03_27	      76	       0	       0	       0
2020_03_28	      96	       2	      20	       2
2020_03_29	      96	       2	       0	       0
2020_03_30	      96	       2	       0	       0
2020_03_31	     106	       4	      10	       2
2020_04_01	     114	       5	       8	       1
2020_04_02	     125	       6	      11	       1
2020_04_03	     128	       6	       3	       0
2020_04_04	     130	       7	       2	       1
2020_04_05	     130	       7	       0	       0
2020_04_06	     134	       7	       4	       0
2020_04_07	     135	       7	       1	       0
2020_04_08	     139	       7	       4	       0
2020_04_09	     139	       8	       0	       1
2020_04_10	     141	       8	       2	       0
2020_04_11	     143	       8	       2	       0
2020_04_12	     143	       8	       0	       0
2020_04_13	     143	       8	       0	       0
2020_04_14	     143	       8	       0	       0
2020_04_15	     145	       8	       2	       0
2020_04_16	     145	       8	       0	       0
2020_04_17	     145	       8	       0	       0
2020_04_18	     145	       8	       0	       0
2020_04_19	     145	      11	       0	       3
2020_04_20	     148	      11	       3	       0
2020_04_21	     148	      11	       0	       0
2020_04_22	     148	      12	       0	       1
2020_04_23	     148	      12	       0	       0
2020_04_24	     148	      12	       0	       0
2020_04_25	     149	      12	       1	       0
2020_04_26	     149	      12	       0	       0
2020_04_27	     149	      13	       0	       1
2020_04_28	     149	      10	       0	      -3
2020_04_29	     149	      11	       0	       1
2020_04_30	     151	      11	       2	       0
2020_05_01	     152	      12	       1	       1
2020_05_02	     152	      12	       0	       0
2020_05_03	     152	      12	       0	       0
2020_05_04	     152	      12	       0	       0
2020_05_05	     152	      12	       0	       0
2020_05_06	     152	      13	       0	       1
2020_05_07	     153	      13	       1	       0
2020_05_08	     153	      13	       0	       0
2020_05_09	     154	      13	       1	       0
2020_05_10	     154	      13	       0	       0
2020_05_11	     154	      13	       0	       0
2020_05_12	     154	      13	       0	       0
2020_05_13	     155	      13	       1	       0
2020_05_14	     155	      13	       0	       0
2020_05_15	     155	      13	       0	       0
2020_05_16	     155	      13	       0	       0
2020_05_17	     155	      13	       0	       0
2020_05_18	     155	      13	       0	       0
2020_05_19	     155	      13	       0	       0
2020_05_20	     155	      13	       0	       0
2020_05_21	     155	      13	       0	       0
2020_05_22	     155	      13	       0	       0
2020_05_23	     155	      13	       0	       0
2020_05_24	     156	      13	       1	       0
2020_05_25	     156	      13	       0	       0
2020_05_26	     161	      14	       5	       1
2020_05_27	     161	      14	       0	       0
2020_05_28	     161	      14	       0	       0
2020_05_29	     161	      14	       0	       0
2020_05_30	     162	      14	       1	       0
2020_05_31	     162	      14	       0	       0
2020_06_01	     162	      14	       0	       0
2020_06_02	     162	      14	       0	       0
2020_06_03	     162	      14	       0	       0
2020_06_04	     162	      14	       0	       0
2020_06_05	     162	      14	       0	       0
2020_06_06	     164	      14	       2	       0
2020_06_07	     164	      14	       0	       0
2020_06_08	     164	      14	       0	       0
2020_06_09	     164	      14	       0	       0
2020_06_10	     164	      14	       0	       0
2020_06_11	     164	      14	       0	       0
2020_06_12	     164	      14	       0	       0
2020_06_13	     171	      14	       7	       0
2020_06_14	     171	      14	       0	       0
2020_06_15	     171	      14	       0	       0
2020_06_16	     171	      14	       0	       0
2020_06_17	     171	      14	       0	       0
2020_06_18	     171	      14	       0	       0
2020_06_19	     171	      14	       0	       0
2020_06_20	     174	      14	       3	       0
2020_06_21	     174	      14	       0	       0
2020_06_22	     174	      14	       0	       0
2020_06_23	     174	      14	       0	       0
2020_06_24	     174	      14	       0	       0
2020_06_25	     174	      14	       0	       0
2020_06_26	     174	      14	       0	       0
2020_06_27	     182	      14	       8	       0
2020_06_28	     182	      14	       0	       0
2020_06_29	     182	      14	       0	       0
2020_06_30	     182	      14	       0	       0
2020_07_01	     182	      14	       0	       0
2020_07_02	     182	      14	       0	       0
2020_07_03	     182	      14	       0	       0
2020_07_04	     182	      14	       0	       0
2020_07_05	     184	      16	       2	       2
2020_07_06	     184	      14	       0	      -2
2020_07_07	     184	      14	       0	       0
2020_07_08	     184	      14	       0	       0
2020_07_09	     184	      14	       0	       0
2020_07_10	     184	      14	       0	       0
2020_07_11	     190	      14	       6	       0
2020_07_12	     190	      14	       0	       0
2020_07_13	     190	      14	       0	       0
2020_07_14	     190	      14	       0	       0
2020_07_15	     190	      14	       0	       0
2020_07_16	     190	      14	       0	       0
2020_07_17	     190	      14	       0	       0
2020_07_18	     195	      14	       5	       0
2020_07_19	     195	      14	       0	       0
2020_07_20	     195	      14	       0	       0
2020_07_21	     195	      14	       0	       0
2020_07_22	     195	      14	       0	       0
2020_07_23	     195	      14	       0	       0
2020_07_24	     195	      14	       0	       0
2020_07_25	     203	      14	       8	       0
2020_07_26	     203	      14	       0	       0
2020_07_27	     203	      14	       0	       0
2020_07_28	     203	      14	       0	       0
2020_07_29	     203	      14	       0	       0
2020_07_30	     203	      14	       0	       0
2020_07_31	     244	      14	      41	       0
2020_08_01	     244	      14	       0	       0
2020_08_02	     265	      14	      21	       0
2020_08_03	     265	      14	       0	       0
2020_08_04	     265	      14	       0	       0
2020_08_05	     272	      14	       7	       0
2020_08_06	     272	      14	       0	       0
2020_08_07	     279	      14	       7	       0
2020_08_08	     279	      14	       0	       0
2020_08_09	     290	      14	      11	       0
2020_08_10	     290	      14	       0	       0
2020_08_11	     290	      14	       0	       0
2020_08_12	     317	      14	      27	       0
2020_08_13	     317	      14	       0	       0
2020_08_14	     367	      14	      50	       0
2020_08_15	     446	      14	      79	       0
2020_08_16	     446	      14	       0	       0
2020_08_17	     492	      14	      46	       0
2020_08_18	     538	      14	      46	       0
2020_08_19	     585	      14	      47	       0
2020_08_20	     631	      14	      46	       0
2020_08_21	     678	      14	      47	       0
2020_08_22	     724	      14	      46	       0
2020_08_23	     771	      15	      47	       1
2020_08_24	     794	      15	      23	       0
2020_08_25	     817	      15	      23	       0
2020_08_26	     841	      15	      24	       0
2020_08_27	     864	      15	      23	       0
2020_08_28	     888	      15	      24	       0
2020_08_29	     911	      15	      23	       0
2020_08_30	     935	      15	      24	       0
2020_08_31	     996	      15	      61	       0
2020_09_01	    1057	      16	      61	       1
2020_09_02	    1118	      17	      61	       1
2020_09_03	    1179	      17	      61	       0
2020_09_04	    1240	      18	      61	       1
2020_09_05	    1301	      19	      61	       1
2020_09_06	    1363	      20	      62	       1
2020_09_07	    1608	      20	     245	       0
2020_09_08	    1853	      21	     245	       1
2020_09_09	    2098	      21	     245	       0
2020_09_10	    2344	      22	     246	       1
2020_09_11	    2589	      22	     245	       0
2020_09_12	    2834	      23	     245	       1
2020_09_13	    3080	      24	     246	       1
2020_09_14	    3129	      24	      49	       0
2020_09_15	    3178	      24	      49	       0
2020_09_16	    3228	      24	      50	       0
2020_09_17	    3277	      25	      49	       1
2020_09_18	    3327	      25	      50	       0
2020_09_19	    3376	      25	      49	       0
2020_09_20	    3426	      26	      50	       1
2020_09_21	    3644	      28	     218	       2
2020_09_22	    3862	      30	     218	       2
2020_09_23	    4080	      32	     218	       2
2020_09_24	    4299	      35	     219	       3
2020_09_25	    4517	      37	     218	       2
2020_09_26	    4735	      39	     218	       2
2020_09_27	    4954	      42	     219	       3
2020_09_28	    5089	      46	     135	       4
2020_09_29	    5225	      51	     136	       5
2020_09_30	    5360	      56	     135	       5
2020_10_01	    5496	      60	     136	       4
2020_10_02	    5631	      65	     135	       5
2020_10_03	    5767	      70	     136	       5
2020_10_04	    5903	      75	     136	       5
2020_10_05	    5985	      75	      82	       0
2020_10_06	    6068	      75	      83	       0
2020_10_07	    6151	      75	      83	       0
2020_10_08	    6234	      76	      83	       1
2020_10_09	    6317	      76	      83	       0
2020_10_10	    6400	      76	      83	       0
2020_10_11	    6483	      77	      83	       1
2020_10_12	    6574	      81	      91	       4
2020_10_13	    6665	      86	      91	       5
2020_10_14	    6756	      91	      91	       5
2020_10_15	    6848	      96	      92	       5
2020_10_16	    6939	     101	      91	       5
2020_10_17	    7030	     106	      91	       5
2020_10_18	    7122	     111	      92	       5
2020_10_19	    7172	     113	      50	       2
2020_10_20	    7222	     115	      50	       2
2020_10_21	    7272	     117	      50	       2
2020_10_22	    7323	     120	      51	       3
2020_10_23	    7373	     122	      50	       2
2020_10_24	    7423	     124	      50	       2
2020_10_25	    7474	     127	      51	       3
2020_10_26	    7512	     128	      38	       1
2020_10_27	    7550	     130	      38	       2
2020_10_28	    7588	     132	      38	       2
2020_10_29	    7627	     133	      39	       1
2020_10_30	    7665	     135	      38	       2
2020_10_31	    7703	     137	      38	       2
2020_11_01	    7742	     139	      39	       2
2020_11_02	    7765	     138	      23	      -1
2020_11_03	    7788	     137	      23	      -1
2020_11_04	    7811	     136	      23	      -1
2020_11_05	    7834	     135	      23	      -1
2020_11_06	    7857	     134	      23	      -1
2020_11_07	    7880	     133	      23	      -1
2020_11_08	    7903	     133	      23	       0
2020_11_09	    7930	     133	      27	       0
2020_11_10	    7958	     134	      28	       1
2020_11_11	    7986	     135	      28	       1
2020_11_12	    8014	     136	      28	       1
2020_11_13	    8042	     137	      28	       1
2020_11_14	    8070	     138	      28	       1
2020_11_15	    8098	     139	      28	       1
2020_11_16	    8116	     139	      18	       0
2020_11_17	    8134	     140	      18	       1
2020_11_18	    8152	     141	      18	       1
2020_11_19	    8170	     141	      18	       0
2020_11_20	    8188	     142	      18	       1
2020_11_21	    8206	     143	      18	       1
2020_11_22	    8225	     144	      19	       1
2020_11_23	    8242	     144	      17	       0
2020_11_24	    8259	     145	      17	       1
2020_11_25	    8276	     146	      17	       1
2020_11_26	    8293	     146	      17	       0
2020_11_27	    8310	     147	      17	       1
2020_11_28	    8327	     148	      17	       1
2020_11_29	    8344	     149	      17	       1
2020_11_30	    8355	     149	      11	       0
2020_12_01	    8367	     149	      12	       0
2020_12_02	    8379	     149	      12	       0
2020_12_03	    8391	     149	      12	       0
2020_12_04	    8403	     149	      12	       0
2020_12_05	    8415	     149	      12	       0
2020_12_06	    8427	     149	      12	       0
2020_12_07	    8430	     149	       3	       0
2020_12_08	    8433	     149	       3	       0
2020_12_09	    8437	     150	       4	       1
2020_12_10	    8440	     150	       3	       0
2020_12_11	    8444	     151	       4	       1
2020_12_12	    8447	     151	       3	       0
2020_12_13	    8451	     152	       4	       1
2020_12_14	    8466	     152	      15	       0
2020_12_15	    8481	     152	      15	       0
2020_12_16	    8496	     153	      15	       1
2020_12_17	    8511	     153	      15	       0
2020_12_18	    8526	     154	      15	       1
2020_12_19	    8541	     154	      15	       0
2020_12_20	    8557	     155	      16	       1
2020_12_21	    8566	     155	       9	       0
2020_12_22	    8575	     155	       9	       0
2020_12_23	    8584	     155	       9	       0
2020_12_24	    8593	     155	       9	       0
2020_12_25	    8602	     155	       9	       0
2020_12_26	    8611	     155	       9	       0
2020_12_27	    8620	     155	       9	       0
2020_12_28	    8620	     155	       0	       0
2020_12_29	    8620	     155	       0	       0
2020_12_30	    8620	     155	       0	       0
2020_12_31	    8620	     155	       0	       0
2021_01_01	    8620	     155	       0	       0
2021_01_02	    8620	     155	       0	       0
2021_01_03	    8620	     155	       0	       0
2021_01_04	    8631	     155	      11	       0
2021_01_05	    8643	     155	      12	       0
2021_01_06	    8655	     155	      12	       0
2021_01_07	    8666	     155	      11	       0
2021_01_08	    8678	     155	      12	       0
2021_01_09	    8690	     155	      12	       0
2021_01_10	    8702	     155	      12	       0
2021_01_11	    8720	     155	      18	       0
2021_01_12	    8739	     155	      19	       0
2021_01_13	    8758	     155	      19	       0
2021_01_14	    8777	     155	      19	       0
2021_01_15	    8796	     155	      19	       0
2021_01_16	    8815	     155	      19	       0
2021_01_17	    8834	     156	      19	       1
2021_01_18	    8865	     156	      31	       0
2021_01_19	    8897	     156	      32	       0
2021_01_20	    8929	     156	      32	       0
2021_01_21	    8960	     156	      31	       0
2021_01_22	    8992	     156	      32	       0
2021_01_23	    9024	     156	      32	       0
2021_01_24	    9056	     157	      32	       1
2021_01_25	    9070	     157	      14	       0
2021_01_26	    9084	     157	      14	       0
2021_01_27	    9098	     157	      14	       0
2021_01_28	    9113	     157	      15	       0
2021_01_29	    9127	     157	      14	       0
2021_01_30	    9141	     157	      14	       0
2021_01_31	    9156	     157	      15	       0
2021_02_01	    9156	     157	       0	       0
2021_02_02	    9156	     157	       0	       0
2021_02_03	    9156	     157	       0	       0
2021_02_04	    9156	     157	       0	       0
2021_02_05	    9156	     157	       0	       0
2021_02_06	    9156	     157	       0	       0
2021_02_07	    9156	     158	       0	       1
2021_02_08	    9176	     158	      20	       0
2021_02_09	    9197	     158	      21	       0
2021_02_10	    9218	     158	      21	       0
2021_02_11	    9239	     158	      21	       0
2021_02_12	    9260	     158	      21	       0
2021_02_13	    9281	     158	      21	       0
2021_02_14	    9302	     159	      21	       1
2021_02_15	    9323	     159	      21	       0
2021_02_16	    9345	     159	      22	       0
2021_02_17	    9367	     159	      22	       0
2021_02_18	    9389	     159	      22	       0
2021_02_19	    9411	     159	      22	       0
2021_02_20	    9433	     159	      22	       0
2021_02_21	    9455	     160	      22	       1
2021_02_22	    9528	     160	      73	       0
2021_02_23	    9601	     161	      73	       1
2021_02_24	    9674	     161	      73	       0
2021_02_25	    9748	     162	      74	       1
2021_02_26	    9821	     162	      73	       0
2021_02_27	    9894	     163	      73	       1
2021_02_28	    9968	     164	      74	       1
2021_03_01	   10038	     164	      70	       0
2021_03_02	   10108	     165	      70	       1
2021_03_03	   10178	     165	      70	       0
2021_03_04	   10248	     166	      70	       1
2021_03_05	   10318	     166	      70	       0
2021_03_06	   10388	     167	      70	       1
2021_03_07	   10458	     168	      70	       1
2021_03_08	   10496	     168	      38	       0
2021_03_09	   10534	     168	      38	       0
2021_03_10	   10572	     168	      38	       0
2021_03_11	   10610	     168	      38	       0
2021_03_12	   10648	     168	      38	       0
2021_03_13	   10686	     168	      38	       0
2021_03_14	   10725	     168	      39	       0
2021_03_15	   10777	     168	      52	       0
2021_03_16	   10830	     168	      53	       0
2021_03_17	   10883	     168	      53	       0
2021_03_18	   10936	     168	      53	       0
2021_03_19	   10989	     168	      53	       0
2021_03_20	   11042	     168	      53	       0
2021_03_21	   11095	     169	      53	       1
2021_03_22	   11154	     169	      59	       0
2021_03_23	   11214	     170	      60	       1
2021_03_24	   11273	     170	      59	       0
2021_03_25	   11333	     171	      60	       1
2021_03_26	   11392	     171	      59	       0
2021_03_27	   11452	     172	      60	       1
2021_03_28	   11512	     173	      60	       1
2021_03_29	   11566	     173	      54	       0
2021_03_30	   11620	     174	      54	       1
2021_03_31	   11674	     174	      54	       0
2021_04_01	   11728	     175	      54	       1
2021_04_02	   11782	     175	      54	       0
2021_04_03	   11836	     176	      54	       1
2021_04_04	   11890	     177	      54	       1
2021_04_05	   11949	     178	      59	       1
2021_04_06	   12008	     180	      59	       2
2021_04_07	   12067	     182	      59	       2
2021_04_08	   12126	     183	      59	       1
2021_04_09	   12185	     185	      59	       2
2021_04_10	   12244	     187	      59	       2
2021_04_11	   12304	     189	      60	       2
2021_04_12	   12393	     189	      89	       0
2021_04_13	   12482	     190	      89	       1
2021_04_14	   12571	     191	      89	       1
2021_04_15	   12660	     191	      89	       0
2021_04_16	   12749	     192	      89	       1
2021_04_17	   12838	     193	      89	       1
2021_04_18	   12927	     194	      89	       1
2021_04_19	   12927	     194	       0	       0
2021_04_20	   12927	     194	       0	       0
2021_04_21	   12927	     194	       0	       0
2021_04_22	   12927	     194	       0	       0
2021_04_23	   12927	     194	       0	       0
2021_04_24	   12927	     194	       0	       0
2021_04_25	   12927	     194	       0	       0
2021_04_26	   13170	     198	     243	       4
2021_04_27	   13414	     203	     244	       5
2021_04_28	   13658	     208	     244	       5
2021_04_29	   13902	     213	     244	       5
2021_04_30	   14146	     218	     244	       5
2021_05_01	   14390	     223	     244	       5
2021_05_02	   14634	     228	     244	       5
2021_05_03	   14747	     229	     113	       1
2021_05_04	   14861	     230	     114	       1
2021_05_05	   14974	     231	     113	       1
2021_05_06	   15088	     232	     114	       1
2021_05_07	   15201	     233	     113	       1
2021_05_08	   15315	     234	     114	       1
2021_05_09	   15429	     236	     114	       2
2021_05_10	   15429	     236	       0	       0
2021_05_11	   15429	     236	       0	       0
2021_05_12	   15429	     236	       0	       0
2021_05_13	   15429	     236	       0	       0
2021_05_14	   15429	     236	       0	       0
2021_05_15	   15429	     236	       0	       0
2021_05_16	   15429	     236	       0	       0
2021_05_17	   15584	     238	     155	       2
2021_05_18	   15739	     241	     155	       3
2021_05_19	   15895	     244	     156	       3
2021_05_20	   16050	     246	     155	       2
2021_05_21	   16206	     249	     156	       3
2021_05_22	   16361	     252	     155	       3
2021_05_23	   16517	     255	     156	       3
2021_05_24	   16568	     255	      51	       0
2021_05_25	   16619	     255	      51	       0
2021_05_26	   16670	     255	      51	       0
2021_05_27	   16721	     255	      51	       0
2021_05_28	   16772	     255	      51	       0
2021_05_29	   16823	     255	      51	       0
2021_05_30	   16874	     255	      51	       0
2021_05_31	   16907	     255	      33	       0
2021_06_01	   16940	     256	      33	       1
2021_06_02	   16974	     257	      34	       1
2021_06_03	   17007	     257	      33	       0
2021_06_04	   17041	     258	      34	       1
2021_06_05	   17074	     259	      33	       1
2021_06_06	   17108	     260	      34	       1
2021_06_07	   17133	     260	      25	       0
2021_06_08	   17159	     261	      26	       1
2021_06_09	   17185	     262	      26	       1
2021_06_10	   17210	     262	      25	       0
2021_06_11	   17236	     263	      26	       1
2021_06_12	   17262	     264	      26	       1
2021_06_13	   17288	     265	      26	       1
