#
# COVID-19 Country file (official WHO count)
# Country = Guatemala
# Latitude = 15.0
# Population = 17910.812
# Territory = 108889.0
# LEB = 74.3
# DPA = 83000
# DPA65 = 35690
# GDP = 4545.0
# GDP_PPP = 8557.0
# COVID-19 Mortality = 469.9
# First_Case = 2020_03_16
# Last_Case = 2021_06_13
# First_Death = 2020_03_16
# Last_Death = 2021_06_13
# Status as of 2021_06_13 = Community transmission
# Vaccine type = Moderna
# Vaccine start = 2021_02_25
#
Date	Conf_Cases	Conf_Deaths	Daily_Cases	Daily_Deaths
2020_03_16	       1	       1	       1	       1
2020_03_17	       1	       1	       0	       0
2020_03_18	       6	       1	       5	       0
2020_03_19	       6	       1	       0	       0
2020_03_20	       9	       1	       3	       0
2020_03_21	      12	       1	       3	       0
2020_03_22	      12	       1	       0	       0
2020_03_23	      18	       1	       6	       0
2020_03_24	      20	       1	       2	       0
2020_03_25	      21	       1	       1	       0
2020_03_26	      24	       1	       3	       0
2020_03_27	      24	       1	       0	       0
2020_03_28	      25	       1	       1	       0
2020_03_29	      32	       1	       7	       0
2020_03_30	      34	       1	       2	       0
2020_03_31	      36	       1	       2	       0
2020_04_01	      36	       1	       0	       0
2020_04_02	      39	       1	       3	       0
2020_04_03	      47	       1	       8	       0
2020_04_04	      50	       1	       3	       0
2020_04_05	      50	       1	       0	       0
2020_04_06	      61	       2	      11	       1
2020_04_07	      70	       3	       9	       1
2020_04_08	      77	       3	       7	       0
2020_04_09	      87	       3	      10	       0
2020_04_10	      95	       3	       8	       0
2020_04_11	     126	       3	      31	       0
2020_04_12	     137	       3	      11	       0
2020_04_13	     153	       3	      16	       0
2020_04_14	     156	       5	       3	       2
2020_04_15	     167	       5	      11	       0
2020_04_16	     180	       5	      13	       0
2020_04_17	     196	       5	      16	       0
2020_04_18	     214	       7	      18	       2
2020_04_19	     235	       7	      21	       0
2020_04_20	     257	       7	      22	       0
2020_04_21	     289	       7	      32	       0
2020_04_22	     294	       9	       5	       2
2020_04_23	     316	       8	      22	      -1
2020_04_24	     342	      10	      26	       2
2020_04_25	     384	      11	      42	       1
2020_04_26	     430	      13	      46	       2
2020_04_27	     473	      15	      43	       2
2020_04_28	     500	      15	      27	       0
2020_04_29	     530	      15	      30	       0
2020_04_30	     557	      16	      27	       1
2020_05_01	     585	      16	      28	       0
2020_05_02	     599	      16	      14	       0
2020_05_03	     644	      18	      45	       2
2020_05_04	     688	      19	      44	       1
2020_05_05	     703	      17	      15	      -2
2020_05_06	     730	      19	      27	       2
2020_05_07	     763	      19	      33	       0
2020_05_08	     798	      21	      35	       2
2020_05_09	     832	      23	      34	       2
2020_05_10	     900	      24	      68	       1
2020_05_11	     967	      24	      67	       0
2020_05_12	    1052	      26	      85	       2
2020_05_13	    1114	      26	      62	       0
2020_05_14	    1199	      27	      85	       1
2020_05_15	    1342	      29	     143	       2
2020_05_16	    1518	      29	     176	       0
2020_05_17	    1643	      30	     125	       1
2020_05_18	    1763	      33	     120	       3
2020_05_19	    1912	      35	     149	       2
2020_05_20	    2001	      38	      89	       3
2020_05_21	    2133	      43	     132	       5
2020_05_22	    2265	      45	     132	       2
2020_05_23	    2512	      48	     247	       3
2020_05_24	    2743	      53	     231	       5
2020_05_25	    3054	      57	     311	       4
2020_05_26	    3424	      58	     370	       1
2020_05_27	    3760	      59	     336	       1
2020_05_28	    3954	      63	     194	       4
2020_05_29	    4145	      68	     191	       5
2020_05_30	    4348	      80	     203	      12
2020_05_31	    4607	      90	     259	      10
2020_06_01	    4739	     102	     132	      12
2020_06_02	    5087	     108	     348	       6
2020_06_03	    5336	     116	     249	       8
2020_06_04	    5586	     123	     250	       7
2020_06_05	    5760	     143	     174	      20
2020_06_06	    6154	     158	     394	      15
2020_06_07	    6485	     216	     331	      58
2020_06_08	    6792	     230	     307	      14
2020_06_09	    7055	     252	     263	      22
2020_06_10	    7502	     267	     447	      15
2020_06_11	    7866	     289	     364	      22
2020_06_12	    8221	     316	     355	      27
2020_06_13	    8561	     334	     340	      18
2020_06_14	    8982	     351	     421	      17
2020_06_15	    9491	     367	     509	      16
2020_06_16	    9845	     384	     354	      17
2020_06_17	   10272	     399	     427	      15
2020_06_18	   10706	     418	     434	      19
2020_06_19	   11251	     432	     545	      14
2020_06_20	   11868	     449	     617	      17
2020_06_21	   12509	     483	     641	      34
2020_06_22	   12755	     514	     246	      31
2020_06_23	   13145	     531	     390	      17
2020_06_24	   13769	     547	     624	      16
2020_06_25	   14540	     582	     771	      35
2020_06_26	   14819	     601	     279	      19
2020_06_27	   15619	     623	     800	      22
2020_06_28	   15828	     672	     209	      49
2020_06_29	   16397	     706	     569	      34
2020_06_30	   16930	     727	     533	      21
2020_07_01	   17409	     746	     479	      19
2020_07_02	   18096	     773	     687	      27
2020_07_03	   19011	     817	     915	      44
2020_07_04	   20072	     843	    1061	      26
2020_07_05	   21293	     880	    1221	      37
2020_07_06	   22501	     920	    1208	      40
2020_07_07	   23248	     947	     747	      27
2020_07_08	   23972	     981	     724	      34
2020_07_09	   24787	    1004	     815	      23
2020_07_10	   25411	    1053	     624	      49
2020_07_11	   26658	    1092	    1247	      39
2020_07_12	   27619	    1139	     961	      47
2020_07_13	   28598	    1172	     979	      33
2020_07_14	   29355	    1219	     757	      47
2020_07_15	   29742	    1244	     387	      25
2020_07_16	   30872	    1302	    1130	      58
2020_07_17	   32074	    1350	    1202	      48
2020_07_18	   32939	    1404	     865	      54
2020_07_19	   33809	    1443	     870	      39
2020_07_20	   38042	    1449	    4233	       6
2020_07_21	   39039	    1502	     997	      53
2020_07_22	   40229	    1531	    1190	      29
2020_07_23	   41135	    1573	     906	      42
2020_07_24	   42192	    1632	    1057	      59
2020_07_25	   43283	    1669	    1091	      37
2020_07_26	   43283	    1669	       0	       0
2020_07_27	   45053	    1734	    1770	      65
2020_07_28	   45059	    1761	       6	      27
2020_07_29	   46451	    1782	    1392	      21
2020_07_30	   47605	    1835	    1154	      53
2020_07_31	   48826	    1867	    1221	      32
2020_08_01	   49789	    1924	     963	      57
2020_08_02	   50979	    1957	    1190	      33
2020_08_03	   51306	    1995	     327	      38
2020_08_04	   51542	    2013	     236	      18
2020_08_05	   52365	    2037	     823	      24
2020_08_06	   53509	    2072	    1144	      35
2020_08_07	   54339	    2119	     830	      47
2020_08_08	   55270	    2168	     931	      49
2020_08_09	   56189	    2197	     919	      29
2020_08_10	   56605	    2211	     416	      14
2020_08_11	   56987	    2222	     382	      11
2020_08_12	   57966	    2233	     979	      11
2020_08_13	   59089	    2267	    1123	      34
2020_08_14	   60284	    2296	    1195	      29
2020_08_15	   61428	    2341	    1144	      45
2020_08_16	   62313	    2355	     885	      14
2020_08_17	   63104	    2387	     791	      32
2020_08_18	   63896	    2419	     792	      32
2020_08_19	   64688	    2451	     792	      32
2020_08_20	   65480	    2483	     792	      32
2020_08_21	   66272	    2515	     792	      32
2020_08_22	   67064	    2547	     792	      32
2020_08_23	   67856	    2580	     792	      33
2020_08_24	   68687	    2601	     831	      21
2020_08_25	   69519	    2622	     832	      21
2020_08_26	   70351	    2643	     832	      21
2020_08_27	   71183	    2664	     832	      21
2020_08_28	   72015	    2685	     832	      21
2020_08_29	   72847	    2706	     832	      21
2020_08_30	   73679	    2728	     832	      22
2020_08_31	   74222	    2744	     543	      16
2020_09_01	   74765	    2761	     543	      17
2020_09_02	   75308	    2778	     543	      17
2020_09_03	   75851	    2794	     543	      16
2020_09_04	   76394	    2811	     543	      17
2020_09_05	   76937	    2828	     543	      17
2020_09_06	   77481	    2845	     544	      17
2020_09_07	   78077	    2859	     596	      14
2020_09_08	   78674	    2874	     597	      15
2020_09_09	   79271	    2889	     597	      15
2020_09_10	   79867	    2904	     596	      15
2020_09_11	   80464	    2919	     597	      15
2020_09_12	   81061	    2934	     597	      15
2020_09_13	   81658	    2949	     597	      15
2020_09_14	   82157	    2971	     499	      22
2020_09_15	   82656	    2993	     499	      22
2020_09_16	   83155	    3015	     499	      22
2020_09_17	   83654	    3038	     499	      23
2020_09_18	   84153	    3060	     499	      22
2020_09_19	   84652	    3082	     499	      22
2020_09_20	   85152	    3105	     500	      23
2020_09_21	   85802	    3120	     650	      15
2020_09_22	   86452	    3135	     650	      15
2020_09_23	   87102	    3151	     650	      16
2020_09_24	   87752	    3166	     650	      15
2020_09_25	   88402	    3182	     650	      16
2020_09_26	   89052	    3197	     650	      15
2020_09_27	   89702	    3213	     650	      16
2020_09_28	   90280	    3223	     578	      10
2020_09_29	   90858	    3233	     578	      10
2020_09_30	   91436	    3243	     578	      10
2020_10_01	   92014	    3254	     578	      11
2020_10_02	   92592	    3264	     578	      10
2020_10_03	   93170	    3274	     578	      10
2020_10_04	   93748	    3285	     578	      11
2020_10_05	   94290	    3296	     542	      11
2020_10_06	   94832	    3307	     542	      11
2020_10_07	   95374	    3319	     542	      12
2020_10_08	   95917	    3330	     543	      11
2020_10_09	   96459	    3342	     542	      12
2020_10_10	   97001	    3353	     542	      11
2020_10_11	   97544	    3365	     543	      12
2020_10_12	   98123	    3390	     579	      25
2020_10_13	   98702	    3415	     579	      25
2020_10_14	   99281	    3440	     579	      25
2020_10_15	   99861	    3465	     580	      25
2020_10_16	  100440	    3490	     579	      25
2020_10_17	  101019	    3515	     579	      25
2020_10_18	  101599	    3541	     580	      26
2020_10_19	  102069	    3556	     470	      15
2020_10_20	  102540	    3572	     471	      16
2020_10_21	  103011	    3588	     471	      16
2020_10_22	  103481	    3603	     470	      15
2020_10_23	  103952	    3619	     471	      16
2020_10_24	  104423	    3635	     471	      16
2020_10_25	  104894	    3651	     471	      16
2020_10_26	  105329	    3662	     435	      11
2020_10_27	  105764	    3673	     435	      11
2020_10_28	  106199	    3684	     435	      11
2020_10_29	  106634	    3695	     435	      11
2020_10_30	  107069	    3706	     435	      11
2020_10_31	  107504	    3717	     435	      11
2020_11_01	  107939	    3729	     435	      12
2020_11_02	  108383	    3740	     444	      11
2020_11_03	  108827	    3752	     444	      12
2020_11_04	  109272	    3764	     445	      12
2020_11_05	  109716	    3775	     444	      11
2020_11_06	  110161	    3787	     445	      12
2020_11_07	  110605	    3799	     444	      12
2020_11_08	  111050	    3811	     445	      12
2020_11_09	  111574	    3826	     524	      15
2020_11_10	  112098	    3842	     524	      16
2020_11_11	  112622	    3857	     524	      15
2020_11_12	  113146	    3873	     524	      16
2020_11_13	  113670	    3888	     524	      15
2020_11_14	  114194	    3904	     524	      16
2020_11_15	  114719	    3920	     525	      16
2020_11_16	  115247	    3942	     528	      22
2020_11_17	  115775	    3964	     528	      22
2020_11_18	  116303	    3986	     528	      22
2020_11_19	  116832	    4008	     529	      22
2020_11_20	  117360	    4030	     528	      22
2020_11_21	  117888	    4052	     528	      22
2020_11_22	  118417	    4074	     529	      22
2020_11_23	  118900	    4086	     483	      12
2020_11_24	  119383	    4098	     483	      12
2020_11_25	  119866	    4111	     483	      13
2020_11_26	  120349	    4123	     483	      12
2020_11_27	  120832	    4136	     483	      13
2020_11_28	  121315	    4148	     483	      12
2020_11_29	  121798	    4161	     483	      13
2020_11_30	  122305	    4172	     507	      11
2020_12_01	  122813	    4183	     508	      11
2020_12_02	  123321	    4194	     508	      11
2020_12_03	  123828	    4205	     507	      11
2020_12_04	  124336	    4216	     508	      11
2020_12_05	  124844	    4227	     508	      11
2020_12_06	  125352	    4239	     508	      12
2020_12_07	  125887	    4262	     535	      23
2020_12_08	  126422	    4286	     535	      24
2020_12_09	  126957	    4310	     535	      24
2020_12_10	  127493	    4333	     536	      23
2020_12_11	  128028	    4357	     535	      24
2020_12_12	  128563	    4381	     535	      24
2020_12_13	  129099	    4405	     536	      24
2020_12_14	  129598	    4436	     499	      31
2020_12_15	  130097	    4467	     499	      31
2020_12_16	  130597	    4498	     500	      31
2020_12_17	  131096	    4530	     499	      32
2020_12_18	  131596	    4561	     500	      31
2020_12_19	  132095	    4592	     499	      31
2020_12_20	  132595	    4624	     500	      32
2020_12_21	  132963	    4643	     368	      19
2020_12_22	  133331	    4663	     368	      20
2020_12_23	  133699	    4683	     368	      20
2020_12_24	  134067	    4703	     368	      20
2020_12_25	  134435	    4723	     368	      20
2020_12_26	  134803	    4743	     368	      20
2020_12_27	  135171	    4763	     368	      20
2020_12_28	  135620	    4772	     449	       9
2020_12_29	  136069	    4781	     449	       9
2020_12_30	  136518	    4790	     449	       9
2020_12_31	  136968	    4799	     450	       9
2021_01_01	  137417	    4808	     449	       9
2021_01_02	  137866	    4817	     449	       9
2021_01_03	  138316	    4827	     450	      10
2021_01_04	  139003	    4851	     687	      24
2021_01_05	  139690	    4876	     687	      25
2021_01_06	  140377	    4900	     687	      24
2021_01_07	  141065	    4925	     688	      25
2021_01_08	  141752	    4949	     687	      24
2021_01_09	  142439	    4974	     687	      25
2021_01_10	  143127	    4999	     688	      25
2021_01_11	  143908	    5030	     781	      31
2021_01_12	  144690	    5062	     782	      32
2021_01_13	  145471	    5093	     781	      31
2021_01_14	  146253	    5125	     782	      32
2021_01_15	  147034	    5156	     781	      31
2021_01_16	  147816	    5188	     782	      32
2021_01_17	  148598	    5220	     782	      32
2021_01_18	  149354	    5253	     756	      33
2021_01_19	  150110	    5287	     756	      34
2021_01_20	  150866	    5321	     756	      34
2021_01_21	  151622	    5354	     756	      33
2021_01_22	  152378	    5388	     756	      34
2021_01_23	  153134	    5422	     756	      34
2021_01_24	  153890	    5456	     756	      34
2021_01_25	  154636	    5479	     746	      23
2021_01_26	  155383	    5502	     747	      23
2021_01_27	  156130	    5525	     747	      23
2021_01_28	  156877	    5548	     747	      23
2021_01_29	  157624	    5571	     747	      23
2021_01_30	  158371	    5594	     747	      23
2021_01_31	  159118	    5618	     747	      24
2021_02_01	  159663	    5651	     545	      33
2021_02_02	  160209	    5685	     546	      34
2021_02_03	  160754	    5719	     545	      34
2021_02_04	  161300	    5752	     546	      33
2021_02_05	  161845	    5786	     545	      34
2021_02_06	  162391	    5820	     546	      34
2021_02_07	  162937	    5854	     546	      34
2021_02_08	  163527	    5888	     590	      34
2021_02_09	  164118	    5922	     591	      34
2021_02_10	  164708	    5956	     590	      34
2021_02_11	  165299	    5991	     591	      35
2021_02_12	  165889	    6025	     590	      34
2021_02_13	  166480	    6059	     591	      34
2021_02_14	  167071	    6094	     591	      35
2021_02_15	  167622	    6116	     551	      22
2021_02_16	  168173	    6138	     551	      22
2021_02_17	  168725	    6160	     552	      22
2021_02_18	  169276	    6182	     551	      22
2021_02_19	  169828	    6204	     552	      22
2021_02_20	  170379	    6226	     551	      22
2021_02_21	  170931	    6249	     552	      23
2021_02_22	  171417	    6266	     486	      17
2021_02_23	  171903	    6284	     486	      18
2021_02_24	  172389	    6302	     486	      18
2021_02_25	  172876	    6320	     487	      18
2021_02_26	  173362	    6338	     486	      18
2021_02_27	  173848	    6356	     486	      18
2021_02_28	  174335	    6374	     487	      18
2021_03_01	  174906	    6387	     571	      13
2021_03_02	  175478	    6400	     572	      13
2021_03_03	  176050	    6413	     572	      13
2021_03_04	  176621	    6427	     571	      14
2021_03_05	  177193	    6440	     572	      13
2021_03_06	  177765	    6453	     572	      13
2021_03_07	  178337	    6467	     572	      14
2021_03_08	  178957	    6480	     620	      13
2021_03_09	  179577	    6494	     620	      14
2021_03_10	  180197	    6508	     620	      14
2021_03_11	  180818	    6521	     621	      13
2021_03_12	  181438	    6535	     620	      14
2021_03_13	  182058	    6549	     620	      14
2021_03_14	  182679	    6563	     621	      14
2021_03_15	  183390	    6580	     711	      17
2021_03_16	  184101	    6597	     711	      17
2021_03_17	  184813	    6615	     712	      18
2021_03_18	  185524	    6632	     711	      17
2021_03_19	  186236	    6650	     712	      18
2021_03_20	  186947	    6667	     711	      17
2021_03_21	  187659	    6685	     712	      18
2021_03_22	  188298	    6697	     639	      12
2021_03_23	  188937	    6710	     639	      13
2021_03_24	  189576	    6723	     639	      13
2021_03_25	  190215	    6736	     639	      13
2021_03_26	  190854	    6749	     639	      13
2021_03_27	  191493	    6762	     639	      13
2021_03_28	  192133	    6775	     640	      13
2021_03_29	  192547	    6789	     414	      14
2021_03_30	  192962	    6803	     415	      14
2021_03_31	  193377	    6817	     415	      14
2021_04_01	  193791	    6832	     414	      15
2021_04_02	  194206	    6846	     415	      14
2021_04_03	  194621	    6860	     415	      14
2021_04_04	  195036	    6875	     415	      15
2021_04_05	  196122	    6893	    1086	      18
2021_04_06	  197208	    6911	    1086	      18
2021_04_07	  198294	    6929	    1086	      18
2021_04_08	  199381	    6947	    1087	      18
2021_04_09	  200467	    6965	    1086	      18
2021_04_10	  201553	    6983	    1086	      18
2021_04_11	  202640	    7001	    1087	      18
2021_04_12	  204021	    7028	    1381	      27
2021_04_13	  205402	    7055	    1381	      27
2021_04_14	  206783	    7082	    1381	      27
2021_04_15	  208164	    7109	    1381	      27
2021_04_16	  209545	    7136	    1381	      27
2021_04_17	  210926	    7163	    1381	      27
2021_04_18	  212307	    7190	    1381	      27
2021_04_19	  213592	    7219	    1285	      29
2021_04_20	  214878	    7248	    1286	      29
2021_04_21	  216164	    7277	    1286	      29
2021_04_22	  217449	    7307	    1285	      30
2021_04_23	  218735	    7336	    1286	      29
2021_04_24	  220021	    7365	    1286	      29
2021_04_25	  221307	    7395	    1286	      30
2021_04_26	  222331	    7416	    1024	      21
2021_04_27	  223355	    7437	    1024	      21
2021_04_28	  224379	    7458	    1024	      21
2021_04_29	  225404	    7479	    1025	      21
2021_04_30	  226428	    7500	    1024	      21
2021_05_01	  227452	    7521	    1024	      21
2021_05_02	  228477	    7543	    1025	      22
2021_05_03	  229392	    7567	     915	      24
2021_05_04	  230307	    7592	     915	      25
2021_05_05	  231222	    7617	     915	      25
2021_05_06	  232137	    7642	     915	      25
2021_05_07	  233052	    7667	     915	      25
2021_05_08	  233967	    7692	     915	      25
2021_05_09	  234883	    7717	     916	      25
2021_05_10	  235638	    7735	     755	      18
2021_05_11	  236393	    7753	     755	      18
2021_05_12	  237148	    7771	     755	      18
2021_05_13	  237904	    7790	     756	      19
2021_05_14	  238659	    7808	     755	      18
2021_05_15	  239414	    7826	     755	      18
2021_05_16	  240170	    7845	     756	      19
2021_05_17	  241160	    7866	     990	      21
2021_05_18	  242151	    7888	     991	      22
2021_05_19	  243142	    7909	     991	      21
2021_05_20	  244133	    7931	     991	      22
2021_05_21	  245124	    7952	     991	      21
2021_05_22	  246115	    7974	     991	      22
2021_05_23	  247106	    7996	     991	      22
2021_05_24	  248067	    8013	     961	      17
2021_05_25	  249029	    8031	     962	      18
2021_05_26	  249990	    8049	     961	      18
2021_05_27	  250952	    8067	     962	      18
2021_05_28	  251913	    8085	     961	      18
2021_05_29	  252875	    8103	     962	      18
2021_05_30	  253837	    8121	     962	      18
2021_05_31	  254916	    8143	    1079	      22
2021_06_01	  255995	    8166	    1079	      23
2021_06_02	  257074	    8189	    1079	      23
2021_06_03	  258154	    8211	    1080	      22
2021_06_04	  259233	    8234	    1079	      23
2021_06_05	  260312	    8257	    1079	      23
2021_06_06	  261392	    8280	    1080	      23
2021_06_07	  262522	    8299	    1130	      19
2021_06_08	  263653	    8318	    1131	      19
2021_06_09	  264784	    8338	    1131	      20
2021_06_10	  265915	    8357	    1131	      19
2021_06_11	  267046	    8377	    1131	      20
2021_06_12	  268177	    8396	    1131	      19
2021_06_13	  269308	    8416	    1131	      20
