#
# COVID-19 Country file (official WHO count)
# Country = Guinea-Bissau
# Latitude = 12.0
# Population = 2000.694
# Territory = 36125.0
# LEB = 58.3
# DPA = 18000
# DPA65 = 3960
# GDP = 766.0
# GDP_PPP = 1904.0
# COVID-19 Mortality = 34.5
# First_Case = 2020_03_26
# Last_Case = 2021_06_13
# First_Death = 2020_04_27
# Last_Death = 2021_06_13
# Status as of 2021_06_13 = Community transmission
# Vaccine type = Unknown
# Vaccine start = NA
#
Date	Conf_Cases	Conf_Deaths	Daily_Cases	Daily_Deaths
2020_03_26	       2	       0	       2	       0
2020_03_27	       2	       0	       0	       0
2020_03_28	       2	       0	       0	       0
2020_03_29	       2	       0	       0	       0
2020_03_30	       2	       0	       0	       0
2020_03_31	       2	       0	       0	       0
2020_04_01	       9	       0	       7	       0
2020_04_02	       9	       0	       0	       0
2020_04_03	       9	       0	       0	       0
2020_04_04	      15	       0	       6	       0
2020_04_05	      18	       0	       3	       0
2020_04_06	      18	       0	       0	       0
2020_04_07	      33	       0	      15	       0
2020_04_08	      33	       0	       0	       0
2020_04_09	      33	       0	       0	       0
2020_04_10	      35	       0	       2	       0
2020_04_11	      35	       0	       0	       0
2020_04_12	      38	       0	       3	       0
2020_04_13	      39	       0	       1	       0
2020_04_14	      39	       0	       0	       0
2020_04_15	      40	       0	       1	       0
2020_04_16	      43	       0	       3	       0
2020_04_17	      46	       0	       3	       0
2020_04_18	      50	       0	       4	       0
2020_04_19	      50	       0	       0	       0
2020_04_20	      50	       0	       0	       0
2020_04_21	      50	       0	       0	       0
2020_04_22	      50	       0	       0	       0
2020_04_23	      50	       0	       0	       0
2020_04_24	      52	       0	       2	       0
2020_04_25	      52	       0	       0	       0
2020_04_26	      52	       0	       0	       0
2020_04_27	      53	       1	       1	       1
2020_04_28	      73	       1	      20	       0
2020_04_29	      73	       1	       0	       0
2020_04_30	      77	       1	       4	       0
2020_05_01	     201	       1	     124	       0
2020_05_02	     257	       1	      56	       0
2020_05_03	     260	       1	       3	       0
2020_05_04	     292	       2	      32	       1
2020_05_05	     292	       2	       0	       0
2020_05_06	     292	       2	       0	       0
2020_05_07	     508	       2	     216	       0
2020_05_08	     508	       2	       0	       0
2020_05_09	     508	       2	       0	       0
2020_05_10	     642	       3	     134	       1
2020_05_11	     642	       3	       0	       0
2020_05_12	     761	       3	     119	       0
2020_05_13	     820	       3	      59	       0
2020_05_14	     836	       3	      16	       0
2020_05_15	     913	       3	      77	       0
2020_05_16	     913	       3	       0	       0
2020_05_17	     913	       3	       0	       0
2020_05_18	     990	       4	      77	       1
2020_05_19	    1038	       6	      48	       2
2020_05_20	    1038	       6	       0	       0
2020_05_21	    1089	       6	      51	       0
2020_05_22	    1109	       6	      20	       0
2020_05_23	    1114	       6	       5	       0
2020_05_24	    1114	       6	       0	       0
2020_05_25	    1173	       6	      59	       0
2020_05_26	    1173	       6	       0	       0
2020_05_27	    1173	       6	       0	       0
2020_05_28	    1173	       6	       0	       0
2020_05_29	    1195	       8	      22	       2
2020_05_30	    1256	       8	      61	       0
2020_05_31	    1256	       8	       0	       0
2020_06_01	    1322	       8	      66	       0
2020_06_02	    1339	       8	      17	       0
2020_06_03	    1339	       8	       0	       0
2020_06_04	    1346	       9	       7	       1
2020_06_05	    1346	       9	       0	       0
2020_06_06	    1368	      12	      22	       3
2020_06_07	    1368	      12	       0	       0
2020_06_08	    1368	      12	       0	       0
2020_06_09	    1389	      12	      21	       0
2020_06_10	    1389	      12	       0	       0
2020_06_11	    1389	      12	       0	       0
2020_06_12	    1389	      12	       0	       0
2020_06_13	    1389	      12	       0	       0
2020_06_14	    1460	      15	      71	       3
2020_06_15	    1460	      15	       0	       0
2020_06_16	    1460	      15	       0	       0
2020_06_17	    1492	      15	      32	       0
2020_06_18	    1492	      15	       0	       0
2020_06_19	    1512	      16	      20	       1
2020_06_20	    1512	      16	       0	       0
2020_06_21	    1512	      16	       0	       0
2020_06_22	    1512	      16	       0	       0
2020_06_23	    1556	      19	      44	       3
2020_06_24	    1556	      19	       0	       0
2020_06_25	    1556	      19	       0	       0
2020_06_26	    1556	      19	       0	       0
2020_06_27	    1556	      19	       0	       0
2020_06_28	    1614	      21	      58	       2
2020_06_29	    1614	      21	       0	       0
2020_06_30	    1654	      24	      40	       3
2020_07_01	    1654	      24	       0	       0
2020_07_02	    1710	      24	      56	       0
2020_07_03	    1710	      24	       0	       0
2020_07_04	    1765	      25	      55	       1
2020_07_05	    1765	      25	       0	       0
2020_07_06	    1765	      25	       0	       0
2020_07_07	    1790	      25	      25	       0
2020_07_08	    1790	      25	       0	       0
2020_07_09	    1790	      25	       0	       0
2020_07_10	    1790	      25	       0	       0
2020_07_11	    1842	      25	      52	       0
2020_07_12	    1842	      25	       0	       0
2020_07_13	    1842	      25	       0	       0
2020_07_14	    1902	      26	      60	       1
2020_07_15	    1902	      26	       0	       0
2020_07_16	    1927	      26	      25	       0
2020_07_17	    1927	      26	       0	       0
2020_07_18	    1950	      26	      23	       0
2020_07_19	    1950	      26	       0	       0
2020_07_20	    1950	      26	       0	       0
2020_07_21	    1954	      26	       4	       0
2020_07_22	    1954	      26	       0	       0
2020_07_23	    1954	      26	       0	       0
2020_07_24	    1954	      26	       0	       0
2020_07_25	    1954	      26	       0	       0
2020_07_26	    1954	      26	       0	       0
2020_07_27	    1954	      26	       0	       0
2020_07_28	    1954	      26	       0	       0
2020_07_29	    1954	      26	       0	       0
2020_07_30	    1981	      26	      27	       0
2020_07_31	    1981	      26	       0	       0
2020_08_01	    1981	      27	       0	       1
2020_08_02	    1981	      27	       0	       0
2020_08_03	    1981	      27	       0	       0
2020_08_04	    1981	      27	       0	       0
2020_08_05	    2022	      27	      41	       0
2020_08_06	    2032	      27	      10	       0
2020_08_07	    2032	      27	       0	       0
2020_08_08	    2052	      29	      20	       2
2020_08_09	    2052	      29	       0	       0
2020_08_10	    2052	      29	       0	       0
2020_08_11	    2052	      29	       0	       0
2020_08_12	    2052	      29	       0	       0
2020_08_13	    2052	      29	       0	       0
2020_08_14	    2052	      29	       0	       0
2020_08_15	    2117	      33	      65	       4
2020_08_16	    2117	      33	       0	       0
2020_08_17	    2121	      33	       4	       0
2020_08_18	    2126	      33	       5	       0
2020_08_19	    2130	      33	       4	       0
2020_08_20	    2135	      33	       5	       0
2020_08_21	    2139	      33	       4	       0
2020_08_22	    2144	      33	       5	       0
2020_08_23	    2149	      33	       5	       0
2020_08_24	    2149	      33	       0	       0
2020_08_25	    2149	      33	       0	       0
2020_08_26	    2149	      33	       0	       0
2020_08_27	    2149	      33	       0	       0
2020_08_28	    2149	      33	       0	       0
2020_08_29	    2149	      33	       0	       0
2020_08_30	    2149	      33	       0	       0
2020_08_31	    2162	      33	      13	       0
2020_09_01	    2176	      34	      14	       1
2020_09_02	    2190	      35	      14	       1
2020_09_03	    2203	      35	      13	       0
2020_09_04	    2217	      36	      14	       1
2020_09_05	    2231	      37	      14	       1
2020_09_06	    2245	      38	      14	       1
2020_09_07	    2249	      38	       4	       0
2020_09_08	    2253	      38	       4	       0
2020_09_09	    2257	      38	       4	       0
2020_09_10	    2262	      38	       5	       0
2020_09_11	    2266	      38	       4	       0
2020_09_12	    2270	      38	       4	       0
2020_09_13	    2275	      39	       5	       1
2020_09_14	    2279	      39	       4	       0
2020_09_15	    2283	      39	       4	       0
2020_09_16	    2287	      39	       4	       0
2020_09_17	    2291	      39	       4	       0
2020_09_18	    2295	      39	       4	       0
2020_09_19	    2299	      39	       4	       0
2020_09_20	    2303	      39	       4	       0
2020_09_21	    2306	      39	       3	       0
2020_09_22	    2309	      39	       3	       0
2020_09_23	    2312	      39	       3	       0
2020_09_24	    2315	      39	       3	       0
2020_09_25	    2318	      39	       3	       0
2020_09_26	    2321	      39	       3	       0
2020_09_27	    2324	      39	       3	       0
2020_09_28	    2329	      39	       5	       0
2020_09_29	    2334	      39	       5	       0
2020_09_30	    2340	      39	       6	       0
2020_10_01	    2345	      39	       5	       0
2020_10_02	    2351	      39	       6	       0
2020_10_03	    2356	      39	       5	       0
2020_10_04	    2362	      39	       6	       0
2020_10_05	    2365	      39	       3	       0
2020_10_06	    2368	      39	       3	       0
2020_10_07	    2371	      39	       3	       0
2020_10_08	    2375	      39	       4	       0
2020_10_09	    2378	      39	       3	       0
2020_10_10	    2381	      39	       3	       0
2020_10_11	    2385	      40	       4	       1
2020_10_12	    2387	      40	       2	       0
2020_10_13	    2390	      40	       3	       0
2020_10_14	    2392	      40	       2	       0
2020_10_15	    2395	      40	       3	       0
2020_10_16	    2397	      40	       2	       0
2020_10_17	    2400	      40	       3	       0
2020_10_18	    2403	      41	       3	       1
2020_10_19	    2403	      41	       0	       0
2020_10_20	    2403	      41	       0	       0
2020_10_21	    2403	      41	       0	       0
2020_10_22	    2403	      41	       0	       0
2020_10_23	    2403	      41	       0	       0
2020_10_24	    2403	      41	       0	       0
2020_10_25	    2403	      41	       0	       0
2020_10_26	    2404	      41	       1	       0
2020_10_27	    2405	      41	       1	       0
2020_10_28	    2407	      41	       2	       0
2020_10_29	    2408	      41	       1	       0
2020_10_30	    2410	      41	       2	       0
2020_10_31	    2411	      41	       1	       0
2020_11_01	    2413	      41	       2	       0
2020_11_02	    2413	      41	       0	       0
2020_11_03	    2413	      41	       0	       0
2020_11_04	    2413	      41	       0	       0
2020_11_05	    2413	      41	       0	       0
2020_11_06	    2413	      41	       0	       0
2020_11_07	    2413	      41	       0	       0
2020_11_08	    2413	      41	       0	       0
2020_11_09	    2413	      41	       0	       0
2020_11_10	    2414	      41	       1	       0
2020_11_11	    2415	      41	       1	       0
2020_11_12	    2416	      42	       1	       1
2020_11_13	    2417	      42	       1	       0
2020_11_14	    2418	      42	       1	       0
2020_11_15	    2419	      43	       1	       1
2020_11_16	    2419	      43	       0	       0
2020_11_17	    2419	      43	       0	       0
2020_11_18	    2419	      43	       0	       0
2020_11_19	    2420	      43	       1	       0
2020_11_20	    2420	      43	       0	       0
2020_11_21	    2420	      43	       0	       0
2020_11_22	    2421	      43	       1	       0
2020_11_23	    2421	      43	       0	       0
2020_11_24	    2421	      43	       0	       0
2020_11_25	    2421	      43	       0	       0
2020_11_26	    2421	      43	       0	       0
2020_11_27	    2421	      43	       0	       0
2020_11_28	    2421	      43	       0	       0
2020_11_29	    2422	      43	       1	       0
2020_11_30	    2424	      43	       2	       0
2020_12_01	    2427	      43	       3	       0
2020_12_02	    2430	      43	       3	       0
2020_12_03	    2432	      43	       2	       0
2020_12_04	    2435	      43	       3	       0
2020_12_05	    2438	      43	       3	       0
2020_12_06	    2441	      44	       3	       1
2020_12_07	    2441	      44	       0	       0
2020_12_08	    2441	      44	       0	       0
2020_12_09	    2442	      44	       1	       0
2020_12_10	    2442	      44	       0	       0
2020_12_11	    2443	      44	       1	       0
2020_12_12	    2443	      44	       0	       0
2020_12_13	    2444	      44	       1	       0
2020_12_14	    2444	      44	       0	       0
2020_12_15	    2444	      44	       0	       0
2020_12_16	    2445	      44	       1	       0
2020_12_17	    2445	      44	       0	       0
2020_12_18	    2446	      44	       1	       0
2020_12_19	    2446	      44	       0	       0
2020_12_20	    2447	      44	       1	       0
2020_12_21	    2447	      44	       0	       0
2020_12_22	    2447	      44	       0	       0
2020_12_23	    2447	      44	       0	       0
2020_12_24	    2447	      44	       0	       0
2020_12_25	    2447	      44	       0	       0
2020_12_26	    2447	      44	       0	       0
2020_12_27	    2447	      45	       0	       1
2020_12_28	    2447	      45	       0	       0
2020_12_29	    2447	      45	       0	       0
2020_12_30	    2447	      45	       0	       0
2020_12_31	    2447	      45	       0	       0
2021_01_01	    2447	      45	       0	       0
2021_01_02	    2447	      45	       0	       0
2021_01_03	    2447	      45	       0	       0
2021_01_04	    2447	      45	       0	       0
2021_01_05	    2447	      45	       0	       0
2021_01_06	    2447	      45	       0	       0
2021_01_07	    2447	      45	       0	       0
2021_01_08	    2447	      45	       0	       0
2021_01_09	    2447	      45	       0	       0
2021_01_10	    2447	      45	       0	       0
2021_01_11	    2451	      45	       4	       0
2021_01_12	    2455	      45	       4	       0
2021_01_13	    2460	      45	       5	       0
2021_01_14	    2464	      45	       4	       0
2021_01_15	    2469	      45	       5	       0
2021_01_16	    2473	      45	       4	       0
2021_01_17	    2478	      45	       5	       0
2021_01_18	    2485	      45	       7	       0
2021_01_19	    2493	      45	       8	       0
2021_01_20	    2500	      45	       7	       0
2021_01_21	    2508	      45	       8	       0
2021_01_22	    2515	      45	       7	       0
2021_01_23	    2523	      45	       8	       0
2021_01_24	    2531	      45	       8	       0
2021_01_25	    2544	      45	      13	       0
2021_01_26	    2557	      45	      13	       0
2021_01_27	    2570	      45	      13	       0
2021_01_28	    2583	      45	      13	       0
2021_01_29	    2596	      45	      13	       0
2021_01_30	    2609	      45	      13	       0
2021_01_31	    2623	      45	      14	       0
2021_02_01	    2644	      45	      21	       0
2021_02_02	    2665	      45	      21	       0
2021_02_03	    2686	      45	      21	       0
2021_02_04	    2708	      45	      22	       0
2021_02_05	    2729	      45	      21	       0
2021_02_06	    2750	      45	      21	       0
2021_02_07	    2772	      46	      22	       1
2021_02_08	    2788	      46	      16	       0
2021_02_09	    2804	      46	      16	       0
2021_02_10	    2820	      46	      16	       0
2021_02_11	    2836	      46	      16	       0
2021_02_12	    2852	      46	      16	       0
2021_02_13	    2868	      46	      16	       0
2021_02_14	    2885	      46	      17	       0
2021_02_15	    2914	      46	      29	       0
2021_02_16	    2943	      46	      29	       0
2021_02_17	    2973	      46	      30	       0
2021_02_18	    3002	      46	      29	       0
2021_02_19	    3032	      46	      30	       0
2021_02_20	    3061	      46	      29	       0
2021_02_21	    3091	      46	      30	       0
2021_02_22	    3113	      46	      22	       0
2021_02_23	    3135	      46	      22	       0
2021_02_24	    3157	      46	      22	       0
2021_02_25	    3180	      47	      23	       1
2021_02_26	    3202	      47	      22	       0
2021_02_27	    3224	      47	      22	       0
2021_02_28	    3247	      48	      23	       1
2021_03_01	    3256	      48	       9	       0
2021_03_02	    3265	      48	       9	       0
2021_03_03	    3274	      48	       9	       0
2021_03_04	    3284	      48	      10	       0
2021_03_05	    3293	      48	       9	       0
2021_03_06	    3302	      48	       9	       0
2021_03_07	    3312	      49	      10	       1
2021_03_08	    3329	      49	      17	       0
2021_03_09	    3347	      49	      18	       0
2021_03_10	    3365	      50	      18	       1
2021_03_11	    3382	      50	      17	       0
2021_03_12	    3400	      51	      18	       1
2021_03_13	    3418	      51	      18	       0
2021_03_14	    3436	      52	      18	       1
2021_03_15	    3453	      52	      17	       0
2021_03_16	    3470	      52	      17	       0
2021_03_17	    3488	      53	      18	       1
2021_03_18	    3505	      53	      17	       0
2021_03_19	    3523	      54	      18	       1
2021_03_20	    3540	      54	      17	       0
2021_03_21	    3558	      55	      18	       1
2021_03_22	    3568	      55	      10	       0
2021_03_23	    3578	      56	      10	       1
2021_03_24	    3588	      57	      10	       1
2021_03_25	    3599	      58	      11	       1
2021_03_26	    3609	      59	      10	       1
2021_03_27	    3619	      60	      10	       1
2021_03_28	    3630	      61	      11	       1
2021_03_29	    3634	      61	       4	       0
2021_03_30	    3638	      62	       4	       1
2021_03_31	    3643	      62	       5	       0
2021_04_01	    3647	      63	       4	       1
2021_04_02	    3652	      63	       5	       0
2021_04_03	    3656	      64	       4	       1
2021_04_04	    3661	      65	       5	       1
2021_04_05	    3663	      65	       2	       0
2021_04_06	    3665	      65	       2	       0
2021_04_07	    3668	      65	       3	       0
2021_04_08	    3670	      65	       2	       0
2021_04_09	    3673	      65	       3	       0
2021_04_10	    3675	      65	       2	       0
2021_04_11	    3678	      66	       3	       1
2021_04_12	    3682	      66	       4	       0
2021_04_13	    3687	      66	       5	       0
2021_04_14	    3691	      66	       4	       0
2021_04_15	    3696	      66	       5	       0
2021_04_16	    3700	      66	       4	       0
2021_04_17	    3705	      66	       5	       0
2021_04_18	    3710	      66	       5	       0
2021_04_19	    3712	      66	       2	       0
2021_04_20	    3714	      66	       2	       0
2021_04_21	    3716	      66	       2	       0
2021_04_22	    3718	      66	       2	       0
2021_04_23	    3720	      66	       2	       0
2021_04_24	    3722	      66	       2	       0
2021_04_25	    3724	      67	       2	       1
2021_04_26	    3725	      67	       1	       0
2021_04_27	    3727	      67	       2	       0
2021_04_28	    3729	      67	       2	       0
2021_04_29	    3730	      67	       1	       0
2021_04_30	    3732	      67	       2	       0
2021_05_01	    3734	      67	       2	       0
2021_05_02	    3736	      67	       2	       0
2021_05_03	    3736	      67	       0	       0
2021_05_04	    3736	      67	       0	       0
2021_05_05	    3737	      67	       1	       0
2021_05_06	    3737	      67	       0	       0
2021_05_07	    3738	      67	       1	       0
2021_05_08	    3738	      67	       0	       0
2021_05_09	    3739	      67	       1	       0
2021_05_10	    3740	      67	       1	       0
2021_05_11	    3741	      67	       1	       0
2021_05_12	    3742	      67	       1	       0
2021_05_13	    3743	      67	       1	       0
2021_05_14	    3744	      67	       1	       0
2021_05_15	    3745	      67	       1	       0
2021_05_16	    3746	      67	       1	       0
2021_05_17	    3746	      67	       0	       0
2021_05_18	    3746	      67	       0	       0
2021_05_19	    3747	      67	       1	       0
2021_05_20	    3747	      67	       0	       0
2021_05_21	    3748	      67	       1	       0
2021_05_22	    3748	      67	       0	       0
2021_05_23	    3749	      68	       1	       1
2021_05_24	    3750	      68	       1	       0
2021_05_25	    3752	      68	       2	       0
2021_05_26	    3754	      68	       2	       0
2021_05_27	    3755	      68	       1	       0
2021_05_28	    3757	      68	       2	       0
2021_05_29	    3759	      68	       2	       0
2021_05_30	    3761	      68	       2	       0
2021_05_31	    3764	      68	       3	       0
2021_06_01	    3768	      68	       4	       0
2021_06_02	    3772	      68	       4	       0
2021_06_03	    3775	      68	       3	       0
2021_06_04	    3779	      68	       4	       0
2021_06_05	    3783	      68	       4	       0
2021_06_06	    3787	      68	       4	       0
2021_06_07	    3789	      68	       2	       0
2021_06_08	    3791	      68	       2	       0
2021_06_09	    3793	      68	       2	       0
2021_06_10	    3795	      68	       2	       0
2021_06_11	    3797	      68	       2	       0
2021_06_12	    3799	      68	       2	       0
2021_06_13	    3802	      69	       3	       1
