#
# COVID-19 Country file (official WHO count)
# Country = Guyana
# Latitude = 7.0
# Population = 790.782
# Territory = 214969.0
# LEB = 69.9
# DPA = 6000
# DPA65 = 2340
# GDP = 4929.0
# GDP_PPP = 11368.0
# COVID-19 Mortality = 529.9
# First_Case = 2020_03_13
# Last_Case = 2021_06_13
# First_Death = 2020_03_13
# Last_Death = 2021_06_13
# Status as of 2021_06_13 = Community transmission
# Vaccine type = Oxford/AstraZeneca
# Vaccine start = 2021_02_11
#
Date	Conf_Cases	Conf_Deaths	Daily_Cases	Daily_Deaths
2020_03_13	       1	       1	       1	       1
2020_03_14	       6	       1	       5	       0
2020_03_15	       1	       1	      -5	       0
2020_03_16	       4	       1	       3	       0
2020_03_17	       4	       1	       0	       0
2020_03_18	       4	       1	       0	       0
2020_03_19	       4	       1	       0	       0
2020_03_20	       5	       1	       1	       0
2020_03_21	       5	       1	       0	       0
2020_03_22	       5	       1	       0	       0
2020_03_23	       5	       1	       0	       0
2020_03_24	       5	       1	       0	       0
2020_03_25	       5	       1	       0	       0
2020_03_26	       5	       1	       0	       0
2020_03_27	       5	       1	       0	       0
2020_03_28	       5	       1	       0	       0
2020_03_29	       5	       1	       0	       0
2020_03_30	       5	       1	       0	       0
2020_03_31	       8	       1	       3	       0
2020_04_01	      12	       2	       4	       1
2020_04_02	      19	       2	       7	       0
2020_04_03	      19	       4	       0	       2
2020_04_04	      19	       4	       0	       0
2020_04_05	      23	       4	       4	       0
2020_04_06	      24	       4	       1	       0
2020_04_07	      29	       4	       5	       0
2020_04_08	      31	       5	       2	       1
2020_04_09	      33	       5	       2	       0
2020_04_10	      37	       6	       4	       1
2020_04_11	      37	       6	       0	       0
2020_04_12	      37	       6	       0	       0
2020_04_13	      37	       6	       0	       0
2020_04_14	      47	       6	      10	       0
2020_04_15	      47	       6	       0	       0
2020_04_16	      48	       6	       1	       0
2020_04_17	      55	       6	       7	       0
2020_04_18	      57	       6	       2	       0
2020_04_19	      63	       6	       6	       0
2020_04_20	      63	       7	       0	       1
2020_04_21	      65	       7	       2	       0
2020_04_22	      66	       7	       1	       0
2020_04_23	      67	       7	       1	       0
2020_04_24	      67	       7	       0	       0
2020_04_25	      70	       7	       3	       0
2020_04_26	      73	       7	       3	       0
2020_04_27	      74	       8	       1	       1
2020_04_28	      74	       8	       0	       0
2020_04_29	      74	       8	       0	       0
2020_04_30	      75	       8	       1	       0
2020_05_01	      78	       8	       3	       0
2020_05_02	      82	       9	       4	       1
2020_05_03	      82	       9	       0	       0
2020_05_04	      82	       9	       0	       0
2020_05_05	      82	       9	       0	       0
2020_05_06	      92	       9	      10	       0
2020_05_07	      93	      10	       1	       1
2020_05_08	      93	      10	       0	       0
2020_05_09	      93	      10	       0	       0
2020_05_10	      93	      10	       0	       0
2020_05_11	      97	      10	       4	       0
2020_05_12	     104	      10	       7	       0
2020_05_13	     109	      10	       5	       0
2020_05_14	     113	      10	       4	       0
2020_05_15	     113	      10	       0	       0
2020_05_16	     113	      10	       0	       0
2020_05_17	     116	      10	       3	       0
2020_05_18	     117	      10	       1	       0
2020_05_19	     117	      10	       0	       0
2020_05_20	     124	      10	       7	       0
2020_05_21	     125	      10	       1	       0
2020_05_22	     125	      10	       0	       0
2020_05_23	     127	      10	       2	       0
2020_05_24	     127	      10	       0	       0
2020_05_25	     127	      10	       0	       0
2020_05_26	     135	      10	       8	       0
2020_05_27	     137	      11	       2	       1
2020_05_28	     139	      11	       2	       0
2020_05_29	     139	      11	       0	       0
2020_05_30	     150	      11	      11	       0
2020_05_31	     150	      11	       0	       0
2020_06_01	     152	      12	       2	       1
2020_06_02	     153	      12	       1	       0
2020_06_03	     153	      12	       0	       0
2020_06_04	     153	      12	       0	       0
2020_06_05	     153	      12	       0	       0
2020_06_06	     153	      12	       0	       0
2020_06_07	     153	      12	       0	       0
2020_06_08	     154	      12	       1	       0
2020_06_09	     154	      12	       0	       0
2020_06_10	     154	      12	       0	       0
2020_06_11	     156	      12	       2	       0
2020_06_12	     156	      12	       0	       0
2020_06_13	     158	      12	       2	       0
2020_06_14	     159	      12	       1	       0
2020_06_15	     159	      12	       0	       0
2020_06_16	     159	      12	       0	       0
2020_06_17	     159	      12	       0	       0
2020_06_18	     171	      12	      12	       0
2020_06_19	     183	      12	      12	       0
2020_06_20	     183	      12	       0	       0
2020_06_21	     183	      12	       0	       0
2020_06_22	     183	      12	       0	       0
2020_06_23	     184	      12	       1	       0
2020_06_24	     205	      12	      21	       0
2020_06_25	     206	      12	       1	       0
2020_06_26	     209	      12	       3	       0
2020_06_27	     215	      12	       6	       0
2020_06_28	     230	      12	      15	       0
2020_06_29	     230	      12	       0	       0
2020_06_30	     230	      12	       0	       0
2020_07_01	     235	      12	       5	       0
2020_07_02	     245	      12	      10	       0
2020_07_03	     248	      12	       3	       0
2020_07_04	     250	      14	       2	       2
2020_07_05	     256	      14	       6	       0
2020_07_06	     272	      14	      16	       0
2020_07_07	     273	      15	       1	       1
2020_07_08	     278	      16	       5	       1
2020_07_09	     284	      16	       6	       0
2020_07_10	     285	      16	       1	       0
2020_07_11	     286	      16	       1	       0
2020_07_12	     290	      16	       4	       0
2020_07_13	     291	      17	       1	       1
2020_07_14	     297	      17	       6	       0
2020_07_15	     300	      17	       3	       0
2020_07_16	     308	      18	       8	       1
2020_07_17	     313	      19	       5	       1
2020_07_18	     315	      19	       2	       0
2020_07_19	     320	      19	       5	       0
2020_07_20	     327	      19	       7	       0
2020_07_21	     336	      19	       9	       0
2020_07_22	     337	      19	       1	       0
2020_07_23	     339	      19	       2	       0
2020_07_24	     350	      19	      11	       0
2020_07_25	     351	      19	       1	       0
2020_07_26	     351	      19	       0	       0
2020_07_27	     360	      20	       9	       1
2020_07_28	     370	      20	      10	       0
2020_07_29	     389	      20	      19	       0
2020_07_30	     396	      20	       7	       0
2020_07_31	     398	      20	       2	       0
2020_08_01	     401	      20	       3	       0
2020_08_02	     413	      20	      12	       0
2020_08_03	     430	      20	      17	       0
2020_08_04	     474	      21	      44	       1
2020_08_05	     474	      21	       0	       0
2020_08_06	     497	      22	      23	       1
2020_08_07	     509	      22	      12	       0
2020_08_08	     538	      22	      29	       0
2020_08_09	     538	      22	       0	       0
2020_08_10	     554	      22	      16	       0
2020_08_11	     568	      22	      14	       0
2020_08_12	     568	      22	       0	       0
2020_08_13	     602	      22	      34	       0
2020_08_14	     623	      22	      21	       0
2020_08_15	     631	      22	       8	       0
2020_08_16	     649	      22	      18	       0
2020_08_17	     682	      23	      33	       1
2020_08_18	     715	      24	      33	       1
2020_08_19	     748	      25	      33	       1
2020_08_20	     781	      26	      33	       1
2020_08_21	     814	      27	      33	       1
2020_08_22	     847	      28	      33	       1
2020_08_23	     881	      30	      34	       2
2020_08_24	     923	      30	      42	       0
2020_08_25	     966	      31	      43	       1
2020_08_26	    1009	      32	      43	       1
2020_08_27	    1051	      32	      42	       0
2020_08_28	    1094	      33	      43	       1
2020_08_29	    1137	      34	      43	       1
2020_08_30	    1180	      35	      43	       1
2020_08_31	    1213	      36	      33	       1
2020_09_01	    1247	      37	      34	       1
2020_09_02	    1281	      38	      34	       1
2020_09_03	    1314	      40	      33	       2
2020_09_04	    1348	      41	      34	       1
2020_09_05	    1382	      42	      34	       1
2020_09_06	    1416	      44	      34	       2
2020_09_07	    1465	      45	      49	       1
2020_09_08	    1515	      46	      50	       1
2020_09_09	    1564	      47	      49	       1
2020_09_10	    1614	      48	      50	       1
2020_09_11	    1663	      49	      49	       1
2020_09_12	    1713	      50	      50	       1
2020_09_13	    1763	      52	      50	       2
2020_09_14	    1811	      53	      48	       1
2020_09_15	    1859	      54	      48	       1
2020_09_16	    1908	      56	      49	       2
2020_09_17	    1956	      57	      48	       1
2020_09_18	    2005	      59	      49	       2
2020_09_19	    2053	      60	      48	       1
2020_09_20	    2102	      62	      49	       2
2020_09_21	    2188	      63	      86	       1
2020_09_22	    2275	      65	      87	       2
2020_09_23	    2362	      66	      87	       1
2020_09_24	    2448	      68	      86	       2
2020_09_25	    2535	      69	      87	       1
2020_09_26	    2622	      71	      87	       2
2020_09_27	    2709	      73	      87	       2
2020_09_28	    2746	      74	      37	       1
2020_09_29	    2783	      76	      37	       2
2020_09_30	    2820	      78	      37	       2
2020_10_01	    2857	      79	      37	       1
2020_10_02	    2894	      81	      37	       2
2020_10_03	    2931	      83	      37	       2
2020_10_04	    2968	      85	      37	       2
2020_10_05	    3023	      87	      55	       2
2020_10_06	    3079	      89	      56	       2
2020_10_07	    3135	      91	      56	       2
2020_10_08	    3190	      93	      55	       2
2020_10_09	    3246	      95	      56	       2
2020_10_10	    3302	      97	      56	       2
2020_10_11	    3358	     100	      56	       3
2020_10_12	    3411	     101	      53	       1
2020_10_13	    3465	     102	      54	       1
2020_10_14	    3519	     103	      54	       1
2020_10_15	    3572	     105	      53	       2
2020_10_16	    3626	     106	      54	       1
2020_10_17	    3680	     107	      54	       1
2020_10_18	    3734	     109	      54	       2
2020_10_19	    3775	     110	      41	       1
2020_10_20	    3816	     111	      41	       1
2020_10_21	    3857	     113	      41	       2
2020_10_22	    3899	     114	      42	       1
2020_10_23	    3940	     116	      41	       2
2020_10_24	    3981	     117	      41	       1
2020_10_25	    4023	     119	      42	       2
2020_10_26	    4040	     119	      17	       0
2020_10_27	    4057	     120	      17	       1
2020_10_28	    4074	     121	      17	       1
2020_10_29	    4091	     121	      17	       0
2020_10_30	    4108	     122	      17	       1
2020_10_31	    4125	     123	      17	       1
2020_11_01	    4143	     124	      18	       1
2020_11_02	    4187	     125	      44	       1
2020_11_03	    4232	     126	      45	       1
2020_11_04	    4277	     127	      45	       1
2020_11_05	    4322	     129	      45	       2
2020_11_06	    4367	     130	      45	       1
2020_11_07	    4412	     131	      45	       1
2020_11_08	    4457	     133	      45	       2
2020_11_09	    4495	     133	      38	       0
2020_11_10	    4533	     134	      38	       1
2020_11_11	    4571	     135	      38	       1
2020_11_12	    4609	     135	      38	       0
2020_11_13	    4647	     136	      38	       1
2020_11_14	    4685	     137	      38	       1
2020_11_15	    4724	     138	      39	       1
2020_11_16	    4764	     138	      40	       0
2020_11_17	    4804	     139	      40	       1
2020_11_18	    4844	     140	      40	       1
2020_11_19	    4884	     140	      40	       0
2020_11_20	    4924	     141	      40	       1
2020_11_21	    4964	     142	      40	       1
2020_11_22	    5005	     143	      41	       1
2020_11_23	    5048	     143	      43	       0
2020_11_24	    5092	     144	      44	       1
2020_11_25	    5135	     145	      43	       1
2020_11_26	    5179	     146	      44	       1
2020_11_27	    5222	     147	      43	       1
2020_11_28	    5266	     148	      44	       1
2020_11_29	    5310	     149	      44	       1
2020_11_30	    5351	     149	      41	       0
2020_12_01	    5393	     149	      42	       0
2020_12_02	    5434	     149	      41	       0
2020_12_03	    5476	     150	      42	       1
2020_12_04	    5517	     150	      41	       0
2020_12_05	    5559	     150	      42	       0
2020_12_06	    5601	     151	      42	       1
2020_12_07	    5635	     151	      34	       0
2020_12_08	    5669	     151	      34	       0
2020_12_09	    5703	     152	      34	       1
2020_12_10	    5737	     152	      34	       0
2020_12_11	    5771	     153	      34	       1
2020_12_12	    5805	     153	      34	       0
2020_12_13	    5839	     154	      34	       1
2020_12_14	    5872	     154	      33	       0
2020_12_15	    5906	     155	      34	       1
2020_12_16	    5940	     156	      34	       1
2020_12_17	    5974	     156	      34	       0
2020_12_18	    6008	     157	      34	       1
2020_12_19	    6042	     158	      34	       1
2020_12_20	    6076	     159	      34	       1
2020_12_21	    6106	     159	      30	       0
2020_12_22	    6136	     159	      30	       0
2020_12_23	    6167	     160	      31	       1
2020_12_24	    6197	     160	      30	       0
2020_12_25	    6228	     161	      31	       1
2020_12_26	    6258	     161	      30	       0
2020_12_27	    6289	     162	      31	       1
2020_12_28	    6297	     162	       8	       0
2020_12_29	    6306	     162	       9	       0
2020_12_30	    6315	     162	       9	       0
2020_12_31	    6324	     163	       9	       1
2021_01_01	    6333	     163	       9	       0
2021_01_02	    6342	     163	       9	       0
2021_01_03	    6351	     164	       9	       1
2021_01_04	    6367	     164	      16	       0
2021_01_05	    6384	     164	      17	       0
2021_01_06	    6401	     165	      17	       1
2021_01_07	    6418	     165	      17	       0
2021_01_08	    6435	     166	      17	       1
2021_01_09	    6452	     166	      17	       0
2021_01_10	    6469	     167	      17	       1
2021_01_11	    6517	     167	      48	       0
2021_01_12	    6565	     167	      48	       0
2021_01_13	    6613	     168	      48	       1
2021_01_14	    6661	     168	      48	       0
2021_01_15	    6709	     169	      48	       1
2021_01_16	    6757	     169	      48	       0
2021_01_17	    6805	     170	      48	       1
2021_01_18	    6853	     170	      48	       0
2021_01_19	    6901	     170	      48	       0
2021_01_20	    6949	     170	      48	       0
2021_01_21	    6998	     170	      49	       0
2021_01_22	    7046	     170	      48	       0
2021_01_23	    7094	     170	      48	       0
2021_01_24	    7143	     170	      49	       0
2021_01_25	    7198	     170	      55	       0
2021_01_26	    7253	     171	      55	       1
2021_01_27	    7308	     172	      55	       1
2021_01_28	    7363	     172	      55	       0
2021_01_29	    7418	     173	      55	       1
2021_01_30	    7473	     174	      55	       1
2021_01_31	    7528	     175	      55	       1
2021_02_01	    7579	     175	      51	       0
2021_02_02	    7630	     176	      51	       1
2021_02_03	    7681	     176	      51	       0
2021_02_04	    7733	     177	      52	       1
2021_02_05	    7784	     177	      51	       0
2021_02_06	    7835	     178	      51	       1
2021_02_07	    7887	     179	      52	       1
2021_02_08	    7929	     180	      42	       1
2021_02_09	    7971	     181	      42	       1
2021_02_10	    8013	     182	      42	       1
2021_02_11	    8055	     183	      42	       1
2021_02_12	    8097	     184	      42	       1
2021_02_13	    8139	     185	      42	       1
2021_02_14	    8181	     186	      42	       1
2021_02_15	    8206	     186	      25	       0
2021_02_16	    8231	     186	      25	       0
2021_02_17	    8256	     187	      25	       1
2021_02_18	    8281	     187	      25	       0
2021_02_19	    8306	     188	      25	       1
2021_02_20	    8331	     188	      25	       0
2021_02_21	    8357	     189	      26	       1
2021_02_22	    8379	     189	      22	       0
2021_02_23	    8401	     190	      22	       1
2021_02_24	    8423	     191	      22	       1
2021_02_25	    8446	     192	      23	       1
2021_02_26	    8468	     193	      22	       1
2021_02_27	    8490	     194	      22	       1
2021_02_28	    8513	     195	      23	       1
2021_03_01	    8543	     195	      30	       0
2021_03_02	    8574	     196	      31	       1
2021_03_03	    8605	     197	      31	       1
2021_03_04	    8636	     197	      31	       0
2021_03_05	    8667	     198	      31	       1
2021_03_06	    8698	     199	      31	       1
2021_03_07	    8729	     200	      31	       1
2021_03_08	    8777	     200	      48	       0
2021_03_09	    8826	     201	      49	       1
2021_03_10	    8874	     202	      48	       1
2021_03_11	    8923	     203	      49	       1
2021_03_12	    8971	     204	      48	       1
2021_03_13	    9020	     205	      49	       1
2021_03_14	    9069	     206	      49	       1
2021_03_15	    9128	     206	      59	       0
2021_03_16	    9188	     207	      60	       1
2021_03_17	    9247	     208	      59	       1
2021_03_18	    9307	     209	      60	       1
2021_03_19	    9366	     210	      59	       1
2021_03_20	    9426	     211	      60	       1
2021_03_21	    9486	     212	      60	       1
2021_03_22	    9560	     213	      74	       1
2021_03_23	    9634	     215	      74	       2
2021_03_24	    9709	     217	      75	       2
2021_03_25	    9783	     219	      74	       2
2021_03_26	    9858	     221	      75	       2
2021_03_27	    9932	     223	      74	       2
2021_03_28	   10007	     225	      75	       2
2021_03_29	   10069	     226	      62	       1
2021_03_30	   10132	     227	      63	       1
2021_03_31	   10195	     229	      63	       2
2021_04_01	   10257	     230	      62	       1
2021_04_02	   10320	     232	      63	       2
2021_04_03	   10383	     233	      63	       1
2021_04_04	   10446	     235	      63	       2
2021_04_05	   10519	     237	      73	       2
2021_04_06	   10592	     239	      73	       2
2021_04_07	   10665	     242	      73	       3
2021_04_08	   10738	     244	      73	       2
2021_04_09	   10811	     247	      73	       3
2021_04_10	   10884	     249	      73	       2
2021_04_11	   10958	     252	      74	       3
2021_04_12	   11055	     254	      97	       2
2021_04_13	   11153	     256	      98	       2
2021_04_14	   11251	     258	      98	       2
2021_04_15	   11348	     260	      97	       2
2021_04_16	   11446	     262	      98	       2
2021_04_17	   11544	     264	      98	       2
2021_04_18	   11642	     267	      98	       3
2021_04_19	   11757	     268	     115	       1
2021_04_20	   11872	     269	     115	       1
2021_04_21	   11987	     271	     115	       2
2021_04_22	   12102	     272	     115	       1
2021_04_23	   12217	     274	     115	       2
2021_04_24	   12332	     275	     115	       1
2021_04_25	   12448	     277	     116	       2
2021_04_26	   12567	     279	     119	       2
2021_04_27	   12686	     282	     119	       3
2021_04_28	   12805	     285	     119	       3
2021_04_29	   12925	     287	     120	       2
2021_04_30	   13044	     290	     119	       3
2021_05_01	   13163	     293	     119	       3
2021_05_02	   13283	     296	     120	       3
2021_05_03	   13390	     298	     107	       2
2021_05_04	   13498	     301	     108	       3
2021_05_05	   13606	     303	     108	       2
2021_05_06	   13713	     306	     107	       3
2021_05_07	   13821	     308	     108	       2
2021_05_08	   13929	     311	     108	       3
2021_05_09	   14037	     314	     108	       3
2021_05_10	   14172	     317	     135	       3
2021_05_11	   14308	     320	     136	       3
2021_05_12	   14444	     323	     136	       3
2021_05_13	   14580	     326	     136	       3
2021_05_14	   14716	     329	     136	       3
2021_05_15	   14852	     332	     136	       3
2021_05_16	   14988	     335	     136	       3
2021_05_17	   15134	     337	     146	       2
2021_05_18	   15281	     340	     147	       3
2021_05_19	   15427	     343	     146	       3
2021_05_20	   15574	     346	     147	       3
2021_05_21	   15720	     349	     146	       3
2021_05_22	   15867	     352	     147	       3
2021_05_23	   16014	     355	     147	       3
2021_05_24	   16115	     358	     101	       3
2021_05_25	   16216	     362	     101	       4
2021_05_26	   16318	     365	     102	       3
2021_05_27	   16419	     369	     101	       4
2021_05_28	   16521	     372	     102	       3
2021_05_29	   16622	     376	     101	       4
2021_05_30	   16724	     380	     102	       4
2021_05_31	   16829	     383	     105	       3
2021_06_01	   16934	     386	     105	       3
2021_06_02	   17039	     389	     105	       3
2021_06_03	   17144	     393	     105	       4
2021_06_04	   17249	     396	     105	       3
2021_06_05	   17354	     399	     105	       3
2021_06_06	   17459	     403	     105	       4
2021_06_07	   17548	     405	      89	       2
2021_06_08	   17638	     407	      90	       2
2021_06_09	   17728	     409	      90	       2
2021_06_10	   17818	     412	      90	       3
2021_06_11	   17908	     414	      90	       2
2021_06_12	   17998	     416	      90	       2
2021_06_13	   18088	     419	      90	       3
