#
# COVID-19 Country file (official WHO count)
# Country = Honduras
# Latitude = 14.0
# Population = 9719.265
# Territory = 112492.0
# LEB = 75.3
# DPA = 43000
# DPA65 = 18920
# GDP = 2509.0
# GDP_PPP = 5413.0
# COVID-19 Mortality = 679.0
# First_Case = 2020_03_12
# Last_Case = 2021_06_13
# First_Death = 2020_03_27
# Last_Death = 2021_06_13
# Status as of 2021_06_13 = Community transmission
# Vaccine type = Moderna, Oxford/AstraZeneca
# Vaccine start = 2021_02_28
#
Date	Conf_Cases	Conf_Deaths	Daily_Cases	Daily_Deaths
2020_03_12	       2	       0	       2	       0
2020_03_13	       2	       0	       0	       0
2020_03_14	       2	       0	       0	       0
2020_03_15	       2	       0	       0	       0
2020_03_16	       2	       0	       0	       0
2020_03_17	       8	       0	       6	       0
2020_03_18	       8	       0	       0	       0
2020_03_19	       9	       0	       1	       0
2020_03_20	      12	       0	       3	       0
2020_03_21	      24	       0	      12	       0
2020_03_22	      24	       0	       0	       0
2020_03_23	      26	       0	       2	       0
2020_03_24	      30	       0	       4	       0
2020_03_25	      30	       0	       0	       0
2020_03_26	      52	       0	      22	       0
2020_03_27	      52	       1	       0	       1
2020_03_28	      67	       1	      15	       0
2020_03_29	      67	       1	       0	       0
2020_03_30	     110	       2	      43	       1
2020_03_31	     139	       2	      29	       0
2020_04_01	     139	       2	       0	       0
2020_04_02	     172	      10	      33	       8
2020_04_03	     219	      14	      47	       4
2020_04_04	     222	      15	       3	       1
2020_04_05	     264	      15	      42	       0
2020_04_06	     268	      22	       4	       7
2020_04_07	     298	      22	      30	       0
2020_04_08	     305	      22	       7	       0
2020_04_09	     312	      22	       7	       0
2020_04_10	     343	      23	      31	       1
2020_04_11	     382	      23	      39	       0
2020_04_12	     392	      24	      10	       1
2020_04_13	     393	      25	       1	       1
2020_04_14	     397	      25	       4	       0
2020_04_15	     407	      26	      10	       1
2020_04_16	     419	      31	      12	       5
2020_04_17	     426	      35	       7	       4
2020_04_18	     442	      41	      16	       6
2020_04_19	     457	      46	      15	       5
2020_04_20	     472	      46	      15	       0
2020_04_21	     477	      46	       5	       0
2020_04_22	     494	      46	      17	       0
2020_04_23	     510	      46	      16	       0
2020_04_24	     519	      47	       9	       1
2020_04_25	     562	      47	      43	       0
2020_04_26	     591	      55	      29	       8
2020_04_27	     627	      59	      36	       4
2020_04_28	     661	      61	      34	       2
2020_04_29	     702	      64	      41	       3
2020_04_30	     738	      66	      36	       2
2020_05_01	     771	      71	      33	       5
2020_05_02	     804	      75	      33	       4
2020_05_03	     899	      75	      95	       0
2020_05_04	    1010	      76	     111	       1
2020_05_05	    1055	      82	      45	       6
2020_05_06	    1178	      89	     123	       7
2020_05_07	    1270	      93	      92	       4
2020_05_08	    1461	      99	     191	       6
2020_05_09	    1685	     105	     224	       6
2020_05_10	    1771	     107	      86	       2
2020_05_11	    1830	     108	      59	       1
2020_05_12	    1972	     108	     142	       0
2020_05_13	    2100	     116	     128	       8
2020_05_14	    2080	     121	     -20	       5
2020_05_15	    2255	     123	     175	       2
2020_05_16	    2318	     133	      63	      10
2020_05_17	    2460	     134	     142	       1
2020_05_18	    2565	     138	     105	       4
2020_05_19	    2646	     142	      81	       4
2020_05_20	    2798	     146	     152	       4
2020_05_21	    2955	     147	     157	       1
2020_05_22	    3100	     151	     145	       4
2020_05_23	    3204	     156	     104	       5
2020_05_24	    3477	     167	     273	      11
2020_05_25	    3743	     174	     266	       7
2020_05_26	    3950	     180	     207	       6
2020_05_27	    4189	     182	     239	       2
2020_05_28	    4401	     188	     212	       6
2020_05_29	    4640	     194	     239	       6
2020_05_30	    4752	     196	     112	       2
2020_05_31	    4886	     199	     134	       3
2020_06_01	    5094	     201	     208	       2
2020_06_02	    5202	     212	     108	      11
2020_06_03	    5362	     217	     160	       5
2020_06_04	    5527	     225	     165	       8
2020_06_05	    5690	     234	     163	       9
2020_06_06	    5880	     243	     190	       9
2020_06_07	    5971	     248	      91	       5
2020_06_08	    6155	     250	     184	       2
2020_06_09	    6327	     258	     172	       8
2020_06_10	    6450	     262	     123	       4
2020_06_11	    6935	     271	     485	       9
2020_06_12	    7360	     290	     425	      19
2020_06_13	    7669	     294	     309	       4
2020_06_14	    8132	     306	     463	      12
2020_06_15	    8455	     310	     323	       4
2020_06_16	    8858	     312	     403	       2
2020_06_17	    9178	     322	     320	      10
2020_06_18	    9656	     330	     478	       8
2020_06_19	   10299	     336	     643	       6
2020_06_20	   10739	     343	     440	       7
2020_06_21	   11258	     349	     519	       6
2020_06_22	   12306	     358	    1048	       9
2020_06_23	   12825	     363	     519	       5
2020_06_24	   13356	     395	     531	      32
2020_06_25	   13943	     405	     587	      10
2020_06_26	   14571	     417	     628	      12
2020_06_27	   15366	     426	     795	       9
2020_06_28	   15994	     471	     628	      45
2020_06_29	   17007	     479	    1013	       8
2020_06_30	   18082	     479	    1075	       0
2020_07_01	   18818	     485	     736	       6
2020_07_02	   19558	     497	     740	      12
2020_07_03	   20262	     542	     704	      45
2020_07_04	   21120	     591	     858	      49
2020_07_05	   22116	     605	     996	      14
2020_07_06	   22921	     629	     805	      24
2020_07_07	   23943	     639	    1022	      10
2020_07_08	   24665	     656	     722	      17
2020_07_09	   25428	     677	     763	      21
2020_07_10	   25978	     694	     550	      17
2020_07_11	   26384	     704	     406	      10
2020_07_12	   27053	     750	     669	      46
2020_07_13	   27583	     771	     530	      21
2020_07_14	   28090	     774	     507	       3
2020_07_15	   28579	     789	     489	      15
2020_07_16	   29106	     807	     527	      18
2020_07_17	   30036	     825	     930	      18
2020_07_18	   30867	     835	     831	      10
2020_07_19	   31745	     857	     878	      22
2020_07_20	   32793	     891	    1048	      34
2020_07_21	   33835	     900	    1042	       9
2020_07_22	   34611	     935	     776	      35
2020_07_23	   35345	     988	     734	      53
2020_07_24	   36102	    1006	     757	      18
2020_07_25	   36902	    1011	     800	       5
2020_07_26	   36902	    1011	       0	       0
2020_07_27	   38438	    1098	    1536	      87
2020_07_28	   39276	    1116	     838	      18
2020_07_29	   39741	    1166	     465	      50
2020_07_30	   40460	    1214	     719	      48
2020_07_31	   40944	    1259	     484	      45
2020_08_01	   41426	    1312	     482	      53
2020_08_02	   42014	    1337	     588	      25
2020_08_03	   42685	    1368	     671	      31
2020_08_04	   43197	    1377	     512	       9
2020_08_05	   43794	    1384	     597	       7
2020_08_06	   44299	    1400	     505	      16
2020_08_07	   45098	    1423	     799	      23
2020_08_08	   45755	    1446	     657	      23
2020_08_09	   46635	    1465	     880	      19
2020_08_10	   46973	    1476	     338	      11
2020_08_11	   47454	    1495	     481	      19
2020_08_12	   47872	    1506	     418	      11
2020_08_13	   48403	    1515	     531	       9
2020_08_14	   48657	    1533	     254	      18
2020_08_15	   49042	    1542	     385	       9
2020_08_16	   49467	    1548	     425	       6
2020_08_17	   50026	    1560	     559	      12
2020_08_18	   50585	    1572	     559	      12
2020_08_19	   51144	    1584	     559	      12
2020_08_20	   51703	    1596	     559	      12
2020_08_21	   52262	    1608	     559	      12
2020_08_22	   52821	    1620	     559	      12
2020_08_23	   53381	    1632	     560	      12
2020_08_24	   54156	    1659	     775	      27
2020_08_25	   54932	    1687	     776	      28
2020_08_26	   55707	    1715	     775	      28
2020_08_27	   56483	    1743	     776	      28
2020_08_28	   57258	    1771	     775	      28
2020_08_29	   58034	    1799	     776	      28
2020_08_30	   58810	    1827	     776	      28
2020_08_31	   59522	    1849	     712	      22
2020_09_01	   60235	    1871	     713	      22
2020_09_02	   60947	    1894	     712	      23
2020_09_03	   61660	    1916	     713	      22
2020_09_04	   62372	    1939	     712	      23
2020_09_05	   63085	    1961	     713	      22
2020_09_06	   63798	    1984	     713	      23
2020_09_07	   64119	    1994	     321	      10
2020_09_08	   64441	    2005	     322	      11
2020_09_09	   64762	    2015	     321	      10
2020_09_10	   65084	    2026	     322	      11
2020_09_11	   65405	    2036	     321	      10
2020_09_12	   65727	    2047	     322	      11
2020_09_13	   66049	    2058	     322	      11
2020_09_14	   66700	    2070	     651	      12
2020_09_15	   67352	    2083	     652	      13
2020_09_16	   68004	    2095	     652	      12
2020_09_17	   68655	    2108	     651	      13
2020_09_18	   69307	    2120	     652	      12
2020_09_19	   69959	    2133	     652	      13
2020_09_20	   70611	    2146	     652	      13
2020_09_21	   71072	    2163	     461	      17
2020_09_22	   71533	    2181	     461	      18
2020_09_23	   71994	    2199	     461	      18
2020_09_24	   72456	    2217	     462	      18
2020_09_25	   72917	    2235	     461	      18
2020_09_26	   73378	    2253	     461	      18
2020_09_27	   73840	    2271	     462	      18
2020_09_28	   74472	    2287	     632	      16
2020_09_29	   75105	    2303	     633	      16
2020_09_30	   75738	    2320	     633	      17
2020_10_01	   76370	    2336	     632	      16
2020_10_02	   77003	    2353	     633	      17
2020_10_03	   77636	    2369	     633	      16
2020_10_04	   78269	    2386	     633	      17
2020_10_05	   78880	    2401	     611	      15
2020_10_06	   79492	    2416	     612	      15
2020_10_07	   80104	    2431	     612	      15
2020_10_08	   80716	    2446	     612	      15
2020_10_09	   81328	    2461	     612	      15
2020_10_10	   81940	    2476	     612	      15
2020_10_11	   82552	    2492	     612	      16
2020_10_12	   83392	    2502	     840	      10
2020_10_13	   84232	    2513	     840	      11
2020_10_14	   85073	    2524	     841	      11
2020_10_15	   85913	    2535	     840	      11
2020_10_16	   86754	    2546	     841	      11
2020_10_17	   87594	    2557	     840	      11
2020_10_18	   88435	    2568	     841	      11
2020_10_19	   89117	    2575	     682	       7
2020_10_20	   89800	    2583	     683	       8
2020_10_21	   90483	    2591	     683	       8
2020_10_22	   91165	    2599	     682	       8
2020_10_23	   91848	    2607	     683	       8
2020_10_24	   92531	    2615	     683	       8
2020_10_25	   93214	    2623	     683	       8
2020_10_26	   93738	    2629	     524	       6
2020_10_27	   94263	    2636	     525	       7
2020_10_28	   94788	    2642	     525	       6
2020_10_29	   95313	    2649	     525	       7
2020_10_30	   95838	    2655	     525	       6
2020_10_31	   96363	    2662	     525	       7
2020_11_01	   96888	    2669	     525	       7
2020_11_02	   97272	    2679	     384	      10
2020_11_03	   97656	    2689	     384	      10
2020_11_04	   98040	    2699	     384	      10
2020_11_05	   98424	    2710	     384	      11
2020_11_06	   98808	    2720	     384	      10
2020_11_07	   99192	    2730	     384	      10
2020_11_08	   99576	    2741	     384	      11
2020_11_09	   99933	    2752	     357	      11
2020_11_10	  100291	    2763	     358	      11
2020_11_11	  100648	    2774	     357	      11
2020_11_12	  101006	    2786	     358	      12
2020_11_13	  101363	    2797	     357	      11
2020_11_14	  101721	    2808	     358	      11
2020_11_15	  102079	    2820	     358	      12
2020_11_16	  102379	    2825	     300	       5
2020_11_17	  102679	    2830	     300	       5
2020_11_18	  102979	    2835	     300	       5
2020_11_19	  103279	    2840	     300	       5
2020_11_20	  103579	    2845	     300	       5
2020_11_21	  103879	    2850	     300	       5
2020_11_22	  104179	    2855	     300	       5
2020_11_23	  104601	    2861	     422	       6
2020_11_24	  105023	    2867	     422	       6
2020_11_25	  105445	    2873	     422	       6
2020_11_26	  105867	    2880	     422	       7
2020_11_27	  106289	    2886	     422	       6
2020_11_28	  106711	    2892	     422	       6
2020_11_29	  107134	    2899	     423	       7
2020_11_30	  107537	    2905	     403	       6
2020_12_01	  107941	    2911	     404	       6
2020_12_02	  108345	    2917	     404	       6
2020_12_03	  108748	    2923	     403	       6
2020_12_04	  109152	    2929	     404	       6
2020_12_05	  109556	    2935	     404	       6
2020_12_06	  109960	    2941	     404	       6
2020_12_07	  110495	    2945	     535	       4
2020_12_08	  111030	    2949	     535	       4
2020_12_09	  111566	    2953	     536	       4
2020_12_10	  112101	    2958	     535	       5
2020_12_11	  112637	    2962	     536	       4
2020_12_12	  113172	    2966	     535	       4
2020_12_13	  113708	    2971	     536	       5
2020_12_14	  114065	    2978	     357	       7
2020_12_15	  114423	    2985	     358	       7
2020_12_16	  114781	    2993	     358	       8
2020_12_17	  115138	    3000	     357	       7
2020_12_18	  115496	    3008	     358	       8
2020_12_19	  115854	    3015	     358	       7
2020_12_20	  116212	    3023	     358	       8
2020_12_21	  116561	    3028	     349	       5
2020_12_22	  116911	    3033	     350	       5
2020_12_23	  117260	    3039	     349	       6
2020_12_24	  117610	    3044	     350	       5
2020_12_25	  117959	    3050	     349	       6
2020_12_26	  118309	    3055	     350	       5
2020_12_27	  118659	    3061	     350	       6
2020_12_28	  119275	    3075	     616	      14
2020_12_29	  119891	    3089	     616	      14
2020_12_30	  120508	    3103	     617	      14
2020_12_31	  121124	    3117	     616	      14
2021_01_01	  121741	    3131	     617	      14
2021_01_02	  122357	    3145	     616	      14
2021_01_03	  122974	    3160	     617	      15
2021_01_04	  123462	    3175	     488	      15
2021_01_05	  123951	    3190	     489	      15
2021_01_06	  124440	    3205	     489	      15
2021_01_07	  124929	    3220	     489	      15
2021_01_08	  125418	    3235	     489	      15
2021_01_09	  125907	    3250	     489	      15
2021_01_10	  126396	    3266	     489	      16
2021_01_11	  127255	    3277	     859	      11
2021_01_12	  128114	    3288	     859	      11
2021_01_13	  128974	    3299	     860	      11
2021_01_14	  129833	    3310	     859	      11
2021_01_15	  130693	    3321	     860	      11
2021_01_16	  131552	    3332	     859	      11
2021_01_17	  132412	    3344	     860	      12
2021_01_18	  133379	    3357	     967	      13
2021_01_19	  134346	    3371	     967	      14
2021_01_20	  135313	    3384	     967	      13
2021_01_21	  136280	    3398	     967	      14
2021_01_22	  137247	    3411	     967	      13
2021_01_23	  138214	    3425	     967	      14
2021_01_24	  139182	    3439	     968	      14
2021_01_25	  140171	    3458	     989	      19
2021_01_26	  141161	    3477	     990	      19
2021_01_27	  142151	    3497	     990	      20
2021_01_28	  143140	    3516	     989	      19
2021_01_29	  144130	    3536	     990	      20
2021_01_30	  145120	    3555	     990	      19
2021_01_31	  146110	    3575	     990	      20
2021_02_01	  147130	    3592	    1020	      17
2021_02_02	  148150	    3609	    1020	      17
2021_02_03	  149171	    3626	    1021	      17
2021_02_04	  150191	    3643	    1020	      17
2021_02_05	  151212	    3660	    1021	      17
2021_02_06	  152232	    3677	    1020	      17
2021_02_07	  153253	    3694	    1021	      17
2021_02_08	  154077	    3716	     824	      22
2021_02_09	  154901	    3738	     824	      22
2021_02_10	  155726	    3760	     825	      22
2021_02_11	  156550	    3782	     824	      22
2021_02_12	  157375	    3804	     825	      22
2021_02_13	  158199	    3826	     824	      22
2021_02_14	  159024	    3848	     825	      22
2021_02_15	  159745	    3866	     721	      18
2021_02_16	  160467	    3884	     722	      18
2021_02_17	  161189	    3902	     722	      18
2021_02_18	  161911	    3920	     722	      18
2021_02_19	  162633	    3938	     722	      18
2021_02_20	  163355	    3956	     722	      18
2021_02_21	  164077	    3975	     722	      19
2021_02_22	  164767	    3995	     690	      20
2021_02_23	  165458	    4015	     691	      20
2021_02_24	  166148	    4035	     690	      20
2021_02_25	  166839	    4056	     691	      21
2021_02_26	  167529	    4076	     690	      20
2021_02_27	  168220	    4096	     691	      20
2021_02_28	  168911	    4117	     691	      21
2021_03_01	  169498	    4135	     587	      18
2021_03_02	  170085	    4154	     587	      19
2021_03_03	  170672	    4172	     587	      18
2021_03_04	  171259	    4191	     587	      19
2021_03_05	  171846	    4209	     587	      18
2021_03_06	  172433	    4228	     587	      19
2021_03_07	  173020	    4247	     587	      19
2021_03_08	  173612	    4258	     592	      11
2021_03_09	  174205	    4269	     593	      11
2021_03_10	  174797	    4280	     592	      11
2021_03_11	  175390	    4291	     593	      11
2021_03_12	  175982	    4302	     592	      11
2021_03_13	  176575	    4313	     593	      11
2021_03_14	  177168	    4325	     593	      12
2021_03_15	  177766	    4338	     598	      13
2021_03_16	  178364	    4352	     598	      14
2021_03_17	  178963	    4366	     599	      14
2021_03_18	  179561	    4380	     598	      14
2021_03_19	  180160	    4394	     599	      14
2021_03_20	  180758	    4408	     598	      14
2021_03_21	  181357	    4422	     599	      14
2021_03_22	  182068	    4438	     711	      16
2021_03_23	  182779	    4454	     711	      16
2021_03_24	  183491	    4470	     712	      16
2021_03_25	  184202	    4487	     711	      17
2021_03_26	  184914	    4503	     712	      16
2021_03_27	  185625	    4519	     711	      16
2021_03_28	  186337	    4536	     712	      17
2021_03_29	  186821	    4548	     484	      12
2021_03_30	  187305	    4560	     484	      12
2021_03_31	  187789	    4572	     484	      12
2021_04_01	  188273	    4585	     484	      13
2021_04_02	  188757	    4597	     484	      12
2021_04_03	  189241	    4609	     484	      12
2021_04_04	  189726	    4622	     485	      13
2021_04_05	  190414	    4642	     688	      20
2021_04_06	  191103	    4663	     689	      21
2021_04_07	  191792	    4683	     689	      20
2021_04_08	  192481	    4704	     689	      21
2021_04_09	  193170	    4724	     689	      20
2021_04_10	  193859	    4745	     689	      21
2021_04_11	  194548	    4766	     689	      21
2021_04_12	  195281	    4790	     733	      24
2021_04_13	  196014	    4814	     733	      24
2021_04_14	  196748	    4838	     734	      24
2021_04_15	  197481	    4862	     733	      24
2021_04_16	  198215	    4886	     734	      24
2021_04_17	  198948	    4910	     733	      24
2021_04_18	  199682	    4934	     734	      24
2021_04_19	  200541	    4957	     859	      23
2021_04_20	  201400	    4980	     859	      23
2021_04_21	  202259	    5003	     859	      23
2021_04_22	  203118	    5026	     859	      23
2021_04_23	  203977	    5049	     859	      23
2021_04_24	  204836	    5072	     859	      23
2021_04_25	  205696	    5095	     860	      23
2021_04_26	  206644	    5121	     948	      26
2021_04_27	  207592	    5148	     948	      27
2021_04_28	  208540	    5174	     948	      26
2021_04_29	  209488	    5201	     948	      27
2021_04_30	  210436	    5227	     948	      26
2021_05_01	  211384	    5254	     948	      27
2021_05_02	  212333	    5281	     949	      27
2021_05_03	  213189	    5324	     856	      43
2021_05_04	  214046	    5367	     857	      43
2021_05_05	  214903	    5411	     857	      44
2021_05_06	  215759	    5454	     856	      43
2021_05_07	  216616	    5498	     857	      44
2021_05_08	  217473	    5541	     857	      43
2021_05_09	  218330	    5585	     857	      44
2021_05_10	  219319	    5635	     989	      50
2021_05_11	  220308	    5685	     989	      50
2021_05_12	  221298	    5735	     990	      50
2021_05_13	  222287	    5786	     989	      51
2021_05_14	  223277	    5836	     990	      50
2021_05_15	  224266	    5886	     989	      50
2021_05_16	  225256	    5937	     990	      51
2021_05_17	  226156	    5965	     900	      28
2021_05_18	  227057	    5993	     901	      28
2021_05_19	  227957	    6021	     900	      28
2021_05_20	  228858	    6049	     901	      28
2021_05_21	  229758	    6077	     900	      28
2021_05_22	  230659	    6105	     901	      28
2021_05_23	  231560	    6133	     901	      28
2021_05_24	  232258	    6154	     698	      21
2021_05_25	  232957	    6176	     699	      22
2021_05_26	  233656	    6197	     699	      21
2021_05_27	  234354	    6219	     698	      22
2021_05_28	  235053	    6240	     699	      21
2021_05_29	  235752	    6262	     699	      22
2021_05_30	  236451	    6284	     699	      22
2021_05_31	  237106	    6308	     655	      24
2021_06_01	  237761	    6332	     655	      24
2021_06_02	  238417	    6356	     656	      24
2021_06_03	  239072	    6381	     655	      25
2021_06_04	  239728	    6405	     656	      24
2021_06_05	  240383	    6429	     655	      24
2021_06_06	  241039	    6454	     656	      25
2021_06_07	  241704	    6474	     665	      20
2021_06_08	  242369	    6495	     665	      21
2021_06_09	  243034	    6516	     665	      21
2021_06_10	  243699	    6536	     665	      20
2021_06_11	  244364	    6557	     665	      21
2021_06_12	  245029	    6578	     665	      21
2021_06_13	  245695	    6599	     666	      21
