#
# COVID-19 Country file (official WHO count)
# Country = Iceland
# Latitude = 64.0
# Population = 343.228
# Territory = 103000.0
# LEB = 83.0
# DPA = 2000
# DPA65 = 1700
# GDP = 71096.0
# GDP_PPP = 55459.0
# COVID-19 Mortality = 87.4
# First_Case = 2020_03_02
# Last_Case = 2021_06_13
# First_Death = 2020_03_21
# Last_Death = 2021_05_30
# Status as of 2021_06_13 = Community transmission
# Vaccine type = Moderna, Oxford/AstraZeneca, Pfizer/BioNTech
# Vaccine start = 2020_12_30
#
Date	Conf_Cases	Conf_Deaths	Daily_Cases	Daily_Deaths
2020_03_02	       2	       0	       2	       0
2020_03_03	       9	       0	       7	       0
2020_03_04	      16	       0	       7	       0
2020_03_05	      26	       0	      10	       0
2020_03_06	      26	       0	       0	       0
2020_03_07	      45	       0	      19	       0
2020_03_08	      45	       0	       0	       0
2020_03_09	      55	       0	      10	       0
2020_03_10	      55	       0	       0	       0
2020_03_11	      61	       0	       6	       0
2020_03_12	      61	       0	       0	       0
2020_03_13	      61	       0	       0	       0
2020_03_14	      61	       0	       0	       0
2020_03_15	     138	       0	      77	       0
2020_03_16	     138	       0	       0	       0
2020_03_17	     199	       0	      61	       0
2020_03_18	     225	       0	      26	       0
2020_03_19	     250	       0	      25	       0
2020_03_20	     330	       0	      80	       0
2020_03_21	     409	       1	      79	       1
2020_03_22	     473	       1	      64	       0
2020_03_23	     568	       1	      95	       0
2020_03_24	     588	       2	      20	       1
2020_03_25	     648	       2	      60	       0
2020_03_26	     737	       2	      89	       0
2020_03_27	     802	       2	      65	       0
2020_03_28	     890	       2	      88	       0
2020_03_29	     963	       2	      73	       0
2020_03_30	    1020	       2	      57	       0
2020_03_31	    1086	       2	      66	       0
2020_04_01	    1135	       2	      49	       0
2020_04_02	    1220	       2	      85	       0
2020_04_03	    1319	       4	      99	       2
2020_04_04	    1364	       4	      45	       0
2020_04_05	    1417	       4	      53	       0
2020_04_06	    1486	       4	      69	       0
2020_04_07	    1562	       6	      76	       2
2020_04_08	    1586	       6	      24	       0
2020_04_09	    1616	       6	      30	       0
2020_04_10	    1648	       6	      32	       0
2020_04_11	    1675	       7	      27	       1
2020_04_12	    1689	       8	      14	       1
2020_04_13	    1701	       8	      12	       0
2020_04_14	    1711	       8	      10	       0
2020_04_15	    1720	       8	       9	       0
2020_04_16	    1727	       8	       7	       0
2020_04_17	    1739	       8	      12	       0
2020_04_18	    1754	       8	      15	       0
2020_04_19	    1760	       9	       6	       1
2020_04_20	    1771	       9	      11	       0
2020_04_21	    1773	      10	       2	       1
2020_04_22	    1778	      10	       5	       0
2020_04_23	    1785	      10	       7	       0
2020_04_24	    1789	      10	       4	       0
2020_04_25	    1789	      10	       0	       0
2020_04_26	    1790	      10	       1	       0
2020_04_27	    1792	      10	       2	       0
2020_04_28	    1792	      10	       0	       0
2020_04_29	    1795	      10	       3	       0
2020_04_30	    1797	      10	       2	       0
2020_05_01	    1797	      10	       0	       0
2020_05_02	    1798	      10	       1	       0
2020_05_03	    1798	      10	       0	       0
2020_05_04	    1799	      10	       1	       0
2020_05_05	    1799	      10	       0	       0
2020_05_06	    1799	      10	       0	       0
2020_05_07	    1799	      10	       0	       0
2020_05_08	    1801	      10	       2	       0
2020_05_09	    1801	      10	       0	       0
2020_05_10	    1801	      10	       0	       0
2020_05_11	    1801	      10	       0	       0
2020_05_12	    1801	      10	       0	       0
2020_05_13	    1801	      10	       0	       0
2020_05_14	    1802	      10	       1	       0
2020_05_15	    1802	      10	       0	       0
2020_05_16	    1802	      10	       0	       0
2020_05_17	    1802	      10	       0	       0
2020_05_18	    1802	      10	       0	       0
2020_05_19	    1802	      10	       0	       0
2020_05_20	    1802	      10	       0	       0
2020_05_21	    1803	      10	       1	       0
2020_05_22	    1803	      10	       0	       0
2020_05_23	    1803	      10	       0	       0
2020_05_24	    1804	      10	       1	       0
2020_05_25	    1804	      10	       0	       0
2020_05_26	    1804	      10	       0	       0
2020_05_27	    1804	      10	       0	       0
2020_05_28	    1805	      10	       1	       0
2020_05_29	    1805	      10	       0	       0
2020_05_30	    1805	      10	       0	       0
2020_05_31	    1806	      10	       1	       0
2020_06_01	    1806	      10	       0	       0
2020_06_02	    1806	      10	       0	       0
2020_06_03	    1806	      10	       0	       0
2020_06_04	    1806	      10	       0	       0
2020_06_05	    1806	      10	       0	       0
2020_06_06	    1806	      10	       0	       0
2020_06_07	    1806	      10	       0	       0
2020_06_08	    1807	      10	       1	       0
2020_06_09	    1807	      10	       0	       0
2020_06_10	    1807	      10	       0	       0
2020_06_11	    1807	      10	       0	       0
2020_06_12	    1807	      10	       0	       0
2020_06_13	    1807	      10	       0	       0
2020_06_14	    1808	      10	       1	       0
2020_06_15	    1810	      10	       2	       0
2020_06_16	    1810	      10	       0	       0
2020_06_17	    1812	      10	       2	       0
2020_06_18	    1815	      10	       3	       0
2020_06_19	    1816	      10	       1	       0
2020_06_20	    1819	      10	       3	       0
2020_06_21	    1822	      10	       3	       0
2020_06_22	    1823	      10	       1	       0
2020_06_23	    1823	      10	       0	       0
2020_06_24	    1824	      10	       1	       0
2020_06_25	    1827	      10	       3	       0
2020_06_26	    1830	      10	       3	       0
2020_06_27	    1832	      10	       2	       0
2020_06_28	    1836	      10	       4	       0
2020_06_29	    1838	      10	       2	       0
2020_06_30	    1840	      10	       2	       0
2020_07_01	    1842	      10	       2	       0
2020_07_02	    1847	      10	       5	       0
2020_07_03	    1850	      10	       3	       0
2020_07_04	    1855	      10	       5	       0
2020_07_05	    1860	      10	       5	       0
2020_07_06	    1863	      10	       3	       0
2020_07_07	    1866	      10	       3	       0
2020_07_08	    1873	      10	       7	       0
2020_07_09	    1880	      10	       7	       0
2020_07_10	    1882	      10	       2	       0
2020_07_11	    1886	      10	       4	       0
2020_07_12	    1888	      10	       2	       0
2020_07_13	    1896	      10	       8	       0
2020_07_14	    1900	      10	       4	       0
2020_07_15	    1905	      10	       5	       0
2020_07_16	    1911	      10	       6	       0
2020_07_17	    1914	      10	       3	       0
2020_07_18	    1916	      10	       2	       0
2020_07_19	    1922	      10	       6	       0
2020_07_20	    1930	      10	       8	       0
2020_07_21	    1930	      10	       0	       0
2020_07_22	    1839	      10	     -91	       0
2020_07_23	    1840	      10	       1	       0
2020_07_24	    1841	      10	       1	       0
2020_07_25	    1843	      10	       2	       0
2020_07_26	    1843	      10	       0	       0
2020_07_27	    1847	      10	       4	       0
2020_07_28	    1854	      10	       7	       0
2020_07_29	    1857	      10	       3	       0
2020_07_30	    1861	      10	       4	       0
2020_07_31	    1872	      10	      11	       0
2020_08_01	    1885	      10	      13	       0
2020_08_02	    1893	      10	       8	       0
2020_08_03	    1907	      10	      14	       0
2020_08_04	    1915	      10	       8	       0
2020_08_05	    1918	      10	       3	       0
2020_08_06	    1926	      10	       8	       0
2020_08_07	    1932	      10	       6	       0
2020_08_08	    1952	      10	      20	       0
2020_08_09	    1955	      10	       3	       0
2020_08_10	    1958	      10	       3	       0
2020_08_11	    1962	      10	       4	       0
2020_08_12	    1968	      10	       6	       0
2020_08_13	    1972	      10	       4	       0
2020_08_14	    1976	      10	       4	       0
2020_08_15	    1983	      10	       7	       0
2020_08_16	    1999	      10	      16	       0
2020_08_17	    2007	      10	       8	       0
2020_08_18	    2015	      10	       8	       0
2020_08_19	    2024	      10	       9	       0
2020_08_20	    2032	      10	       8	       0
2020_08_21	    2041	      10	       9	       0
2020_08_22	    2049	      10	       8	       0
2020_08_23	    2058	      10	       9	       0
2020_08_24	    2064	      10	       6	       0
2020_08_25	    2070	      10	       6	       0
2020_08_26	    2076	      10	       6	       0
2020_08_27	    2082	      10	       6	       0
2020_08_28	    2088	      10	       6	       0
2020_08_29	    2094	      10	       6	       0
2020_08_30	    2100	      10	       6	       0
2020_08_31	    2105	      10	       5	       0
2020_09_01	    2110	      10	       5	       0
2020_09_02	    2115	      10	       5	       0
2020_09_03	    2120	      10	       5	       0
2020_09_04	    2125	      10	       5	       0
2020_09_05	    2130	      10	       5	       0
2020_09_06	    2136	      10	       6	       0
2020_09_07	    2139	      10	       3	       0
2020_09_08	    2143	      10	       4	       0
2020_09_09	    2147	      10	       4	       0
2020_09_10	    2150	      10	       3	       0
2020_09_11	    2154	      10	       4	       0
2020_09_12	    2158	      10	       4	       0
2020_09_13	    2162	      10	       4	       0
2020_09_14	    2182	      10	      20	       0
2020_09_15	    2203	      10	      21	       0
2020_09_16	    2224	      10	      21	       0
2020_09_17	    2244	      10	      20	       0
2020_09_18	    2265	      10	      21	       0
2020_09_19	    2286	      10	      21	       0
2020_09_20	    2307	      10	      21	       0
2020_09_21	    2349	      10	      42	       0
2020_09_22	    2391	      10	      42	       0
2020_09_23	    2433	      10	      42	       0
2020_09_24	    2475	      10	      42	       0
2020_09_25	    2517	      10	      42	       0
2020_09_26	    2559	      10	      42	       0
2020_09_27	    2601	      10	      42	       0
2020_09_28	    2639	      10	      38	       0
2020_09_29	    2678	      10	      39	       0
2020_09_30	    2717	      10	      39	       0
2020_10_01	    2755	      10	      38	       0
2020_10_02	    2794	      10	      39	       0
2020_10_03	    2833	      10	      39	       0
2020_10_04	    2872	      10	      39	       0
2020_10_05	    2956	      10	      84	       0
2020_10_06	    3040	      10	      84	       0
2020_10_07	    3124	      10	      84	       0
2020_10_08	    3208	      10	      84	       0
2020_10_09	    3292	      10	      84	       0
2020_10_10	    3376	      10	      84	       0
2020_10_11	    3460	      10	      84	       0
2020_10_12	    3545	      10	      85	       0
2020_10_13	    3630	      10	      85	       0
2020_10_14	    3715	      10	      85	       0
2020_10_15	    3800	      10	      85	       0
2020_10_16	    3885	      10	      85	       0
2020_10_17	    3970	      10	      85	       0
2020_10_18	    4055	      11	      85	       1
2020_10_19	    4119	      11	      64	       0
2020_10_20	    4183	      11	      64	       0
2020_10_21	    4247	      11	      64	       0
2020_10_22	    4311	      11	      64	       0
2020_10_23	    4375	      11	      64	       0
2020_10_24	    4439	      11	      64	       0
2020_10_25	    4504	      11	      65	       0
2020_10_26	    4555	      11	      51	       0
2020_10_27	    4607	      11	      52	       0
2020_10_28	    4658	      11	      51	       0
2020_10_29	    4710	      11	      52	       0
2020_10_30	    4761	      11	      51	       0
2020_10_31	    4813	      11	      52	       0
2020_11_01	    4865	      12	      52	       1
2020_11_02	    4893	      12	      28	       0
2020_11_03	    4921	      13	      28	       1
2020_11_04	    4949	      14	      28	       1
2020_11_05	    4978	      15	      29	       1
2020_11_06	    5006	      16	      28	       1
2020_11_07	    5034	      17	      28	       1
2020_11_08	    5063	      18	      29	       1
2020_11_09	    5080	      19	      17	       1
2020_11_10	    5098	      20	      18	       1
2020_11_11	    5115	      21	      17	       1
2020_11_12	    5133	      22	      18	       1
2020_11_13	    5150	      23	      17	       1
2020_11_14	    5168	      24	      18	       1
2020_11_15	    5186	      25	      18	       1
2020_11_16	    5197	      25	      11	       0
2020_11_17	    5209	      25	      12	       0
2020_11_18	    5221	      25	      12	       0
2020_11_19	    5233	      25	      12	       0
2020_11_20	    5245	      25	      12	       0
2020_11_21	    5257	      25	      12	       0
2020_11_22	    5269	      26	      12	       1
2020_11_23	    5283	      26	      14	       0
2020_11_24	    5298	      26	      15	       0
2020_11_25	    5312	      26	      14	       0
2020_11_26	    5327	      26	      15	       0
2020_11_27	    5341	      26	      14	       0
2020_11_28	    5356	      26	      15	       0
2020_11_29	    5371	      26	      15	       0
2020_11_30	    5386	      26	      15	       0
2020_12_01	    5401	      26	      15	       0
2020_12_02	    5416	      26	      15	       0
2020_12_03	    5431	      26	      15	       0
2020_12_04	    5446	      26	      15	       0
2020_12_05	    5461	      26	      15	       0
2020_12_06	    5476	      27	      15	       1
2020_12_07	    5486	      27	      10	       0
2020_12_08	    5497	      27	      11	       0
2020_12_09	    5508	      27	      11	       0
2020_12_10	    5519	      27	      11	       0
2020_12_11	    5530	      27	      11	       0
2020_12_12	    5541	      27	      11	       0
2020_12_13	    5552	      28	      11	       1
2020_12_14	    5561	      28	       9	       0
2020_12_15	    5571	      28	      10	       0
2020_12_16	    5581	      28	      10	       0
2020_12_17	    5591	      28	      10	       0
2020_12_18	    5601	      28	      10	       0
2020_12_19	    5611	      28	      10	       0
2020_12_20	    5621	      28	      10	       0
2020_12_21	    5629	      28	       8	       0
2020_12_22	    5638	      28	       9	       0
2020_12_23	    5647	      28	       9	       0
2020_12_24	    5656	      28	       9	       0
2020_12_25	    5665	      28	       9	       0
2020_12_26	    5674	      28	       9	       0
2020_12_27	    5683	      28	       9	       0
2020_12_28	    5693	      28	      10	       0
2020_12_29	    5703	      28	      10	       0
2020_12_30	    5713	      28	      10	       0
2020_12_31	    5723	      28	      10	       0
2021_01_01	    5733	      28	      10	       0
2021_01_02	    5743	      28	      10	       0
2021_01_03	    5754	      29	      11	       1
2021_01_04	    5772	      29	      18	       0
2021_01_05	    5790	      29	      18	       0
2021_01_06	    5808	      29	      18	       0
2021_01_07	    5826	      29	      18	       0
2021_01_08	    5844	      29	      18	       0
2021_01_09	    5862	      29	      18	       0
2021_01_10	    5880	      29	      18	       0
2021_01_11	    5890	      29	      10	       0
2021_01_12	    5901	      29	      11	       0
2021_01_13	    5912	      29	      11	       0
2021_01_14	    5923	      29	      11	       0
2021_01_15	    5934	      29	      11	       0
2021_01_16	    5945	      29	      11	       0
2021_01_17	    5956	      29	      11	       0
2021_01_18	    5959	      29	       3	       0
2021_01_19	    5963	      29	       4	       0
2021_01_20	    5966	      29	       3	       0
2021_01_21	    5970	      29	       4	       0
2021_01_22	    5973	      29	       3	       0
2021_01_23	    5977	      29	       4	       0
2021_01_24	    5981	      29	       4	       0
2021_01_25	    5984	      29	       3	       0
2021_01_26	    5987	      29	       3	       0
2021_01_27	    5990	      29	       3	       0
2021_01_28	    5993	      29	       3	       0
2021_01_29	    5996	      29	       3	       0
2021_01_30	    5999	      29	       3	       0
2021_01_31	    6002	      29	       3	       0
2021_02_01	    6004	      29	       2	       0
2021_02_02	    6007	      29	       3	       0
2021_02_03	    6010	      29	       3	       0
2021_02_04	    6012	      29	       2	       0
2021_02_05	    6015	      29	       3	       0
2021_02_06	    6018	      29	       3	       0
2021_02_07	    6021	      29	       3	       0
2021_02_08	    6022	      29	       1	       0
2021_02_09	    6024	      29	       2	       0
2021_02_10	    6026	      29	       2	       0
2021_02_11	    6027	      29	       1	       0
2021_02_12	    6029	      29	       2	       0
2021_02_13	    6031	      29	       2	       0
2021_02_14	    6033	      29	       2	       0
2021_02_15	    6034	      29	       1	       0
2021_02_16	    6036	      29	       2	       0
2021_02_17	    6038	      29	       2	       0
2021_02_18	    6039	      29	       1	       0
2021_02_19	    6041	      29	       2	       0
2021_02_20	    6043	      29	       2	       0
2021_02_21	    6045	      29	       2	       0
2021_02_22	    6045	      29	       0	       0
2021_02_23	    6046	      29	       1	       0
2021_02_24	    6046	      29	       0	       0
2021_02_25	    6047	      29	       1	       0
2021_02_26	    6047	      29	       0	       0
2021_02_27	    6048	      29	       1	       0
2021_02_28	    6049	      29	       1	       0
2021_03_01	    6050	      29	       1	       0
2021_03_02	    6051	      29	       1	       0
2021_03_03	    6053	      29	       2	       0
2021_03_04	    6054	      29	       1	       0
2021_03_05	    6056	      29	       2	       0
2021_03_06	    6057	      29	       1	       0
2021_03_07	    6059	      29	       2	       0
2021_03_08	    6060	      29	       1	       0
2021_03_09	    6062	      29	       2	       0
2021_03_10	    6064	      29	       2	       0
2021_03_11	    6066	      29	       2	       0
2021_03_12	    6068	      29	       2	       0
2021_03_13	    6070	      29	       2	       0
2021_03_14	    6072	      29	       2	       0
2021_03_15	    6075	      29	       3	       0
2021_03_16	    6079	      29	       4	       0
2021_03_17	    6082	      29	       3	       0
2021_03_18	    6086	      29	       4	       0
2021_03_19	    6089	      29	       3	       0
2021_03_20	    6093	      29	       4	       0
2021_03_21	    6097	      29	       4	       0
2021_03_22	    6106	      29	       9	       0
2021_03_23	    6115	      29	       9	       0
2021_03_24	    6125	      29	      10	       0
2021_03_25	    6134	      29	       9	       0
2021_03_26	    6144	      29	      10	       0
2021_03_27	    6153	      29	       9	       0
2021_03_28	    6163	      29	      10	       0
2021_03_29	    6171	      29	       8	       0
2021_03_30	    6180	      29	       9	       0
2021_03_31	    6189	      29	       9	       0
2021_04_01	    6198	      29	       9	       0
2021_04_02	    6207	      29	       9	       0
2021_04_03	    6216	      29	       9	       0
2021_04_04	    6225	      29	       9	       0
2021_04_05	    6229	      29	       4	       0
2021_04_06	    6234	      29	       5	       0
2021_04_07	    6239	      29	       5	       0
2021_04_08	    6243	      29	       4	       0
2021_04_09	    6248	      29	       5	       0
2021_04_10	    6253	      29	       5	       0
2021_04_11	    6258	      29	       5	       0
2021_04_12	    6262	      29	       4	       0
2021_04_13	    6266	      29	       4	       0
2021_04_14	    6270	      29	       4	       0
2021_04_15	    6274	      29	       4	       0
2021_04_16	    6278	      29	       4	       0
2021_04_17	    6282	      29	       4	       0
2021_04_18	    6286	      29	       4	       0
2021_04_19	    6300	      29	      14	       0
2021_04_20	    6315	      29	      15	       0
2021_04_21	    6330	      29	      15	       0
2021_04_22	    6345	      29	      15	       0
2021_04_23	    6360	      29	      15	       0
2021_04_24	    6375	      29	      15	       0
2021_04_25	    6390	      29	      15	       0
2021_04_26	    6401	      29	      11	       0
2021_04_27	    6413	      29	      12	       0
2021_04_28	    6425	      29	      12	       0
2021_04_29	    6436	      29	      11	       0
2021_04_30	    6448	      29	      12	       0
2021_05_01	    6460	      29	      12	       0
2021_05_02	    6472	      29	      12	       0
2021_05_03	    6476	      29	       4	       0
2021_05_04	    6481	      29	       5	       0
2021_05_05	    6486	      29	       5	       0
2021_05_06	    6491	      29	       5	       0
2021_05_07	    6496	      29	       5	       0
2021_05_08	    6501	      29	       5	       0
2021_05_09	    6506	      29	       5	       0
2021_05_10	    6510	      29	       4	       0
2021_05_11	    6514	      29	       4	       0
2021_05_12	    6519	      29	       5	       0
2021_05_13	    6523	      29	       4	       0
2021_05_14	    6528	      29	       5	       0
2021_05_15	    6532	      29	       4	       0
2021_05_16	    6537	      29	       5	       0
2021_05_17	    6539	      29	       2	       0
2021_05_18	    6542	      29	       3	       0
2021_05_19	    6545	      29	       3	       0
2021_05_20	    6547	      29	       2	       0
2021_05_21	    6550	      29	       3	       0
2021_05_22	    6553	      29	       3	       0
2021_05_23	    6556	      29	       3	       0
2021_05_24	    6558	      29	       2	       0
2021_05_25	    6561	      29	       3	       0
2021_05_26	    6564	      29	       3	       0
2021_05_27	    6567	      29	       3	       0
2021_05_28	    6570	      29	       3	       0
2021_05_29	    6573	      29	       3	       0
2021_05_30	    6576	      30	       3	       1
2021_05_31	    6580	      30	       4	       0
2021_06_01	    6584	      30	       4	       0
2021_06_02	    6588	      30	       4	       0
2021_06_03	    6592	      30	       4	       0
2021_06_04	    6596	      30	       4	       0
2021_06_05	    6600	      30	       4	       0
2021_06_06	    6604	      30	       4	       0
2021_06_07	    6605	      30	       1	       0
2021_06_08	    6607	      30	       2	       0
2021_06_09	    6609	      30	       2	       0
2021_06_10	    6610	      30	       1	       0
2021_06_11	    6612	      30	       2	       0
2021_06_12	    6614	      30	       2	       0
2021_06_13	    6616	      30	       2	       0
