#
# COVID-19 Country file (official WHO count)
# Country = India
# Latitude = 29.0
# Population = 1383197.753
# Territory = 3287263.0
# LEB = 69.7
# DPA = 9926000
# DPA65 = 4863740
# GDP = 2035.0
# GDP_PPP = 7997.0
# COVID-19 Mortality = 267.8
# First_Case = 2020_01_30
# Last_Case = 2021_06_13
# First_Death = 2020_03_13
# Last_Death = 2021_06_13
# Status as of 2021_06_13 = Clusters of cases
# Vaccine type = Covaxin, Oxford/AstraZeneca
# Vaccine start = 2021_01_15
#
Date	Conf_Cases	Conf_Deaths	Daily_Cases	Daily_Deaths
2020_01_30	       1	       0	       1	       0
2020_01_31	       1	       0	       0	       0
2020_02_01	       1	       0	       0	       0
2020_02_02	       2	       0	       1	       0
2020_02_03	       3	       0	       1	       0
2020_02_04	       3	       0	       0	       0
2020_02_05	       3	       0	       0	       0
2020_02_06	       3	       0	       0	       0
2020_02_07	       3	       0	       0	       0
2020_02_08	       3	       0	       0	       0
2020_02_09	       3	       0	       0	       0
2020_02_10	       3	       0	       0	       0
2020_02_11	       3	       0	       0	       0
2020_02_12	       3	       0	       0	       0
2020_02_13	       3	       0	       0	       0
2020_02_14	       3	       0	       0	       0
2020_02_15	       3	       0	       0	       0
2020_02_16	       3	       0	       0	       0
2020_02_17	       3	       0	       0	       0
2020_02_18	       3	       0	       0	       0
2020_02_19	       3	       0	       0	       0
2020_02_20	       3	       0	       0	       0
2020_02_21	       3	       0	       0	       0
2020_02_22	       3	       0	       0	       0
2020_02_23	       3	       0	       0	       0
2020_02_24	       3	       0	       0	       0
2020_02_25	       3	       0	       0	       0
2020_02_26	       3	       0	       0	       0
2020_02_27	       3	       0	       0	       0
2020_02_28	       3	       0	       0	       0
2020_02_29	       3	       0	       0	       0
2020_03_01	       3	       0	       0	       0
2020_03_02	       3	       0	       0	       0
2020_03_03	       5	       0	       2	       0
2020_03_04	       6	       0	       1	       0
2020_03_05	      29	       0	      23	       0
2020_03_06	      30	       0	       1	       0
2020_03_07	      31	       0	       1	       0
2020_03_08	      34	       0	       3	       0
2020_03_09	      43	       0	       9	       0
2020_03_10	      44	       0	       1	       0
2020_03_11	      60	       0	      16	       0
2020_03_12	      73	       0	      13	       0
2020_03_13	      74	       1	       1	       1
2020_03_14	      82	       2	       8	       1
2020_03_15	     107	       2	      25	       0
2020_03_16	     114	       2	       7	       0
2020_03_17	     137	       3	      23	       1
2020_03_18	     137	       3	       0	       0
2020_03_19	     151	       3	      14	       0
2020_03_20	     195	       4	      44	       1
2020_03_21	     195	       4	       0	       0
2020_03_22	     283	       4	      88	       0
2020_03_23	     415	       7	     132	       3
2020_03_24	     434	       9	      19	       2
2020_03_25	     562	       9	     128	       0
2020_03_26	     649	      13	      87	       4
2020_03_27	     724	      17	      75	       4
2020_03_28	     724	      17	       0	       0
2020_03_29	     979	      25	     255	       8
2020_03_30	    1071	      29	      92	       4
2020_03_31	    1071	      29	       0	       0
2020_04_01	    1636	      38	     565	       9
2020_04_02	    1636	      38	       0	       0
2020_04_03	    1965	      50	     329	      12
2020_04_04	    2301	      56	     336	       6
2020_04_05	    3374	      77	    1073	      21
2020_04_06	    4067	     109	     693	      32
2020_04_07	    4067	     109	       0	       0
2020_04_08	    5194	     149	    1127	      40
2020_04_09	    5734	     166	     540	      17
2020_04_10	    6412	     199	     678	      33
2020_04_11	    7447	     239	    1035	      40
2020_04_12	    8356	     273	     909	      34
2020_04_13	    9152	     308	     796	      35
2020_04_14	   10363	     339	    1211	      31
2020_04_15	   11439	     377	    1076	      38
2020_04_16	   12380	     414	     941	      37
2020_04_17	   13387	     437	    1007	      23
2020_04_18	   14378	     480	     991	      43
2020_04_19	   15712	     507	    1334	      27
2020_04_20	   17265	     543	    1553	      36
2020_04_21	   18601	     590	    1336	      47
2020_04_22	   19984	     640	    1383	      50
2020_04_23	   21393	     681	    1409	      41
2020_04_24	   23077	     718	    1684	      37
2020_04_25	   24506	     775	    1429	      57
2020_04_26	   26496	     824	    1990	      49
2020_04_27	   27892	     872	    1396	      48
2020_04_28	   29435	     934	    1543	      62
2020_04_29	   31332	    1007	    1897	      73
2020_04_30	   33050	    1074	    1718	      67
2020_05_01	   35043	    1147	    1993	      73
2020_05_02	   37336	    1218	    2293	      71
2020_05_03	   39980	    1301	    2644	      83
2020_05_04	   42533	    1373	    2553	      72
2020_05_05	   46433	    1568	    3900	     195
2020_05_06	   49391	    1694	    2958	     126
2020_05_07	   52952	    1783	    3561	      89
2020_05_08	   56342	    1886	    3390	     103
2020_05_09	   59662	    1981	    3320	      95
2020_05_10	   62939	    2109	    3277	     128
2020_05_11	   67152	    2206	    4213	      97
2020_05_12	   70756	    2293	    3604	      87
2020_05_13	   74281	    2415	    3525	     122
2020_05_14	   78003	    2549	    3722	     134
2020_05_15	   81970	    2649	    3967	     100
2020_05_16	   85940	    2752	    3970	     103
2020_05_17	   90927	    2872	    4987	     120
2020_05_18	   96169	    3029	    5242	     157
2020_05_19	  101139	    3163	    4970	     134
2020_05_20	  106750	    3303	    5611	     140
2020_05_21	  112359	    3435	    5609	     132
2020_05_22	  118447	    3583	    6088	     148
2020_05_23	  125101	    3720	    6654	     137
2020_05_24	  131868	    3867	    6767	     147
2020_05_25	  138845	    4021	    6977	     154
2020_05_26	  145380	    4167	    6535	     146
2020_05_27	  151767	    4337	    6387	     170
2020_05_28	  158333	    4531	    6566	     194
2020_05_29	  165799	    4706	    7466	     175
2020_05_30	  173763	    4971	    7964	     265
2020_05_31	  182143	    5164	    8380	     193
2020_06_01	  190535	    5394	    8392	     230
2020_06_02	  198706	    5598	    8171	     204
2020_06_03	  207615	    5815	    8909	     217
2020_06_04	  216919	    6075	    9304	     260
2020_06_05	  226770	    6348	    9851	     273
2020_06_06	  236657	    6642	    9887	     294
2020_06_07	  246628	    6929	    9971	     287
2020_06_08	  256611	    7135	    9983	     206
2020_06_09	  266598	    7466	    9987	     331
2020_06_10	  276583	    7745	    9985	     279
2020_06_11	  286579	    8102	    9996	     357
2020_06_12	  297535	    8498	   10956	     396
2020_06_13	  308993	    8884	   11458	     386
2020_06_14	  320922	    9195	   11929	     311
2020_06_15	  332424	    9520	   11502	     325
2020_06_16	  343091	    9900	   10667	     380
2020_06_17	  354065	   11903	   10974	    2003
2020_06_18	  366946	   12237	   12881	     334
2020_06_19	  380532	   12573	   13586	     336
2020_06_20	  395048	   12948	   14516	     375
2020_06_21	  410461	   13254	   15413	     306
2020_06_22	  425282	   13699	   14821	     445
2020_06_23	  440215	   14011	   14933	     312
2020_06_24	  456183	   14476	   15968	     465
2020_06_25	  473105	   14894	   16922	     418
2020_06_26	  490401	   15301	   17296	     407
2020_06_27	  508953	   15685	   18552	     384
2020_06_28	  528859	   16095	   19906	     410
2020_06_29	  548318	   16475	   19459	     380
2020_06_30	  566840	   16893	   18522	     418
2020_07_01	  585493	   17400	   18653	     507
2020_07_02	  604641	   17834	   19148	     434
2020_07_03	  625544	   18213	   20903	     379
2020_07_04	  648315	   18655	   22771	     442
2020_07_05	  673165	   19268	   24850	     613
2020_07_06	  697413	   19693	   24248	     425
2020_07_07	  719665	   20160	   22252	     467
2020_07_08	  742417	   20642	   22752	     482
2020_07_09	  767296	   21129	   24879	     487
2020_07_10	  793802	   21604	   26506	     475
2020_07_11	  820916	   22123	   27114	     519
2020_07_12	  849553	   22674	   28637	     551
2020_07_13	  878254	   23174	   28701	     500
2020_07_14	  906752	   23727	   28498	     553
2020_07_15	  936181	   24309	   29429	     582
2020_07_16	  968876	   24915	   32695	     606
2020_07_17	 1003832	   25602	   34956	     687
2020_07_18	 1038716	   26273	   34884	     671
2020_07_19	 1077618	   26816	   38902	     543
2020_07_20	 1118043	   27497	   40425	     681
2020_07_21	 1155191	   28084	   37148	     587
2020_07_22	 1192915	   28732	   37724	     648
2020_07_23	 1238635	   29861	   45720	    1129
2020_07_24	 1287945	   30601	   49310	     740
2020_07_25	 1336861	   31358	   48916	     757
2020_07_26	 1336861	   31358	       0	       0
2020_07_27	 1435453	   32771	   98592	    1413
2020_07_28	 1483156	   33425	   47703	     654
2020_07_29	 1531669	   34193	   48513	     768
2020_07_30	 1583792	   34968	   52123	     775
2020_07_31	 1638870	   35747	   55078	     779
2020_08_01	 1695988	   36511	   57118	     764
2020_08_02	 1750723	   37364	   54735	     853
2020_08_03	 1803695	   38135	   52972	     771
2020_08_04	 1855745	   38938	   52050	     803
2020_08_05	 1908254	   39795	   52509	     857
2020_08_06	 1964536	   40699	   56282	     904
2020_08_07	 2027074	   41585	   62538	     886
2020_08_08	 2088611	   42518	   61537	     933
2020_08_09	 2153010	   43379	   64399	     861
2020_08_10	 2215074	   44386	   62064	    1007
2020_08_11	 2268675	   45257	   53601	     871
2020_08_12	 2329638	   46091	   60963	     834
2020_08_13	 2396637	   47033	   66999	     942
2020_08_14	 2461190	   48040	   64553	    1007
2020_08_15	 2526192	   49036	   65002	     996
2020_08_16	 2589682	   49980	   63490	     944
2020_08_17	 2654718	   50940	   65036	     960
2020_08_18	 2719755	   51901	   65037	     961
2020_08_19	 2784792	   52862	   65037	     961
2020_08_20	 2849829	   53823	   65037	     961
2020_08_21	 2914866	   54784	   65037	     961
2020_08_22	 2979903	   55745	   65037	     961
2020_08_23	 3044940	   56706	   65037	     961
2020_08_24	 3116053	   57676	   71113	     970
2020_08_25	 3187166	   58646	   71113	     970
2020_08_26	 3258279	   59616	   71113	     970
2020_08_27	 3329393	   60587	   71114	     971
2020_08_28	 3400506	   61557	   71113	     970
2020_08_29	 3471619	   62527	   71113	     970
2020_08_30	 3542733	   63498	   71114	     971
2020_08_31	 3624315	   64516	   81582	    1018
2020_09_01	 3705898	   65534	   81583	    1018
2020_09_02	 3787480	   66552	   81582	    1018
2020_09_03	 3869063	   67571	   81583	    1019
2020_09_04	 3950645	   68589	   81582	    1018
2020_09_05	 4032228	   69607	   81583	    1018
2020_09_06	 4113811	   70626	   81583	    1019
2020_09_07	 4205317	   71763	   91506	    1137
2020_09_08	 4296823	   72900	   91506	    1137
2020_09_09	 4388330	   74037	   91507	    1137
2020_09_10	 4479836	   75174	   91506	    1137
2020_09_11	 4571343	   76311	   91507	    1137
2020_09_12	 4662849	   77448	   91506	    1137
2020_09_13	 4754356	   78586	   91507	    1138
2020_09_14	 4846679	   79752	   92323	    1166
2020_09_15	 4939002	   80919	   92323	    1167
2020_09_16	 5031325	   82085	   92323	    1166
2020_09_17	 5123649	   83252	   92324	    1167
2020_09_18	 5215972	   84418	   92323	    1166
2020_09_19	 5308295	   85585	   92323	    1167
2020_09_20	 5400619	   86752	   92324	    1167
2020_09_21	 5485178	   87859	   84559	    1107
2020_09_22	 5569737	   88966	   84559	    1107
2020_09_23	 5654296	   90073	   84559	    1107
2020_09_24	 5738855	   91181	   84559	    1108
2020_09_25	 5823414	   92288	   84559	    1107
2020_09_26	 5907973	   93395	   84559	    1107
2020_09_27	 5992532	   94503	   84559	    1108
2020_09_28	 6072080	   95542	   79548	    1039
2020_09_29	 6151629	   96582	   79549	    1040
2020_09_30	 6231178	   97622	   79549	    1040
2020_10_01	 6310726	   98662	   79548	    1040
2020_10_02	 6390275	   99702	   79549	    1040
2020_10_03	 6469824	  100742	   79549	    1040
2020_10_04	 6549373	  101782	   79549	    1040
2020_10_05	 6621434	  102718	   72061	     936
2020_10_06	 6693496	  103654	   72062	     936
2020_10_07	 6765558	  104590	   72062	     936
2020_10_08	 6837620	  105526	   72062	     936
2020_10_09	 6909682	  106462	   72062	     936
2020_10_10	 6981744	  107398	   72062	     936
2020_10_11	 7053806	  108334	   72062	     936
2020_10_12	 7131414	  109314	   77608	     980
2020_10_13	 7209022	  110294	   77608	     980
2020_10_14	 7286630	  111275	   77608	     981
2020_10_15	 7364238	  112255	   77608	     980
2020_10_16	 7441846	  113236	   77608	     981
2020_10_17	 7519454	  114216	   77608	     980
2020_10_18	 7597063	  115197	   77609	     981
2020_10_19	 7646972	  115812	   49909	     615
2020_10_20	 7696881	  116427	   49909	     615
2020_10_21	 7746791	  117042	   49910	     615
2020_10_22	 7796700	  117657	   49909	     615
2020_10_23	 7846610	  118272	   49910	     615
2020_10_24	 7896519	  118887	   49909	     615
2020_10_25	 7946429	  119502	   49910	     615
2020_10_26	 7980379	  119874	   33950	     372
2020_10_27	 8014329	  120247	   33950	     373
2020_10_28	 8048280	  120620	   33951	     373
2020_10_29	 8082230	  120992	   33950	     372
2020_10_30	 8116181	  121365	   33951	     373
2020_10_31	 8150131	  121738	   33950	     373
2020_11_01	 8184082	  122111	   33951	     373
2020_11_02	 8230320	  122683	   46238	     572
2020_11_03	 8276559	  123256	   46239	     573
2020_11_04	 8322798	  123829	   46239	     573
2020_11_05	 8369037	  124402	   46239	     573
2020_11_06	 8415276	  124975	   46239	     573
2020_11_07	 8461515	  125548	   46239	     573
2020_11_08	 8507754	  126121	   46239	     573
2020_11_09	 8551586	  126623	   43832	     502
2020_11_10	 8595418	  127125	   43832	     502
2020_11_11	 8639250	  127627	   43832	     502
2020_11_12	 8683082	  128129	   43832	     502
2020_11_13	 8726914	  128631	   43832	     502
2020_11_14	 8770746	  129133	   43832	     502
2020_11_15	 8814579	  129635	   43833	     502
2020_11_16	 8854754	  130148	   40175	     513
2020_11_17	 8894929	  130661	   40175	     513
2020_11_18	 8935104	  131174	   40175	     513
2020_11_19	 8975280	  131687	   40176	     513
2020_11_20	 9015455	  132200	   40175	     513
2020_11_21	 9055630	  132713	   40175	     513
2020_11_22	 9095806	  133227	   40176	     514
2020_11_23	 9138250	  133722	   42444	     495
2020_11_24	 9180695	  134218	   42445	     496
2020_11_25	 9223140	  134713	   42445	     495
2020_11_26	 9265584	  135209	   42444	     496
2020_11_27	 9308029	  135704	   42445	     495
2020_11_28	 9350474	  136200	   42445	     496
2020_11_29	 9392919	  136696	   42445	     496
2020_11_30	 9428819	  137194	   35900	     498
2020_12_01	 9464719	  137692	   35900	     498
2020_12_02	 9500620	  138190	   35901	     498
2020_12_03	 9536520	  138688	   35900	     498
2020_12_04	 9572421	  139186	   35901	     498
2020_12_05	 9608321	  139684	   35900	     498
2020_12_06	 9644222	  140182	   35901	     498
2020_12_07	 9674623	  140587	   30401	     405
2020_12_08	 9705024	  140992	   30401	     405
2020_12_09	 9735425	  141397	   30401	     405
2020_12_10	 9765826	  141803	   30401	     406
2020_12_11	 9796227	  142208	   30401	     405
2020_12_12	 9826628	  142613	   30401	     405
2020_12_13	 9857029	  143019	   30401	     406
2020_12_14	 9881913	  143370	   24884	     351
2020_12_15	 9906798	  143721	   24885	     351
2020_12_16	 9931683	  144072	   24885	     351
2020_12_17	 9956568	  144423	   24885	     351
2020_12_18	 9981453	  144774	   24885	     351
2020_12_19	10006338	  145125	   24885	     351
2020_12_20	10031223	  145477	   24885	     352
2020_12_21	10053598	  145783	   22375	     306
2020_12_22	10075973	  146089	   22375	     306
2020_12_23	10098348	  146396	   22375	     307
2020_12_24	10120724	  146702	   22376	     306
2020_12_25	10143099	  147009	   22375	     307
2020_12_26	10165474	  147315	   22375	     306
2020_12_27	10187850	  147622	   22376	     307
2020_12_28	10207295	  147881	   19445	     259
2020_12_29	10226740	  148140	   19445	     259
2020_12_30	10246185	  148399	   19445	     259
2020_12_31	10265630	  148658	   19445	     259
2021_01_01	10285075	  148917	   19445	     259
2021_01_02	10304520	  149176	   19445	     259
2021_01_03	10323965	  149435	   19445	     259
2021_01_04	10342010	  149658	   18045	     223
2021_01_05	10360056	  149881	   18046	     223
2021_01_06	10378101	  150105	   18045	     224
2021_01_07	10396147	  150328	   18046	     223
2021_01_08	10414192	  150552	   18045	     224
2021_01_09	10432238	  150775	   18046	     223
2021_01_10	10450284	  150999	   18046	     224
2021_01_11	10465669	  151181	   15385	     182
2021_01_12	10481055	  151363	   15386	     182
2021_01_13	10496441	  151545	   15386	     182
2021_01_14	10511827	  151727	   15386	     182
2021_01_15	10527213	  151909	   15386	     182
2021_01_16	10542599	  152091	   15386	     182
2021_01_17	10557985	  152274	   15386	     183
2021_01_18	10571777	  152426	   13792	     152
2021_01_19	10585570	  152578	   13793	     152
2021_01_20	10599362	  152730	   13792	     152
2021_01_21	10613155	  152882	   13793	     152
2021_01_22	10626947	  153034	   13792	     152
2021_01_23	10640740	  153186	   13793	     152
2021_01_24	10654533	  153339	   13793	     153
2021_01_25	10667625	  153472	   13092	     133
2021_01_26	10680718	  153606	   13093	     134
2021_01_27	10693811	  153739	   13093	     133
2021_01_28	10706904	  153873	   13093	     134
2021_01_29	10719997	  154006	   13093	     133
2021_01_30	10733090	  154140	   13093	     134
2021_01_31	10746183	  154274	   13093	     134
2021_02_01	10757637	  154377	   11454	     103
2021_02_02	10769091	  154480	   11454	     103
2021_02_03	10780545	  154583	   11454	     103
2021_02_04	10792000	  154686	   11455	     103
2021_02_05	10803454	  154789	   11454	     103
2021_02_06	10814908	  154892	   11454	     103
2021_02_07	10826363	  154996	   11455	     104
2021_02_08	10837588	  155088	   11225	      92
2021_02_09	10848813	  155180	   11225	      92
2021_02_10	10860038	  155272	   11225	      92
2021_02_11	10871264	  155365	   11226	      93
2021_02_12	10882489	  155457	   11225	      92
2021_02_13	10893714	  155549	   11225	      92
2021_02_14	10904940	  155642	   11226	      93
2021_02_15	10917327	  155736	   12387	      94
2021_02_16	10929714	  155830	   12387	      94
2021_02_17	10942101	  155924	   12387	      94
2021_02_18	10954489	  156019	   12388	      95
2021_02_19	10966876	  156113	   12387	      94
2021_02_20	10979263	  156207	   12387	      94
2021_02_21	10991651	  156302	   12388	      95
2021_02_22	11006662	  156409	   15011	     107
2021_02_23	11021673	  156516	   15011	     107
2021_02_24	11036685	  156623	   15012	     107
2021_02_25	11051696	  156730	   15011	     107
2021_02_26	11066708	  156837	   15012	     107
2021_02_27	11081719	  156944	   15011	     107
2021_02_28	11096731	  157051	   15012	     107
2021_03_01	11113026	  157151	   16295	     100
2021_03_02	11129321	  157252	   16295	     101
2021_03_03	11145617	  157353	   16296	     101
2021_03_04	11161912	  157453	   16295	     100
2021_03_05	11178208	  157554	   16296	     101
2021_03_06	11194503	  157655	   16295	     101
2021_03_07	11210799	  157756	   16296	     101
2021_03_08	11231977	  157877	   21178	     121
2021_03_09	11253155	  157999	   21178	     122
2021_03_10	11274334	  158120	   21179	     121
2021_03_11	11295512	  158242	   21178	     122
2021_03_12	11316691	  158363	   21179	     121
2021_03_13	11337869	  158485	   21178	     122
2021_03_14	11359048	  158607	   21179	     122
2021_03_15	11393345	  158771	   34297	     164
2021_03_16	11427642	  158935	   34297	     164
2021_03_17	11461940	  159099	   34298	     164
2021_03_18	11496237	  159263	   34297	     164
2021_03_19	11530535	  159427	   34298	     164
2021_03_20	11564832	  159591	   34297	     164
2021_03_21	11599130	  159755	   34298	     164
2021_03_22	11652343	  160011	   53213	     256
2021_03_23	11705556	  160268	   53213	     257
2021_03_24	11758770	  160525	   53214	     257
2021_03_25	11811983	  160781	   53213	     256
2021_03_26	11865197	  161038	   53214	     257
2021_03_27	11918410	  161295	   53213	     257
2021_03_28	11971624	  161552	   53214	     257
2021_03_29	12045036	  161990	   73412	     438
2021_03_30	12118448	  162429	   73412	     439
2021_03_31	12191860	  162868	   73412	     439
2021_04_01	12265272	  163306	   73412	     438
2021_04_02	12338684	  163745	   73412	     439
2021_04_03	12412096	  164184	   73412	     439
2021_04_04	12485509	  164623	   73413	     439
2021_04_05	12610265	  165287	  124756	     664
2021_04_06	12735022	  165952	  124757	     665
2021_04_07	12859778	  166616	  124756	     664
2021_04_08	12984535	  167281	  124757	     665
2021_04_09	13109291	  167945	  124756	     664
2021_04_10	13234048	  168610	  124757	     665
2021_04_11	13358805	  169275	  124757	     665
2021_04_12	13562991	  170400	  204186	    1125
2021_04_13	13767177	  171525	  204186	    1125
2021_04_14	13971363	  172650	  204186	    1125
2021_04_15	14175550	  173775	  204187	    1125
2021_04_16	14379736	  174900	  204186	    1125
2021_04_17	14583922	  176025	  204186	    1125
2021_04_18	14788109	  177150	  204187	    1125
2021_04_19	15098403	  179315	  310294	    2165
2021_04_20	15408698	  181481	  310295	    2166
2021_04_21	15718993	  183647	  310295	    2166
2021_04_22	16029287	  185813	  310294	    2166
2021_04_23	16339582	  187979	  310295	    2166
2021_04_24	16649877	  190145	  310295	    2166
2021_04_25	16960172	  192311	  310295	    2166
2021_04_26	17331212	  195629	  371040	    3318
2021_04_27	17702253	  198948	  371041	    3319
2021_04_28	18073294	  202267	  371041	    3319
2021_04_29	18444334	  205585	  371040	    3318
2021_04_30	18815375	  208904	  371041	    3319
2021_05_01	19186416	  212223	  371041	    3319
2021_05_02	19557457	  215542	  371041	    3319
2021_05_03	19948736	  219373	  391279	    3831
2021_05_04	20340016	  223204	  391280	    3831
2021_05_05	20731295	  227036	  391279	    3832
2021_05_06	21122575	  230867	  391280	    3831
2021_05_07	21513854	  234699	  391279	    3832
2021_05_08	21905134	  238530	  391280	    3831
2021_05_09	22296414	  242362	  391280	    3832
2021_05_10	22637508	  246350	  341094	    3988
2021_05_11	22978603	  250339	  341095	    3989
2021_05_12	23319698	  254328	  341095	    3989
2021_05_13	23660792	  258317	  341094	    3989
2021_05_14	24001887	  262306	  341095	    3989
2021_05_15	24342982	  266295	  341095	    3989
2021_05_16	24684077	  270284	  341095	    3989
2021_05_17	24947799	  274424	  263722	    4140
2021_05_18	25211521	  278564	  263722	    4140
2021_05_19	25475243	  282704	  263722	    4140
2021_05_20	25738965	  286845	  263722	    4141
2021_05_21	26002687	  290985	  263722	    4140
2021_05_22	26266409	  295125	  263722	    4140
2021_05_23	26530132	  299266	  263723	    4141
2021_05_24	26725084	  303081	  194952	    3815
2021_05_25	26920037	  306896	  194953	    3815
2021_05_26	27114989	  310711	  194952	    3815
2021_05_27	27309942	  314526	  194953	    3815
2021_05_28	27504894	  318341	  194952	    3815
2021_05_29	27699847	  322156	  194953	    3815
2021_05_30	27894800	  325972	  194953	    3816
2021_05_31	28025448	  328941	  130648	    2969
2021_06_01	28156096	  331911	  130648	    2970
2021_06_02	28286745	  334880	  130649	    2969
2021_06_03	28417393	  337850	  130648	    2970
2021_06_04	28548042	  340819	  130649	    2969
2021_06_05	28678690	  343789	  130648	    2970
2021_06_06	28809339	  346759	  130649	    2970
2021_06_07	28899431	  350134	   90092	    3375
2021_06_08	28989524	  353509	   90093	    3375
2021_06_09	29079617	  356884	   90093	    3375
2021_06_10	29169710	  360259	   90093	    3375
2021_06_11	29259803	  363634	   90093	    3375
2021_06_12	29349896	  367009	   90093	    3375
2021_06_13	29439989	  370384	   90093	    3375
