#
# COVID-19 Country file (official WHO count)
# Country = Iraq
# Latitude = 33.0
# Population = 41502.885
# Territory = 438317.0
# LEB = 70.6
# DPA = 186000
# DPA65 = 78120
# GDP = 5443.0
# GDP_PPP = 17730.0
# COVID-19 Mortality = 402.1
# First_Case = 2020_02_25
# Last_Case = 2021_06_13
# First_Death = 2020_03_05
# Last_Death = 2021_06_13
# Status as of 2021_06_13 = Community transmission
# Vaccine type = Unknown
# Vaccine start = NA
#
Date	Conf_Cases	Conf_Deaths	Daily_Cases	Daily_Deaths
2020_02_25	       1	       0	       1	       0
2020_02_26	       5	       0	       4	       0
2020_02_27	       6	       0	       1	       0
2020_02_28	       7	       0	       1	       0
2020_02_29	       8	       0	       1	       0
2020_03_01	      13	       0	       5	       0
2020_03_02	      19	       0	       6	       0
2020_03_03	      26	       0	       7	       0
2020_03_04	      31	       0	       5	       0
2020_03_05	      36	       2	       5	       2
2020_03_06	      36	       2	       0	       0
2020_03_07	      44	       4	       8	       2
2020_03_08	      54	       4	      10	       0
2020_03_09	      60	       6	       6	       2
2020_03_10	      61	       6	       1	       0
2020_03_11	      61	       6	       0	       0
2020_03_12	      70	       7	       9	       1
2020_03_13	      70	       7	       0	       0
2020_03_14	      93	       9	      23	       2
2020_03_15	      93	       9	       0	       0
2020_03_16	     124	       9	      31	       0
2020_03_17	     124	       9	       0	       0
2020_03_18	     154	      11	      30	       2
2020_03_19	     164	      12	      10	       1
2020_03_20	     177	      12	      13	       0
2020_03_21	     193	      14	      16	       2
2020_03_22	     214	      17	      21	       3
2020_03_23	     233	      20	      19	       3
2020_03_24	     266	      23	      33	       3
2020_03_25	     316	      27	      50	       4
2020_03_26	     346	      29	      30	       2
2020_03_27	     382	      36	      36	       7
2020_03_28	     458	      40	      76	       4
2020_03_29	     506	      42	      48	       2
2020_03_30	     547	      42	      41	       0
2020_03_31	     630	      46	      83	       4
2020_04_01	     694	      50	      64	       4
2020_04_02	     728	      52	      34	       2
2020_04_03	     772	      54	      44	       2
2020_04_04	     820	      54	      48	       0
2020_04_05	     878	      56	      58	       2
2020_04_06	     961	      61	      83	       5
2020_04_07	    1031	      64	      70	       3
2020_04_08	    1122	      65	      91	       1
2020_04_09	    1202	      69	      80	       4
2020_04_10	    1232	      69	      30	       0
2020_04_11	    1280	      71	      48	       2
2020_04_12	    1318	      72	      38	       1
2020_04_13	    1352	      76	      34	       4
2020_04_14	    1378	      78	      26	       2
2020_04_15	    1400	      78	      22	       0
2020_04_16	    1415	      79	      15	       1
2020_04_17	    1434	      80	      19	       1
2020_04_18	    1482	      81	      48	       1
2020_04_19	    1513	      82	      31	       1
2020_04_20	    1539	      82	      26	       0
2020_04_21	    1574	      82	      35	       0
2020_04_22	    1602	      83	      28	       1
2020_04_23	    1631	      83	      29	       0
2020_04_24	    1677	      83	      46	       0
2020_04_25	    1708	      86	      31	       3
2020_04_26	    1763	      86	      55	       0
2020_04_27	    1820	      87	      57	       1
2020_04_28	    1847	      88	      27	       1
2020_04_29	    1928	      90	      81	       2
2020_04_30	    2003	      92	      75	       2
2020_05_01	    2085	      93	      82	       1
2020_05_02	    2153	      94	      68	       1
2020_05_03	    2219	      95	      66	       1
2020_05_04	    2219	      95	       0	       0
2020_05_05	    2346	      98	     127	       3
2020_05_06	    2431	     102	      85	       4
2020_05_07	    2480	     102	      49	       0
2020_05_08	    2543	     102	      63	       0
2020_05_09	    2603	     104	      60	       2
2020_05_10	    2679	     107	      76	       3
2020_05_11	    2767	     109	      88	       2
2020_05_12	    2818	     110	      51	       1
2020_05_13	    2913	     112	      95	       2
2020_05_14	    3032	     115	     119	       3
2020_05_15	    3143	     115	     111	       0
2020_05_16	    3193	     117	      50	       2
2020_05_17	    3260	     121	      67	       4
2020_05_18	    3404	     123	     144	       2
2020_05_19	    3554	     127	     150	       4
2020_05_20	    3611	     131	      57	       4
2020_05_21	    3724	     134	     113	       3
2020_05_22	    3877	     140	     153	       6
2020_05_23	    3964	     147	      87	       7
2020_05_24	    4272	     152	     308	       5
2020_05_25	    4469	     160	     197	       8
2020_05_26	    4632	     163	     163	       3
2020_05_27	    4848	     169	     216	       6
2020_05_28	    5135	     175	     287	       6
2020_05_29	    5457	     179	     322	       4
2020_05_30	    5873	     185	     416	       6
2020_05_31	    6179	     195	     306	      10
2020_06_01	    6439	     205	     260	      10
2020_06_02	    6868	     215	     429	      10
2020_06_03	    7387	     235	     519	      20
2020_06_04	    8168	     256	     781	      21
2020_06_05	    8840	     271	     672	      15
2020_06_06	    9846	     285	    1006	      14
2020_06_07	   11098	     318	    1252	      33
2020_06_08	   12366	     346	    1268	      28
2020_06_09	   13481	     370	    1115	      24
2020_06_10	   14268	     392	     787	      22
2020_06_11	   15414	     426	    1146	      34
2020_06_12	   16675	     457	    1261	      31
2020_06_13	   17770	     496	    1095	      39
2020_06_14	   18950	     549	    1180	      53
2020_06_15	   20209	     607	    1259	      58
2020_06_16	   21315	     652	    1106	      45
2020_06_17	   22700	     712	    1385	      60
2020_06_18	   24254	     773	    1554	      61
2020_06_19	   25717	     856	    1463	      83
2020_06_20	   27352	     925	    1635	      69
2020_06_21	   29222	    1013	    1870	      88
2020_06_22	   30868	    1100	    1646	      87
2020_06_23	   32676	    1167	    1808	      67
2020_06_24	   34502	    1251	    1826	      84
2020_06_25	   36702	    1330	    2200	      79
2020_06_26	   39139	    1437	    2437	     107
2020_06_27	   41193	    1559	    2054	     122
2020_06_28	   43262	    1660	    2069	     101
2020_06_29	   45402	    1756	    2140	      96
2020_06_30	   47151	    1839	    1749	      83
2020_07_01	   49109	    1943	    1958	     104
2020_07_02	   51524	    2050	    2415	     107
2020_07_03	   53708	    2160	    2184	     110
2020_07_04	   56020	    2262	    2312	     102
2020_07_05	   58354	    2368	    2334	     106
2020_07_06	   60479	    2473	    2125	     105
2020_07_07	   62275	    2567	    1796	      94
2020_07_08	   64701	    2685	    2426	     118
2020_07_09	   67442	    2779	    2741	      94
2020_07_10	   69612	    2882	    2170	     103
2020_07_11	   72460	    2960	    2848	      78
2020_07_12	   75194	    3055	    2734	      95
2020_07_13	   77506	    3150	    2312	      95
2020_07_14	   79735	    3250	    2229	     100
2020_07_15	   81757	    3345	    2022	      95
2020_07_16	   83867	    3432	    2110	      87
2020_07_17	   86148	    3522	    2281	      90
2020_07_18	   88171	    3616	    2023	      94
2020_07_19	   90220	    3691	    2049	      75
2020_07_20	   92530	    3781	    2310	      90
2020_07_21	   94693	    3869	    2163	      88
2020_07_22	   97159	    3950	    2466	      81
2020_07_23	   99865	    4042	    2706	      92
2020_07_24	  102226	    4122	    2361	      80
2020_07_25	  104711	    4212	    2485	      90
2020_07_26	  104711	    4212	       0	       0
2020_07_27	  110032	    4362	    5321	     150
2020_07_28	  112585	    4458	    2553	      96
2020_07_29	  115332	    4535	    2747	      77
2020_07_30	  118300	    4603	    2968	      68
2020_07_31	  121263	    4671	    2963	      68
2020_08_01	  124609	    4741	    3346	      70
2020_08_02	  126704	    4805	    2095	      64
2020_08_03	  129151	    4868	    2447	      63
2020_08_04	  131886	    4934	    2735	      66
2020_08_05	  134722	    5017	    2836	      83
2020_08_06	  137556	    5094	    2834	      77
2020_08_07	  140603	    5161	    3047	      67
2020_08_08	  144064	    5236	    3461	      75
2020_08_09	  147389	    5310	    3325	      74
2020_08_10	  150115	    5392	    2726	      82
2020_08_11	  153599	    5464	    3484	      72
2020_08_12	  156995	    5531	    3396	      67
2020_08_13	  160436	    5588	    3441	      57
2020_08_14	  164277	    5641	    3841	      53
2020_08_15	  168290	    5709	    4013	      68
2020_08_16	  172583	    5785	    4293	      76
2020_08_17	  176649	    5866	    4066	      81
2020_08_18	  180716	    5947	    4067	      81
2020_08_19	  184783	    6028	    4067	      81
2020_08_20	  188849	    6109	    4066	      81
2020_08_21	  192916	    6190	    4067	      81
2020_08_22	  196983	    6271	    4067	      81
2020_08_23	  201050	    6353	    4067	      82
2020_08_24	  204820	    6429	    3770	      76
2020_08_25	  208591	    6506	    3771	      77
2020_08_26	  212362	    6583	    3771	      77
2020_08_27	  216133	    6660	    3771	      77
2020_08_28	  219904	    6737	    3771	      77
2020_08_29	  223675	    6814	    3771	      77
2020_08_30	  227446	    6891	    3771	      77
2020_08_31	  231627	    6966	    4181	      75
2020_09_01	  235809	    7042	    4182	      76
2020_09_02	  239991	    7118	    4182	      76
2020_09_03	  244173	    7194	    4182	      76
2020_09_04	  248355	    7270	    4182	      76
2020_09_05	  252537	    7346	    4182	      76
2020_09_06	  256719	    7422	    4182	      76
2020_09_07	  261013	    7496	    4294	      74
2020_09_08	  265307	    7570	    4294	      74
2020_09_09	  269601	    7644	    4294	      74
2020_09_10	  273895	    7718	    4294	      74
2020_09_11	  278189	    7792	    4294	      74
2020_09_12	  282483	    7866	    4294	      74
2020_09_13	  286778	    7941	    4295	      75
2020_09_14	  290895	    8019	    4117	      78
2020_09_15	  295012	    8098	    4117	      79
2020_09_16	  299129	    8176	    4117	      78
2020_09_17	  303246	    8255	    4117	      79
2020_09_18	  307363	    8333	    4117	      78
2020_09_19	  311480	    8412	    4117	      79
2020_09_20	  315597	    8491	    4117	      79
2020_09_21	  319935	    8554	    4338	      63
2020_09_22	  324274	    8617	    4339	      63
2020_09_23	  328613	    8681	    4339	      64
2020_09_24	  332952	    8744	    4339	      63
2020_09_25	  337291	    8808	    4339	      64
2020_09_26	  341630	    8871	    4339	      63
2020_09_27	  345969	    8935	    4339	      64
2020_09_28	  350249	    8993	    4280	      58
2020_09_29	  354529	    9052	    4280	      59
2020_09_30	  358809	    9111	    4280	      59
2020_10_01	  363090	    9170	    4281	      59
2020_10_02	  367370	    9229	    4280	      59
2020_10_03	  371650	    9288	    4280	      59
2020_10_04	  375931	    9347	    4281	      59
2020_10_05	  379387	    9410	    3456	      63
2020_10_06	  382843	    9473	    3456	      63
2020_10_07	  386299	    9536	    3456	      63
2020_10_08	  389755	    9600	    3456	      64
2020_10_09	  393211	    9663	    3456	      63
2020_10_10	  396667	    9726	    3456	      63
2020_10_11	  400124	    9790	    3457	      64
2020_10_12	  404488	    9865	    4364	      75
2020_10_13	  408853	    9940	    4365	      75
2020_10_14	  413218	   10015	    4365	      75
2020_10_15	  417583	   10091	    4365	      76
2020_10_16	  421948	   10166	    4365	      75
2020_10_17	  426313	   10241	    4365	      75
2020_10_18	  430678	   10317	    4365	      76
2020_10_19	  434209	   10367	    3531	      50
2020_10_20	  437740	   10418	    3531	      51
2020_10_21	  441272	   10468	    3532	      50
2020_10_22	  444803	   10519	    3531	      51
2020_10_23	  448335	   10569	    3532	      50
2020_10_24	  451866	   10620	    3531	      51
2020_10_25	  455398	   10671	    3532	      51
2020_10_26	  457859	   10705	    2461	      34
2020_10_27	  460321	   10739	    2462	      34
2020_10_28	  462783	   10773	    2462	      34
2020_10_29	  465244	   10807	    2461	      34
2020_10_30	  467706	   10841	    2462	      34
2020_10_31	  470168	   10875	    2462	      34
2020_11_01	  472630	   10910	    2462	      35
2020_11_02	  475971	   10963	    3341	      53
2020_11_03	  479312	   11016	    3341	      53
2020_11_04	  482653	   11069	    3341	      53
2020_11_05	  485995	   11123	    3342	      54
2020_11_06	  489336	   11176	    3341	      53
2020_11_07	  492677	   11229	    3341	      53
2020_11_08	  496019	   11283	    3342	      54
2020_11_09	  499004	   11331	    2985	      48
2020_11_10	  501989	   11380	    2985	      49
2020_11_11	  504974	   11428	    2985	      48
2020_11_12	  507959	   11477	    2985	      49
2020_11_13	  510944	   11525	    2985	      48
2020_11_14	  513929	   11574	    2985	      49
2020_11_15	  516915	   11623	    2986	      49
2020_11_16	  519292	   11666	    2377	      43
2020_11_17	  521669	   11709	    2377	      43
2020_11_18	  524046	   11752	    2377	      43
2020_11_19	  526423	   11795	    2377	      43
2020_11_20	  528800	   11838	    2377	      43
2020_11_21	  531177	   11881	    2377	      43
2020_11_22	  533555	   11925	    2378	      44
2020_11_23	  535735	   11964	    2180	      39
2020_11_24	  537916	   12003	    2181	      39
2020_11_25	  540097	   12042	    2181	      39
2020_11_26	  542278	   12082	    2181	      40
2020_11_27	  544459	   12121	    2181	      39
2020_11_28	  546640	   12160	    2181	      39
2020_11_29	  548821	   12200	    2181	      40
2020_11_30	  550778	   12230	    1957	      30
2020_12_01	  552735	   12260	    1957	      30
2020_12_02	  554692	   12290	    1957	      30
2020_12_03	  556649	   12320	    1957	      30
2020_12_04	  558606	   12350	    1957	      30
2020_12_05	  560563	   12380	    1957	      30
2020_12_06	  562520	   12411	    1957	      31
2020_12_07	  564106	   12433	    1586	      22
2020_12_08	  565692	   12455	    1586	      22
2020_12_09	  567278	   12477	    1586	      22
2020_12_10	  568864	   12499	    1586	      22
2020_12_11	  570450	   12521	    1586	      22
2020_12_12	  572036	   12543	    1586	      22
2020_12_13	  573622	   12565	    1586	      22
2020_12_14	  574978	   12581	    1356	      16
2020_12_15	  576335	   12597	    1357	      16
2020_12_16	  577691	   12614	    1356	      17
2020_12_17	  579048	   12630	    1357	      16
2020_12_18	  580404	   12647	    1356	      17
2020_12_19	  581761	   12663	    1357	      16
2020_12_20	  583118	   12680	    1357	      17
2020_12_21	  584212	   12692	    1094	      12
2020_12_22	  585306	   12704	    1094	      12
2020_12_23	  586401	   12717	    1095	      13
2020_12_24	  587495	   12729	    1094	      12
2020_12_25	  588590	   12742	    1095	      13
2020_12_26	  589684	   12754	    1094	      12
2020_12_27	  590779	   12767	    1095	      13
2020_12_28	  591672	   12775	     893	       8
2020_12_29	  592565	   12784	     893	       9
2020_12_30	  593459	   12793	     894	       9
2020_12_31	  594352	   12802	     893	       9
2021_01_01	  595246	   12811	     894	       9
2021_01_02	  596139	   12820	     893	       9
2021_01_03	  597033	   12829	     894	       9
2021_01_04	  597789	   12836	     756	       7
2021_01_05	  598546	   12843	     757	       7
2021_01_06	  599303	   12851	     757	       8
2021_01_07	  600060	   12858	     757	       7
2021_01_08	  600817	   12866	     757	       8
2021_01_09	  601574	   12873	     757	       7
2021_01_10	  602331	   12881	     757	       8
2021_01_11	  603081	   12888	     750	       7
2021_01_12	  603832	   12896	     751	       8
2021_01_13	  604583	   12904	     751	       8
2021_01_14	  605334	   12911	     751	       7
2021_01_15	  606085	   12919	     751	       8
2021_01_16	  606836	   12927	     751	       8
2021_01_17	  607587	   12935	     751	       8
2021_01_18	  608341	   12942	     754	       7
2021_01_19	  609096	   12950	     755	       8
2021_01_20	  609851	   12957	     755	       7
2021_01_21	  610605	   12965	     754	       8
2021_01_22	  611360	   12972	     755	       7
2021_01_23	  612115	   12980	     755	       8
2021_01_24	  612870	   12988	     755	       8
2021_01_25	  613734	   12995	     864	       7
2021_01_26	  614599	   13003	     865	       8
2021_01_27	  615463	   13010	     864	       7
2021_01_28	  616328	   13018	     865	       8
2021_01_29	  617192	   13025	     864	       7
2021_01_30	  618057	   13033	     865	       8
2021_01_31	  618922	   13041	     865	       8
2021_02_01	  620135	   13051	    1213	      10
2021_02_02	  621348	   13061	    1213	      10
2021_02_03	  622562	   13071	    1214	      10
2021_02_04	  623775	   13081	    1213	      10
2021_02_05	  624989	   13091	    1214	      10
2021_02_06	  626202	   13101	    1213	      10
2021_02_07	  627416	   13111	    1214	      10
2021_02_08	  629446	   13118	    2030	       7
2021_02_09	  631476	   13126	    2030	       8
2021_02_10	  633506	   13133	    2030	       7
2021_02_11	  635537	   13141	    2031	       8
2021_02_12	  637567	   13148	    2030	       7
2021_02_13	  639597	   13156	    2030	       8
2021_02_14	  641628	   13164	    2031	       8
2021_02_15	  644931	   13175	    3303	      11
2021_02_16	  648234	   13187	    3303	      12
2021_02_17	  651537	   13198	    3303	      11
2021_02_18	  654840	   13210	    3303	      12
2021_02_19	  658143	   13221	    3303	      11
2021_02_20	  661446	   13233	    3303	      12
2021_02_21	  664750	   13245	    3304	      12
2021_02_22	  668677	   13264	    3927	      19
2021_02_23	  672604	   13284	    3927	      20
2021_02_24	  676531	   13304	    3927	      20
2021_02_25	  680459	   13323	    3928	      19
2021_02_26	  684386	   13343	    3927	      20
2021_02_27	  688313	   13363	    3927	      20
2021_02_28	  692241	   13383	    3928	      20
2021_03_01	  696662	   13406	    4421	      23
2021_03_02	  701083	   13430	    4421	      24
2021_03_03	  705504	   13453	    4421	      23
2021_03_04	  709925	   13477	    4421	      24
2021_03_05	  714346	   13500	    4421	      23
2021_03_06	  718767	   13524	    4421	      24
2021_03_07	  723189	   13548	    4422	      24
2021_03_08	  727636	   13572	    4447	      24
2021_03_09	  732083	   13596	    4447	      24
2021_03_10	  736530	   13621	    4447	      25
2021_03_11	  740977	   13645	    4447	      24
2021_03_12	  745424	   13670	    4447	      25
2021_03_13	  749871	   13694	    4447	      24
2021_03_14	  754318	   13719	    4447	      25
2021_03_15	  759328	   13754	    5010	      35
2021_03_16	  764338	   13790	    5010	      36
2021_03_17	  769348	   13826	    5010	      36
2021_03_18	  774359	   13861	    5011	      35
2021_03_19	  779369	   13897	    5010	      36
2021_03_20	  784379	   13933	    5010	      36
2021_03_21	  789390	   13969	    5011	      36
2021_03_22	  794785	   13998	    5395	      29
2021_03_23	  800180	   14028	    5395	      30
2021_03_24	  805575	   14058	    5395	      30
2021_03_25	  810971	   14087	    5396	      29
2021_03_26	  816366	   14117	    5395	      30
2021_03_27	  821761	   14147	    5395	      30
2021_03_28	  827157	   14177	    5396	      30
2021_03_29	  833020	   14213	    5863	      36
2021_03_30	  838883	   14249	    5863	      36
2021_03_31	  844746	   14285	    5863	      36
2021_04_01	  850610	   14321	    5864	      36
2021_04_02	  856473	   14357	    5863	      36
2021_04_03	  862336	   14393	    5863	      36
2021_04_04	  868200	   14430	    5864	      37
2021_04_05	  875336	   14465	    7136	      35
2021_04_06	  882472	   14500	    7136	      35
2021_04_07	  889609	   14536	    7137	      36
2021_04_08	  896745	   14571	    7136	      35
2021_04_09	  903882	   14607	    7137	      36
2021_04_10	  911018	   14642	    7136	      35
2021_04_11	  918155	   14678	    7137	      36
2021_04_12	  925702	   14716	    7547	      38
2021_04_13	  933249	   14755	    7547	      39
2021_04_14	  940797	   14793	    7548	      38
2021_04_15	  948344	   14832	    7547	      39
2021_04_16	  955892	   14870	    7548	      38
2021_04_17	  963439	   14909	    7547	      39
2021_04_18	  970987	   14948	    7548	      39
2021_04_19	  978744	   14986	    7757	      38
2021_04_20	  986501	   15024	    7757	      38
2021_04_21	  994258	   15063	    7757	      39
2021_04_22	 1002016	   15101	    7758	      38
2021_04_23	 1009773	   15140	    7757	      39
2021_04_24	 1017530	   15178	    7757	      38
2021_04_25	 1025288	   15217	    7758	      39
2021_04_26	 1031727	   15257	    6439	      40
2021_04_27	 1038167	   15297	    6440	      40
2021_04_28	 1044607	   15337	    6440	      40
2021_04_29	 1051046	   15377	    6439	      40
2021_04_30	 1057486	   15417	    6440	      40
2021_05_01	 1063926	   15457	    6440	      40
2021_05_02	 1070366	   15498	    6440	      41
2021_05_03	 1075822	   15532	    5456	      34
2021_05_04	 1081278	   15567	    5456	      35
2021_05_05	 1086734	   15602	    5456	      35
2021_05_06	 1092190	   15636	    5456	      34
2021_05_07	 1097646	   15671	    5456	      35
2021_05_08	 1103102	   15706	    5456	      35
2021_05_09	 1108558	   15741	    5456	      35
2021_05_10	 1112609	   15768	    4051	      27
2021_05_11	 1116660	   15795	    4051	      27
2021_05_12	 1120711	   15822	    4051	      27
2021_05_13	 1124763	   15849	    4052	      27
2021_05_14	 1128814	   15876	    4051	      27
2021_05_15	 1132865	   15903	    4051	      27
2021_05_16	 1136917	   15930	    4052	      27
2021_05_17	 1140807	   15962	    3890	      32
2021_05_18	 1144697	   15995	    3890	      33
2021_05_19	 1148587	   16027	    3890	      32
2021_05_20	 1152478	   16060	    3891	      33
2021_05_21	 1156368	   16092	    3890	      32
2021_05_22	 1160258	   16125	    3890	      33
2021_05_23	 1164149	   16158	    3891	      33
2021_05_24	 1168357	   16183	    4208	      25
2021_05_25	 1172565	   16208	    4208	      25
2021_05_26	 1176774	   16233	    4209	      25
2021_05_27	 1180982	   16258	    4208	      25
2021_05_28	 1185191	   16283	    4209	      25
2021_05_29	 1189399	   16308	    4208	      25
2021_05_30	 1193608	   16334	    4209	      26
2021_05_31	 1197618	   16360	    4010	      26
2021_06_01	 1201628	   16386	    4010	      26
2021_06_02	 1205638	   16412	    4010	      26
2021_06_03	 1209648	   16439	    4010	      27
2021_06_04	 1213658	   16465	    4010	      26
2021_06_05	 1217668	   16491	    4010	      26
2021_06_06	 1221678	   16518	    4010	      27
2021_06_07	 1225822	   16542	    4144	      24
2021_06_08	 1229967	   16567	    4145	      25
2021_06_09	 1234112	   16591	    4145	      24
2021_06_10	 1238256	   16616	    4144	      25
2021_06_11	 1242401	   16640	    4145	      24
2021_06_12	 1246546	   16665	    4145	      25
2021_06_13	 1250691	   16690	    4145	      25
