#
# COVID-19 Country file (official WHO count)
# Country = Ireland
# Latitude = 53.0
# Population = 4887.992
# Territory = 70273.0
# LEB = 82.3
# DPA = 30000
# DPA65 = 24000
# GDP = 75394.0
# GDP_PPP = 80930.0
# COVID-19 Mortality = 1010.8
# First_Case = 2020_03_01
# Last_Case = 2021_06_13
# First_Death = 2020_03_12
# Last_Death = 2021_05_16
# Status as of 2021_06_13 = Community transmission
# Vaccine type = Moderna, Oxford/AstraZeneca, Pfizer/BioNTech
# Vaccine start = 2021_01_27
#
Date	Conf_Cases	Conf_Deaths	Daily_Cases	Daily_Deaths
2020_03_01	       1	       0	       1	       0
2020_03_02	       1	       0	       0	       0
2020_03_03	       1	       0	       0	       0
2020_03_04	       2	       0	       1	       0
2020_03_05	       2	       0	       0	       0
2020_03_06	      14	       0	      12	       0
2020_03_07	      18	       0	       4	       0
2020_03_08	      19	       0	       1	       0
2020_03_09	      21	       0	       2	       0
2020_03_10	      24	       0	       3	       0
2020_03_11	      34	       0	      10	       0
2020_03_12	      43	       1	       9	       1
2020_03_13	      70	       1	      27	       0
2020_03_14	      90	       1	      20	       0
2020_03_15	     129	       2	      39	       1
2020_03_16	     169	       2	      40	       0
2020_03_17	     223	       2	      54	       0
2020_03_18	     292	       2	      69	       0
2020_03_19	     292	       2	       0	       0
2020_03_20	     557	       3	     265	       1
2020_03_21	     683	       3	     126	       0
2020_03_22	     785	       3	     102	       0
2020_03_23	     906	       4	     121	       1
2020_03_24	    1125	       6	     219	       2
2020_03_25	    1329	       7	     204	       1
2020_03_26	    1564	       9	     235	       2
2020_03_27	    1819	      19	     255	      10
2020_03_28	    2121	      22	     302	       3
2020_03_29	    2415	      36	     294	      14
2020_03_30	    2615	      46	     200	      10
2020_03_31	    2910	      54	     295	       8
2020_04_01	    3235	      71	     325	      17
2020_04_02	    3447	      85	     212	      14
2020_04_03	    3849	      98	     402	      13
2020_04_04	    4273	     120	     424	      22
2020_04_05	    4604	     137	     331	      17
2020_04_06	    5111	     158	     507	      21
2020_04_07	    5364	     174	     253	      16
2020_04_08	    5709	     210	     345	      36
2020_04_09	    6224	     235	     515	      25
2020_04_10	    7393	     263	    1169	      28
2020_04_11	    8089	     287	     696	      24
2020_04_12	    8928	     320	     839	      33
2020_04_13	    9655	     334	     727	      14
2020_04_14	   10647	     365	     992	      31
2020_04_15	   11479	     406	     832	      41
2020_04_16	   12547	     444	    1068	      38
2020_04_17	   13271	     486	     724	      42
2020_04_18	   13980	     530	     709	      44
2020_04_19	   14758	     571	     778	      41
2020_04_20	   15251	     610	     493	      39
2020_04_21	   15652	     687	     401	      77
2020_04_22	   16040	     730	     388	      43
2020_04_23	   16671	     769	     631	      39
2020_04_24	   17607	     794	     936	      25
2020_04_25	   18184	     829	     577	      35
2020_04_26	   18561	    1063	     377	     234
2020_04_27	   19262	    1087	     701	      24
2020_04_28	   19648	    1102	     386	      15
2020_04_29	   19877	    1159	     229	      57
2020_04_30	   20253	    1190	     376	      31
2020_05_01	   20612	    1232	     359	      42
2020_05_02	   20833	    1265	     221	      33
2020_05_03	   21176	    1265	     343	       0
2020_05_04	   21506	    1303	     330	      38
2020_05_05	   21722	    1319	     216	      16
2020_05_06	   21983	    1339	     261	      20
2020_05_07	   22248	    1375	     265	      36
2020_05_08	   22385	    1403	     137	      28
2020_05_09	   22541	    1429	     156	      26
2020_05_10	   22760	    1446	     219	      17
2020_05_11	   22996	    1458	     236	      12
2020_05_12	   23135	    1467	     139	       9
2020_05_13	   23242	    1488	     107	      21
2020_05_14	   23401	    1497	     159	       9
2020_05_15	   23827	    1506	     426	       9
2020_05_16	   23956	    1518	     129	      12
2020_05_17	   24048	    1533	      92	      15
2020_05_18	   24112	    1543	      64	      10
2020_05_19	   24200	    1547	      88	       4
2020_05_20	   24251	    1561	      51	      14
2020_05_21	   24315	    1571	      64	      10
2020_05_22	   24391	    1583	      76	      12
2020_05_23	   24506	    1592	     115	       9
2020_05_24	   24582	    1604	      76	      12
2020_05_25	   24639	    1608	      57	       4
2020_05_26	   24698	    1606	      59	      -2
2020_05_27	   24735	    1615	      37	       9
2020_05_28	   24803	    1631	      68	      16
2020_05_29	   24841	    1639	      38	       8
2020_05_30	   24876	    1645	      35	       6
2020_05_31	   24929	    1651	      53	       6
2020_06_01	   24990	    1652	      61	       1
2020_06_02	   25062	    1650	      72	      -2
2020_06_03	   25066	    1658	       4	       8
2020_06_04	   25111	    1659	      45	       1
2020_06_05	   25142	    1664	      31	       5
2020_06_06	   25163	    1670	      21	       6
2020_06_07	   25183	    1670	      20	       0
2020_06_08	   25201	    1679	      18	       9
2020_06_09	   25207	    1683	       6	       4
2020_06_10	   25215	    1691	       8	       8
2020_06_11	   25231	    1695	      16	       4
2020_06_12	   25238	    1703	       7	       8
2020_06_13	   25250	    1705	      12	       2
2020_06_14	   25295	    1705	      45	       0
2020_06_15	   25303	    1706	       8	       1
2020_06_16	   25321	    1706	      18	       0
2020_06_17	   25334	    1709	      13	       3
2020_06_18	   25341	    1710	       7	       1
2020_06_19	   25355	    1714	      14	       4
2020_06_20	   25368	    1714	      13	       0
2020_06_21	   25374	    1715	       6	       1
2020_06_22	   25379	    1715	       5	       0
2020_06_23	   25383	    1717	       4	       2
2020_06_24	   25391	    1720	       8	       3
2020_06_25	   25396	    1726	       5	       6
2020_06_26	   25405	    1727	       9	       1
2020_06_27	   25414	    1730	       9	       3
2020_06_28	   25437	    1734	      23	       4
2020_06_29	   25439	    1735	       2	       1
2020_06_30	   25462	    1735	      23	       0
2020_07_01	   25473	    1736	      11	       1
2020_07_02	   25477	    1738	       4	       2
2020_07_03	   25489	    1738	      12	       0
2020_07_04	   25498	    1740	       9	       2
2020_07_05	   25509	    1741	      11	       1
2020_07_06	   25527	    1741	      18	       0
2020_07_07	   25531	    1741	       4	       0
2020_07_08	   25538	    1743	       7	       2
2020_07_09	   25542	    1743	       4	       0
2020_07_10	   25565	    1743	      23	       0
2020_07_11	   25589	    1744	      24	       1
2020_07_12	   25611	    1746	      22	       2
2020_07_13	   25628	    1746	      17	       0
2020_07_14	   25638	    1746	      10	       0
2020_07_15	   25670	    1746	      32	       0
2020_07_16	   25683	    1748	      13	       2
2020_07_17	   25698	    1749	      15	       1
2020_07_18	   25730	    1752	      32	       3
2020_07_19	   25750	    1753	      20	       1
2020_07_20	   25760	    1753	      10	       0
2020_07_21	   25766	    1753	       6	       0
2020_07_22	   25802	    1753	      36	       0
2020_07_23	   25819	    1754	      17	       1
2020_07_24	   25826	    1763	       7	       9
2020_07_25	   25845	    1763	      19	       0
2020_07_26	   25845	    1763	       0	       0
2020_07_27	   25881	    1764	      36	       1
2020_07_28	   25892	    1764	      11	       0
2020_07_29	   25929	    1764	      37	       0
2020_07_30	   25942	    1764	      13	       0
2020_07_31	   26027	    1763	      85	      -1
2020_08_01	   26065	    1763	      38	       0
2020_08_02	   26109	    1763	      44	       0
2020_08_03	   26162	    1763	      53	       0
2020_08_04	   26208	    1763	      46	       0
2020_08_05	   26253	    1763	      45	       0
2020_08_06	   26303	    1763	      50	       0
2020_08_07	   26372	    1768	      69	       5
2020_08_08	   26470	    1772	      98	       4
2020_08_09	   26644	    1772	     174	       0
2020_08_10	   26712	    1772	      68	       0
2020_08_11	   26768	    1772	      56	       0
2020_08_12	   26801	    1773	      33	       1
2020_08_13	   26838	    1774	      37	       1
2020_08_14	   26929	    1774	      91	       0
2020_08_15	   26955	    1774	      26	       0
2020_08_16	   27191	    1774	     236	       0
2020_08_17	   27293	    1774	     102	       0
2020_08_18	   27395	    1774	     102	       0
2020_08_19	   27498	    1775	     103	       1
2020_08_20	   27600	    1775	     102	       0
2020_08_21	   27703	    1776	     103	       1
2020_08_22	   27805	    1776	     102	       0
2020_08_23	   27908	    1777	     103	       1
2020_08_24	   28024	    1777	     116	       0
2020_08_25	   28140	    1777	     116	       0
2020_08_26	   28256	    1777	     116	       0
2020_08_27	   28372	    1777	     116	       0
2020_08_28	   28488	    1777	     116	       0
2020_08_29	   28604	    1777	     116	       0
2020_08_30	   28720	    1777	     116	       0
2020_08_31	   28836	    1777	     116	       0
2020_09_01	   28952	    1777	     116	       0
2020_09_02	   29068	    1777	     116	       0
2020_09_03	   29185	    1777	     117	       0
2020_09_04	   29301	    1777	     116	       0
2020_09_05	   29417	    1777	     116	       0
2020_09_06	   29534	    1777	     117	       0
2020_09_07	   29704	    1777	     170	       0
2020_09_08	   29875	    1778	     171	       1
2020_09_09	   30046	    1779	     171	       1
2020_09_10	   30217	    1780	     171	       1
2020_09_11	   30388	    1781	     171	       1
2020_09_12	   30559	    1782	     171	       1
2020_09_13	   30730	    1783	     171	       1
2020_09_14	   30988	    1784	     258	       1
2020_09_15	   31246	    1785	     258	       1
2020_09_16	   31504	    1786	     258	       1
2020_09_17	   31763	    1788	     259	       2
2020_09_18	   32021	    1789	     258	       1
2020_09_19	   32279	    1790	     258	       1
2020_09_20	   32538	    1792	     259	       2
2020_09_21	   32826	    1793	     288	       1
2020_09_22	   33115	    1794	     289	       1
2020_09_23	   33404	    1796	     289	       2
2020_09_24	   33693	    1797	     289	       1
2020_09_25	   33982	    1799	     289	       2
2020_09_26	   34271	    1800	     289	       1
2020_09_27	   34560	    1802	     289	       2
2020_09_28	   35004	    1803	     444	       1
2020_09_29	   35448	    1804	     444	       1
2020_09_30	   35892	    1805	     444	       1
2020_10_01	   36336	    1806	     444	       1
2020_10_02	   36780	    1807	     444	       1
2020_10_03	   37224	    1808	     444	       1
2020_10_04	   37668	    1810	     444	       2
2020_10_05	   38246	    1811	     578	       1
2020_10_06	   38824	    1813	     578	       2
2020_10_07	   39402	    1814	     578	       1
2020_10_08	   39980	    1816	     578	       2
2020_10_09	   40558	    1817	     578	       1
2020_10_10	   41136	    1819	     578	       2
2020_10_11	   41714	    1821	     578	       2
2020_10_12	   42892	    1825	    1178	       4
2020_10_13	   44070	    1829	    1178	       4
2020_10_14	   45248	    1834	    1178	       5
2020_10_15	   46427	    1838	    1179	       4
2020_10_16	   47605	    1843	    1178	       5
2020_10_17	   48783	    1847	    1178	       4
2020_10_18	   49962	    1852	    1179	       5
2020_10_19	   51119	    1856	    1157	       4
2020_10_20	   52277	    1861	    1158	       5
2020_10_21	   53435	    1866	    1158	       5
2020_10_22	   54593	    1870	    1158	       4
2020_10_23	   55751	    1875	    1158	       5
2020_10_24	   56909	    1880	    1158	       5
2020_10_25	   58067	    1885	    1158	       5
2020_10_26	   58551	    1889	     484	       4
2020_10_27	   59035	    1893	     484	       4
2020_10_28	   59519	    1897	     484	       4
2020_10_29	   60003	    1901	     484	       4
2020_10_30	   60487	    1905	     484	       4
2020_10_31	   60971	    1909	     484	       4
2020_11_01	   61456	    1913	     485	       4
2020_11_02	   61941	    1917	     485	       4
2020_11_03	   62427	    1922	     486	       5
2020_11_04	   62912	    1926	     485	       4
2020_11_05	   63398	    1931	     486	       5
2020_11_06	   63883	    1935	     485	       4
2020_11_07	   64369	    1940	     486	       5
2020_11_08	   64855	    1945	     486	       5
2020_11_09	   65236	    1949	     381	       4
2020_11_10	   65618	    1954	     382	       5
2020_11_11	   65999	    1959	     381	       5
2020_11_12	   66381	    1963	     382	       4
2020_11_13	   66762	    1968	     381	       5
2020_11_14	   67144	    1973	     382	       5
2020_11_15	   67526	    1978	     382	       5
2020_11_16	   67899	    1984	     373	       6
2020_11_17	   68273	    1990	     374	       6
2020_11_18	   68647	    1996	     374	       6
2020_11_19	   69021	    2003	     374	       7
2020_11_20	   69395	    2009	     374	       6
2020_11_21	   69769	    2015	     374	       6
2020_11_22	   70143	    2022	     374	       7
2020_11_23	   70400	    2026	     257	       4
2020_11_24	   70657	    2030	     257	       4
2020_11_25	   70914	    2034	     257	       4
2020_11_26	   71171	    2038	     257	       4
2020_11_27	   71428	    2042	     257	       4
2020_11_28	   71685	    2046	     257	       4
2020_11_29	   71942	    2050	     257	       4
2020_11_30	   72228	    2057	     286	       7
2020_12_01	   72515	    2064	     287	       7
2020_12_02	   72801	    2071	     286	       7
2020_12_03	   73088	    2078	     287	       7
2020_12_04	   73374	    2085	     286	       7
2020_12_05	   73661	    2092	     287	       7
2020_12_06	   73948	    2099	     287	       7
2020_12_07	   74206	    2102	     258	       3
2020_12_08	   74464	    2105	     258	       3
2020_12_09	   74722	    2109	     258	       4
2020_12_10	   74981	    2112	     259	       3
2020_12_11	   75239	    2116	     258	       4
2020_12_12	   75497	    2119	     258	       3
2020_12_13	   75756	    2123	     259	       4
2020_12_14	   76187	    2127	     431	       4
2020_12_15	   76618	    2131	     431	       4
2020_12_16	   77050	    2136	     432	       5
2020_12_17	   77481	    2140	     431	       4
2020_12_18	   77913	    2145	     432	       5
2020_12_19	   78344	    2149	     431	       4
2020_12_20	   78776	    2154	     432	       5
2020_12_21	   79721	    2160	     945	       6
2020_12_22	   80666	    2167	     945	       7
2020_12_23	   81612	    2173	     946	       6
2020_12_24	   82557	    2180	     945	       7
2020_12_25	   83503	    2186	     946	       6
2020_12_26	   84448	    2193	     945	       7
2020_12_27	   85394	    2200	     946	       7
2020_12_28	   87041	    2207	    1647	       7
2020_12_29	   88688	    2214	    1647	       7
2020_12_30	   90336	    2222	    1648	       8
2020_12_31	   91983	    2229	    1647	       7
2021_01_01	   93631	    2237	    1648	       8
2021_01_02	   95278	    2244	    1647	       7
2021_01_03	   96926	    2252	    1648	       8
2021_01_04	  103183	    2264	    6257	      12
2021_01_05	  109440	    2276	    6257	      12
2021_01_06	  115697	    2288	    6257	      12
2021_01_07	  121955	    2300	    6258	      12
2021_01_08	  128212	    2312	    6257	      12
2021_01_09	  134469	    2324	    6257	      12
2021_01_10	  140727	    2336	    6258	      12
2021_01_11	  144877	    2373	    4150	      37
2021_01_12	  149027	    2410	    4150	      37
2021_01_13	  153178	    2447	    4151	      37
2021_01_14	  157328	    2484	    4150	      37
2021_01_15	  161479	    2521	    4151	      37
2021_01_16	  165629	    2558	    4150	      37
2021_01_17	  169780	    2595	    4151	      37
2021_01_18	  172123	    2645	    2343	      50
2021_01_19	  174466	    2695	    2343	      50
2021_01_20	  176810	    2745	    2344	      50
2021_01_21	  179153	    2796	    2343	      51
2021_01_22	  181497	    2846	    2344	      50
2021_01_23	  183840	    2896	    2343	      50
2021_01_24	  186184	    2947	    2344	      51
2021_01_25	  187486	    2996	    1302	      49
2021_01_26	  188789	    3045	    1303	      49
2021_01_27	  190092	    3094	    1303	      49
2021_01_28	  191394	    3144	    1302	      50
2021_01_29	  192697	    3193	    1303	      49
2021_01_30	  194000	    3242	    1303	      49
2021_01_31	  195303	    3292	    1303	      50
2021_02_01	  196338	    3346	    1035	      54
2021_02_02	  197373	    3401	    1035	      55
2021_02_03	  198408	    3455	    1035	      54
2021_02_04	  199443	    3510	    1035	      55
2021_02_05	  200478	    3564	    1035	      54
2021_02_06	  201513	    3619	    1035	      55
2021_02_07	  202548	    3674	    1035	      55
2021_02_08	  203440	    3710	     892	      36
2021_02_09	  204333	    3747	     893	      37
2021_02_10	  205225	    3784	     892	      37
2021_02_11	  206118	    3820	     893	      36
2021_02_12	  207010	    3857	     892	      37
2021_02_13	  207903	    3894	     893	      37
2021_02_14	  208796	    3931	     893	      37
2021_02_15	  209593	    3960	     797	      29
2021_02_16	  210390	    3989	     797	      29
2021_02_17	  211188	    4018	     798	      29
2021_02_18	  211985	    4047	     797	      29
2021_02_19	  212783	    4076	     798	      29
2021_02_20	  213580	    4105	     797	      29
2021_02_21	  214378	    4135	     798	      30
2021_02_22	  215035	    4160	     657	      25
2021_02_23	  215692	    4185	     657	      25
2021_02_24	  216350	    4211	     658	      26
2021_02_25	  217007	    4236	     657	      25
2021_02_26	  217665	    4262	     658	      26
2021_02_27	  218322	    4287	     657	      25
2021_02_28	  218980	    4313	     658	      26
2021_03_01	  219511	    4328	     531	      15
2021_03_02	  220042	    4343	     531	      15
2021_03_03	  220573	    4358	     531	      15
2021_03_04	  221105	    4373	     532	      15
2021_03_05	  221636	    4388	     531	      15
2021_03_06	  222167	    4403	     531	      15
2021_03_07	  222699	    4419	     532	      16
2021_03_08	  223221	    4435	     522	      16
2021_03_09	  223744	    4451	     523	      16
2021_03_10	  224267	    4468	     523	      17
2021_03_11	  224789	    4484	     522	      16
2021_03_12	  225312	    4501	     523	      17
2021_03_13	  225835	    4517	     523	      16
2021_03_14	  226358	    4534	     523	      17
2021_03_15	  226854	    4541	     496	       7
2021_03_16	  227350	    4548	     496	       7
2021_03_17	  227846	    4555	     496	       7
2021_03_18	  228342	    4563	     496	       8
2021_03_19	  228838	    4570	     496	       7
2021_03_20	  229334	    4577	     496	       7
2021_03_21	  229831	    4585	     497	       8
2021_03_22	  230417	    4594	     586	       9
2021_03_23	  231004	    4604	     587	      10
2021_03_24	  231590	    4614	     586	      10
2021_03_25	  232177	    4623	     587	       9
2021_03_26	  232763	    4633	     586	      10
2021_03_27	  233350	    4643	     587	      10
2021_03_28	  233937	    4653	     587	      10
2021_03_29	  234473	    4661	     536	       8
2021_03_30	  235010	    4670	     537	       9
2021_03_31	  235547	    4679	     537	       9
2021_04_01	  236084	    4688	     537	       9
2021_04_02	  236621	    4697	     537	       9
2021_04_03	  237158	    4706	     537	       9
2021_04_04	  237695	    4715	     537	       9
2021_04_05	  238116	    4724	     421	       9
2021_04_06	  238537	    4734	     421	      10
2021_04_07	  238958	    4744	     421	      10
2021_04_08	  239379	    4753	     421	       9
2021_04_09	  239800	    4763	     421	      10
2021_04_10	  240221	    4773	     421	      10
2021_04_11	  240643	    4783	     422	      10
2021_04_12	  241013	    4790	     370	       7
2021_04_13	  241384	    4797	     371	       7
2021_04_14	  241755	    4805	     371	       8
2021_04_15	  242125	    4812	     370	       7
2021_04_16	  242496	    4820	     371	       8
2021_04_17	  242867	    4827	     371	       7
2021_04_18	  243238	    4835	     371	       8
2021_04_19	  243661	    4840	     423	       5
2021_04_20	  244085	    4845	     424	       5
2021_04_21	  244509	    4850	     424	       5
2021_04_22	  244932	    4856	     423	       6
2021_04_23	  245356	    4861	     424	       5
2021_04_24	  245780	    4866	     424	       5
2021_04_25	  246204	    4872	     424	       6
2021_04_26	  246665	    4876	     461	       4
2021_04_27	  247127	    4881	     462	       5
2021_04_28	  247589	    4886	     462	       5
2021_04_29	  248051	    4891	     462	       5
2021_04_30	  248513	    4896	     462	       5
2021_05_01	  248975	    4901	     462	       5
2021_05_02	  249437	    4906	     462	       5
2021_05_03	  249846	    4908	     409	       2
2021_05_04	  250255	    4910	     409	       2
2021_05_05	  250665	    4912	     410	       2
2021_05_06	  251074	    4914	     409	       2
2021_05_07	  251484	    4916	     410	       2
2021_05_08	  251893	    4918	     409	       2
2021_05_09	  252303	    4921	     410	       3
2021_05_10	  252669	    4923	     366	       2
2021_05_11	  253036	    4926	     367	       3
2021_05_12	  253403	    4929	     367	       3
2021_05_13	  253769	    4932	     366	       3
2021_05_14	  254136	    4935	     367	       3
2021_05_15	  254503	    4938	     367	       3
2021_05_16	  254870	    4941	     367	       3
2021_05_17	  255354	    4941	     484	       0
2021_05_18	  255838	    4941	     484	       0
2021_05_19	  256322	    4941	     484	       0
2021_05_20	  256806	    4941	     484	       0
2021_05_21	  257290	    4941	     484	       0
2021_05_22	  257774	    4941	     484	       0
2021_05_23	  258258	    4941	     484	       0
2021_05_24	  258672	    4941	     414	       0
2021_05_25	  259086	    4941	     414	       0
2021_05_26	  259500	    4941	     414	       0
2021_05_27	  259914	    4941	     414	       0
2021_05_28	  260328	    4941	     414	       0
2021_05_29	  260742	    4941	     414	       0
2021_05_30	  261157	    4941	     415	       0
2021_05_31	  261518	    4941	     361	       0
2021_06_01	  261880	    4941	     362	       0
2021_06_02	  262242	    4941	     362	       0
2021_06_03	  262603	    4941	     361	       0
2021_06_04	  262965	    4941	     362	       0
2021_06_05	  263327	    4941	     362	       0
2021_06_06	  263689	    4941	     362	       0
2021_06_07	  264089	    4941	     400	       0
2021_06_08	  264489	    4941	     400	       0
2021_06_09	  264889	    4941	     400	       0
2021_06_10	  265289	    4941	     400	       0
2021_06_11	  265689	    4941	     400	       0
2021_06_12	  266089	    4941	     400	       0
2021_06_13	  266489	    4941	     400	       0
