#
# COVID-19 Country file (official WHO count)
# Country = Japan
# Latitude = 36.0
# Population = 126495.647
# Territory = 377930.0
# LEB = 84.6
# DPA = 1361000
# DPA65 = 1224900
# GDP = 39452.0
# GDP_PPP = 44108.0
# COVID-19 Mortality = 110.9
# First_Case = 2020_01_20
# Last_Case = 2021_06_13
# First_Death = 2020_02_15
# Last_Death = 2021_06_13
# Status as of 2021_06_13 = Clusters of cases
# Vaccine type = Pfizer/BioNTech
# Vaccine start = 2021_02_17
#
Date	Conf_Cases	Conf_Deaths	Daily_Cases	Daily_Deaths
2020_01_20	       1	       0	       1	       0
2020_01_21	       1	       0	       0	       0
2020_01_22	       1	       0	       0	       0
2020_01_23	       1	       0	       0	       0
2020_01_24	       1	       0	       0	       0
2020_01_25	       3	       0	       2	       0
2020_01_26	       3	       0	       0	       0
2020_01_27	       4	       0	       1	       0
2020_01_28	       6	       0	       2	       0
2020_01_29	       7	       0	       1	       0
2020_01_30	      11	       0	       4	       0
2020_01_31	      14	       0	       3	       0
2020_02_01	      17	       0	       3	       0
2020_02_02	      20	       0	       3	       0
2020_02_03	      20	       0	       0	       0
2020_02_04	      20	       0	       0	       0
2020_02_05	      33	       0	      13	       0
2020_02_06	      25	       0	      -8	       0
2020_02_07	      25	       0	       0	       0
2020_02_08	      25	       0	       0	       0
2020_02_09	      26	       0	       1	       0
2020_02_10	      26	       0	       0	       0
2020_02_11	      26	       0	       0	       0
2020_02_12	      28	       0	       2	       0
2020_02_13	      29	       0	       1	       0
2020_02_14	      33	       0	       4	       0
2020_02_15	      41	       1	       8	       1
2020_02_16	      53	       1	      12	       0
2020_02_17	      59	       1	       6	       0
2020_02_18	      65	       1	       6	       0
2020_02_19	      73	       1	       8	       0
2020_02_20	      85	       1	      12	       0
2020_02_21	      93	       1	       8	       0
2020_02_22	     105	       1	      12	       0
2020_02_23	     132	       1	      27	       0
2020_02_24	     144	       1	      12	       0
2020_02_25	     157	       1	      13	       0
2020_02_26	     164	       1	       7	       0
2020_02_27	     186	       3	      22	       2
2020_02_28	     210	       4	      24	       1
2020_02_29	     230	       5	      20	       1
2020_03_01	     239	       5	       9	       0
2020_03_02	     254	       6	      15	       1
2020_03_03	     268	       6	      14	       0
2020_03_04	     284	       6	      16	       0
2020_03_05	     317	       6	      33	       0
2020_03_06	     349	       6	      32	       0
2020_03_07	     408	       6	      59	       0
2020_03_08	     455	       6	      47	       0
2020_03_09	     488	       7	      33	       1
2020_03_10	     514	       9	      26	       2
2020_03_11	     568	      12	      54	       3
2020_03_12	     620	      15	      52	       3
2020_03_13	     675	      19	      55	       4
2020_03_14	     716	      21	      41	       2
2020_03_15	     780	      22	      64	       1
2020_03_16	     814	      24	      34	       2
2020_03_17	     829	      28	      15	       4
2020_03_18	     829	      28	       0	       0
2020_03_19	     873	      29	      44	       1
2020_03_20	     950	      33	      77	       4
2020_03_21	     996	      35	      46	       2
2020_03_22	    1046	      36	      50	       1
2020_03_23	    1089	      41	      43	       5
2020_03_24	    1128	      42	      39	       1
2020_03_25	    1193	      43	      65	       1
2020_03_26	    1291	      45	      98	       2
2020_03_27	    1387	      46	      96	       1
2020_03_28	    1499	      49	     112	       3
2020_03_29	    1693	      52	     194	       3
2020_03_30	    1866	      54	     173	       2
2020_03_31	    1953	      56	      87	       2
2020_04_01	    2178	      57	     225	       1
2020_04_02	    2384	      57	     206	       0
2020_04_03	    2617	      65	     233	       8
2020_04_04	    2920	      69	     303	       4
2020_04_05	    3271	      70	     351	       1
2020_04_06	    3654	      73	     383	       3
2020_04_07	    3906	      80	     252	       7
2020_04_08	    4257	      81	     351	       1
2020_04_09	    4768	      85	     511	       4
2020_04_10	    5347	      88	     579	       3
2020_04_11	    6005	      94	     658	       6
2020_04_12	    6748	      98	     743	       4
2020_04_13	    7255	     102	     507	       4
2020_04_14	    7645	     109	     390	       7
2020_04_15	    8100	     119	     455	      10
2020_04_16	    8582	     136	     482	      17
2020_04_17	    9167	     148	     585	      12
2020_04_18	    9795	     154	     628	       6
2020_04_19	   10361	     161	     566	       7
2020_04_20	   10751	     171	     390	      10
2020_04_21	   11118	     186	     367	      15
2020_04_22	   11496	     277	     378	      91
2020_04_23	   11919	     287	     423	      10
2020_04_24	   12388	     317	     469	      30
2020_04_25	   12829	     334	     441	      17
2020_04_26	   13182	     348	     353	      14
2020_04_27	   13385	     351	     203	       3
2020_04_28	   13576	     376	     191	      25
2020_04_29	   13852	     389	     276	      13
2020_04_30	   14088	     415	     236	      26
2020_05_01	   14281	     432	     193	      17
2020_05_02	   14545	     454	     264	      22
2020_05_03	   14839	     492	     294	      38
2020_05_04	   15057	     510	     218	      18
2020_05_05	   15231	     521	     174	      11
2020_05_06	   15354	     543	     123	      22
2020_05_07	   15463	     551	     109	       8
2020_05_08	   15547	     557	      84	       6
2020_05_09	   15628	     601	      81	      44
2020_05_10	   15747	     613	     119	      12
2020_05_11	   15798	     621	      51	       8
2020_05_12	   15874	     643	      76	      22
2020_05_13	   16024	     668	     150	      25
2020_05_14	   16079	     687	      55	      19
2020_05_15	   16193	     710	     114	      23
2020_05_16	   16237	     725	      44	      15
2020_05_17	   16285	     744	      48	      19
2020_05_18	   16305	     749	      20	       5
2020_05_19	   16365	     763	      60	      14
2020_05_20	   16385	     771	      20	       8
2020_05_21	   16424	     777	      39	       6
2020_05_22	   16513	     796	      89	      19
2020_05_23	   16536	     808	      23	      12
2020_05_24	   16550	     820	      14	      12
2020_05_25	   16581	     830	      31	      10
2020_05_26	   16623	     846	      42	      16
2020_05_27	   16651	     858	      28	      12
2020_05_28	   16683	     867	      32	       9
2020_05_29	   16719	     874	      36	       7
2020_05_30	   16804	     886	      85	      12
2020_05_31	   16851	     891	      47	       5
2020_06_01	   16884	     892	      33	       1
2020_06_02	   16930	     894	      46	       2
2020_06_03	   16986	     900	      56	       6
2020_06_04	   17018	     903	      32	       3
2020_06_05	   17064	     907	      46	       4
2020_06_06	   17103	     914	      39	       7
2020_06_07	   17141	     916	      38	       2
2020_06_08	   17174	     916	      33	       0
2020_06_09	   17210	     916	      36	       0
2020_06_10	   17251	     919	      41	       3
2020_06_11	   17292	     920	      41	       1
2020_06_12	   17332	     922	      40	       2
2020_06_13	   17382	     924	      50	       2
2020_06_14	   17429	     925	      47	       1
2020_06_15	   17502	     925	      73	       0
2020_06_16	   17587	     927	      85	       2
2020_06_17	   17628	     931	      41	       4
2020_06_18	   17668	     935	      40	       4
2020_06_19	   17740	     935	      72	       0
2020_06_20	   17799	     952	      59	      17
2020_06_21	   17864	     953	      65	       1
2020_06_22	   17916	     953	      52	       0
2020_06_23	   17968	     955	      52	       2
2020_06_24	   18024	     963	      56	       8
2020_06_25	   18110	     968	      86	       5
2020_06_26	   18197	     969	      87	       1
2020_06_27	   18297	     971	     100	       2
2020_06_28	   18390	     971	      93	       0
2020_06_29	   18476	     972	      86	       1
2020_06_30	   18593	     972	     117	       0
2020_07_01	   18723	     974	     130	       2
2020_07_02	   18874	     975	     151	       1
2020_07_03	   19068	     976	     194	       1
2020_07_04	   19282	     977	     214	       1
2020_07_05	   19522	     977	     240	       0
2020_07_06	   19775	     977	     253	       0
2020_07_07	   19981	     978	     206	       1
2020_07_08	   20174	     980	     193	       2
2020_07_09	   20371	     981	     197	       1
2020_07_10	   20719	     982	     348	       1
2020_07_11	   21129	     982	     410	       0
2020_07_12	   21502	     982	     373	       0
2020_07_13	   21868	     982	     366	       0
2020_07_14	   22220	     982	     352	       0
2020_07_15	   22508	     984	     288	       2
2020_07_16	   22890	     985	     382	       1
2020_07_17	   23473	     985	     583	       0
2020_07_18	   24132	     985	     659	       0
2020_07_19	   24642	     985	     510	       0
2020_07_20	   25096	     985	     454	       0
2020_07_21	   25736	     988	     640	       3
2020_07_22	   26303	     989	     567	       1
2020_07_23	   27029	     990	     726	       1
2020_07_24	   27956	     992	     927	       2
2020_07_25	   28786	     993	     830	       1
2020_07_26	   28786	     993	       0	       0
2020_07_27	   29989	     996	    1203	       3
2020_07_28	   30961	     998	     972	       2
2020_07_29	   31901	    1001	     940	       3
2020_07_30	   33049	    1004	    1148	       3
2020_07_31	   34372	    1006	    1323	       2
2020_08_01	   35836	    1011	    1464	       5
2020_08_02	   36689	    1011	     853	       0
2020_08_03	   38687	    1012	    1998	       1
2020_08_04	   39858	    1016	    1171	       4
2020_08_05	   41129	    1022	    1271	       6
2020_08_06	   42263	    1026	    1134	       4
2020_08_07	   43815	    1033	    1552	       7
2020_08_08	   45439	    1039	    1624	       6
2020_08_09	   46782	    1040	    1343	       1
2020_08_10	   47990	    1047	    1208	       7
2020_08_11	   48928	    1052	     938	       5
2020_08_12	   50210	    1059	    1282	       7
2020_08_13	   51147	    1063	     937	       4
2020_08_14	   52217	    1073	    1070	      10
2020_08_15	   53577	    1085	    1360	      12
2020_08_16	   54714	    1088	    1137	       3
2020_08_17	   55718	    1100	    1004	      12
2020_08_18	   56723	    1113	    1005	      13
2020_08_19	   57728	    1125	    1005	      12
2020_08_20	   58732	    1138	    1004	      13
2020_08_21	   59737	    1150	    1005	      12
2020_08_22	   60742	    1163	    1005	      13
2020_08_23	   61747	    1176	    1005	      13
2020_08_24	   62535	    1188	     788	      12
2020_08_25	   63323	    1201	     788	      13
2020_08_26	   64111	    1213	     788	      12
2020_08_27	   64899	    1226	     788	      13
2020_08_28	   65687	    1238	     788	      12
2020_08_29	   66475	    1251	     788	      13
2020_08_30	   67264	    1264	     789	      13
2020_08_31	   67857	    1277	     593	      13
2020_09_01	   68451	    1290	     594	      13
2020_09_02	   69044	    1303	     593	      13
2020_09_03	   69638	    1317	     594	      14
2020_09_04	   70231	    1330	     593	      13
2020_09_05	   70825	    1343	     594	      13
2020_09_06	   71419	    1357	     594	      14
2020_09_07	   71961	    1368	     542	      11
2020_09_08	   72504	    1380	     543	      12
2020_09_09	   73047	    1392	     543	      12
2020_09_10	   73589	    1403	     542	      11
2020_09_11	   74132	    1415	     543	      12
2020_09_12	   74675	    1427	     543	      12
2020_09_13	   75218	    1439	     543	      12
2020_09_14	   75709	    1447	     491	       8
2020_09_15	   76200	    1456	     491	       9
2020_09_16	   76691	    1465	     491	       9
2020_09_17	   77183	    1473	     492	       8
2020_09_18	   77674	    1482	     491	       9
2020_09_19	   78165	    1491	     491	       9
2020_09_20	   78657	    1500	     492	       9
2020_09_21	   79090	    1506	     433	       6
2020_09_22	   79523	    1512	     433	       6
2020_09_23	   79956	    1519	     433	       7
2020_09_24	   80390	    1525	     434	       6
2020_09_25	   80823	    1532	     433	       7
2020_09_26	   81256	    1538	     433	       6
2020_09_27	   81690	    1545	     434	       7
2020_09_28	   82211	    1552	     521	       7
2020_09_29	   82732	    1559	     521	       7
2020_09_30	   83253	    1567	     521	       8
2020_10_01	   83775	    1574	     522	       7
2020_10_02	   84296	    1582	     521	       8
2020_10_03	   84817	    1589	     521	       7
2020_10_04	   85339	    1597	     522	       8
2020_10_05	   85849	    1601	     510	       4
2020_10_06	   86359	    1605	     510	       4
2020_10_07	   86870	    1609	     511	       4
2020_10_08	   87380	    1614	     510	       5
2020_10_09	   87891	    1618	     511	       4
2020_10_10	   88401	    1622	     510	       4
2020_10_11	   88912	    1627	     511	       5
2020_10_12	   89564	    1634	     652	       7
2020_10_13	   90217	    1641	     653	       7
2020_10_14	   90869	    1648	     652	       7
2020_10_15	   91522	    1655	     653	       7
2020_10_16	   92174	    1662	     652	       7
2020_10_17	   92827	    1669	     653	       7
2020_10_18	   93480	    1676	     653	       7
2020_10_19	   94054	    1683	     574	       7
2020_10_20	   94628	    1690	     574	       7
2020_10_21	   95202	    1697	     574	       7
2020_10_22	   95776	    1704	     574	       7
2020_10_23	   96350	    1711	     574	       7
2020_10_24	   96924	    1718	     574	       7
2020_10_25	   97498	    1725	     574	       7
2020_10_26	   98019	    1730	     521	       5
2020_10_27	   98540	    1736	     521	       6
2020_10_28	   99061	    1742	     521	       6
2020_10_29	   99582	    1748	     521	       6
2020_10_30	  100103	    1754	     521	       6
2020_10_31	  100624	    1760	     521	       6
2020_11_01	  101146	    1766	     522	       6
2020_11_02	  101994	    1772	     848	       6
2020_11_03	  102843	    1779	     849	       7
2020_11_04	  103691	    1785	     848	       6
2020_11_05	  104540	    1792	     849	       7
2020_11_06	  105388	    1798	     848	       6
2020_11_07	  106237	    1805	     849	       7
2020_11_08	  107086	    1812	     849	       7
2020_11_09	  108456	    1822	    1370	      10
2020_11_10	  109826	    1832	    1370	      10
2020_11_11	  111196	    1842	    1370	      10
2020_11_12	  112566	    1852	    1370	      10
2020_11_13	  113936	    1862	    1370	      10
2020_11_14	  115306	    1872	    1370	      10
2020_11_15	  116677	    1883	    1371	      11
2020_11_16	  118605	    1896	    1928	      13
2020_11_17	  120534	    1909	    1929	      13
2020_11_18	  122463	    1922	    1929	      13
2020_11_19	  124392	    1935	    1929	      13
2020_11_20	  126321	    1948	    1929	      13
2020_11_21	  128250	    1961	    1929	      13
2020_11_22	  130179	    1974	    1929	      13
2020_11_23	  132246	    1992	    2067	      18
2020_11_24	  134314	    2011	    2068	      19
2020_11_25	  136382	    2030	    2068	      19
2020_11_26	  138449	    2049	    2067	      19
2020_11_27	  140517	    2068	    2068	      19
2020_11_28	  142585	    2087	    2068	      19
2020_11_29	  144653	    2106	    2068	      19
2020_11_30	  146859	    2135	    2206	      29
2020_12_01	  149065	    2165	    2206	      30
2020_12_02	  151272	    2195	    2207	      30
2020_12_03	  153478	    2225	    2206	      30
2020_12_04	  155685	    2255	    2207	      30
2020_12_05	  157891	    2285	    2206	      30
2020_12_06	  160098	    2315	    2207	      30
2020_12_07	  162553	    2350	    2455	      35
2020_12_08	  165009	    2385	    2456	      35
2020_12_09	  167464	    2420	    2455	      35
2020_12_10	  169920	    2456	    2456	      36
2020_12_11	  172375	    2491	    2455	      35
2020_12_12	  174831	    2526	    2456	      35
2020_12_13	  177287	    2562	    2456	      36
2020_12_14	  179943	    2606	    2656	      44
2020_12_15	  182599	    2650	    2656	      44
2020_12_16	  185255	    2695	    2656	      45
2020_12_17	  187911	    2739	    2656	      44
2020_12_18	  190567	    2784	    2656	      45
2020_12_19	  193223	    2828	    2656	      44
2020_12_20	  195880	    2873	    2657	      45
2020_12_21	  198941	    2921	    3061	      48
2020_12_22	  202003	    2970	    3062	      49
2020_12_23	  205065	    3018	    3062	      48
2020_12_24	  208126	    3067	    3061	      49
2020_12_25	  211188	    3115	    3062	      48
2020_12_26	  214250	    3164	    3062	      49
2020_12_27	  217312	    3213	    3062	      49
2020_12_28	  220689	    3260	    3377	      47
2020_12_29	  224066	    3308	    3377	      48
2020_12_30	  227444	    3356	    3378	      48
2020_12_31	  230821	    3404	    3377	      48
2021_01_01	  234199	    3452	    3378	      48
2021_01_02	  237576	    3500	    3377	      48
2021_01_03	  240954	    3548	    3378	      48
2021_01_04	  246642	    3612	    5688	      64
2021_01_05	  252331	    3676	    5689	      64
2021_01_06	  258020	    3740	    5689	      64
2021_01_07	  263708	    3804	    5688	      64
2021_01_08	  269397	    3868	    5689	      64
2021_01_09	  275086	    3932	    5689	      64
2021_01_10	  280775	    3996	    5689	      64
2021_01_11	  286706	    4060	    5931	      64
2021_01_12	  292638	    4124	    5932	      64
2021_01_13	  298569	    4188	    5931	      64
2021_01_14	  304501	    4253	    5932	      65
2021_01_15	  310432	    4317	    5931	      64
2021_01_16	  316364	    4381	    5932	      64
2021_01_17	  322296	    4446	    5932	      65
2021_01_18	  327776	    4527	    5480	      81
2021_01_19	  333257	    4609	    5481	      82
2021_01_20	  338738	    4691	    5481	      82
2021_01_21	  344218	    4773	    5480	      82
2021_01_22	  349699	    4855	    5481	      82
2021_01_23	  355180	    4937	    5481	      82
2021_01_24	  360661	    5019	    5481	      82
2021_01_25	  364386	    5109	    3725	      90
2021_01_26	  368112	    5200	    3726	      91
2021_01_27	  371838	    5291	    3726	      91
2021_01_28	  375564	    5381	    3726	      90
2021_01_29	  379290	    5472	    3726	      91
2021_01_30	  383016	    5563	    3726	      91
2021_01_31	  386742	    5654	    3726	      91
2021_02_01	  389126	    5751	    2384	      97
2021_02_02	  391511	    5849	    2385	      98
2021_02_03	  393896	    5947	    2385	      98
2021_02_04	  396280	    6044	    2384	      97
2021_02_05	  398665	    6142	    2385	      98
2021_02_06	  401050	    6240	    2385	      98
2021_02_07	  403435	    6338	    2385	      98
2021_02_08	  405011	    6420	    1576	      82
2021_02_09	  406588	    6502	    1577	      82
2021_02_10	  408165	    6584	    1577	      82
2021_02_11	  409741	    6666	    1576	      82
2021_02_12	  411318	    6748	    1577	      82
2021_02_13	  412895	    6830	    1577	      82
2021_02_14	  414472	    6912	    1577	      82
2021_02_15	  415905	    6984	    1433	      72
2021_02_16	  417339	    7056	    1434	      72
2021_02_17	  418772	    7128	    1433	      72
2021_02_18	  420206	    7200	    1434	      72
2021_02_19	  421639	    7272	    1433	      72
2021_02_20	  423073	    7344	    1434	      72
2021_02_21	  424507	    7417	    1434	      73
2021_02_22	  425540	    7480	    1033	      63
2021_02_23	  426573	    7543	    1033	      63
2021_02_24	  427606	    7606	    1033	      63
2021_02_25	  428640	    7670	    1034	      64
2021_02_26	  429673	    7733	    1033	      63
2021_02_27	  430706	    7796	    1033	      63
2021_02_28	  431740	    7860	    1034	      64
2021_03_01	  432770	    7912	    1030	      52
2021_03_02	  433801	    7964	    1031	      52
2021_03_03	  434832	    8017	    1031	      53
2021_03_04	  435863	    8069	    1031	      52
2021_03_05	  436894	    8122	    1031	      53
2021_03_06	  437925	    8174	    1031	      52
2021_03_07	  438956	    8227	    1031	      53
2021_03_08	  440087	    8274	    1131	      47
2021_03_09	  441218	    8322	    1131	      48
2021_03_10	  442349	    8369	    1131	      47
2021_03_11	  443480	    8417	    1131	      48
2021_03_12	  444611	    8464	    1131	      47
2021_03_13	  445742	    8512	    1131	      48
2021_03_14	  446873	    8560	    1131	      48
2021_03_15	  448125	    8596	    1252	      36
2021_03_16	  449377	    8632	    1252	      36
2021_03_17	  450629	    8668	    1252	      36
2021_03_18	  451881	    8704	    1252	      36
2021_03_19	  453133	    8740	    1252	      36
2021_03_20	  454385	    8776	    1252	      36
2021_03_21	  455638	    8812	    1253	      36
2021_03_22	  457239	    8843	    1601	      31
2021_03_23	  458841	    8874	    1602	      31
2021_03_24	  460442	    8905	    1601	      31
2021_03_25	  462044	    8937	    1602	      32
2021_03_26	  463645	    8968	    1601	      31
2021_03_27	  465247	    8999	    1602	      31
2021_03_28	  466849	    9031	    1602	      32
2021_03_29	  469137	    9058	    2288	      27
2021_03_30	  471425	    9085	    2288	      27
2021_03_31	  473713	    9112	    2288	      27
2021_04_01	  476002	    9139	    2289	      27
2021_04_02	  478290	    9166	    2288	      27
2021_04_03	  480578	    9193	    2288	      27
2021_04_04	  482867	    9221	    2289	      28
2021_04_05	  485800	    9244	    2933	      23
2021_04_06	  488734	    9267	    2934	      23
2021_04_07	  491668	    9290	    2934	      23
2021_04_08	  494601	    9313	    2933	      23
2021_04_09	  497535	    9336	    2934	      23
2021_04_10	  500469	    9359	    2934	      23
2021_04_11	  503403	    9382	    2934	      23
2021_04_12	  507178	    9416	    3775	      34
2021_04_13	  510953	    9450	    3775	      34
2021_04_14	  514728	    9484	    3775	      34
2021_04_15	  518503	    9519	    3775	      35
2021_04_16	  522278	    9553	    3775	      34
2021_04_17	  526053	    9587	    3775	      34
2021_04_18	  529829	    9622	    3776	      35
2021_04_19	  534445	    9663	    4616	      41
2021_04_20	  539061	    9705	    4616	      42
2021_04_21	  543677	    9746	    4616	      41
2021_04_22	  548293	    9788	    4616	      42
2021_04_23	  552909	    9829	    4616	      41
2021_04_24	  557525	    9871	    4616	      42
2021_04_25	  562141	    9913	    4616	      42
2021_04_26	  567153	    9967	    5012	      54
2021_04_27	  572165	   10022	    5012	      55
2021_04_28	  577177	   10077	    5012	      55
2021_04_29	  582189	   10131	    5012	      54
2021_04_30	  587201	   10186	    5012	      55
2021_05_01	  592213	   10241	    5012	      55
2021_05_02	  597225	   10296	    5012	      55
2021_05_03	  602339	   10371	    5114	      75
2021_05_04	  607454	   10446	    5115	      75
2021_05_05	  612568	   10521	    5114	      75
2021_05_06	  617683	   10597	    5115	      76
2021_05_07	  622797	   10672	    5114	      75
2021_05_08	  627912	   10747	    5115	      75
2021_05_09	  633027	   10823	    5115	      76
2021_05_10	  639450	   10914	    6423	      91
2021_05_11	  645873	   11005	    6423	      91
2021_05_12	  652296	   11097	    6423	      92
2021_05_13	  658719	   11188	    6423	      91
2021_05_14	  665142	   11280	    6423	      92
2021_05_15	  671565	   11371	    6423	      91
2021_05_16	  677988	   11463	    6423	      92
2021_05_17	  683171	   11573	    5183	     110
2021_05_18	  688355	   11683	    5184	     110
2021_05_19	  693539	   11794	    5184	     111
2021_05_20	  698722	   11904	    5183	     110
2021_05_21	  703906	   12015	    5184	     111
2021_05_22	  709090	   12125	    5184	     110
2021_05_23	  714274	   12236	    5184	     111
2021_05_24	  718188	   12333	    3914	      97
2021_05_25	  722102	   12431	    3914	      98
2021_05_26	  726016	   12529	    3914	      98
2021_05_27	  729931	   12626	    3915	      97
2021_05_28	  733845	   12724	    3914	      98
2021_05_29	  737759	   12822	    3914	      98
2021_05_30	  741674	   12920	    3915	      98
2021_05_31	  744338	   13006	    2664	      86
2021_06_01	  747002	   13092	    2664	      86
2021_06_02	  749666	   13178	    2664	      86
2021_06_03	  752330	   13264	    2664	      86
2021_06_04	  754994	   13350	    2664	      86
2021_06_05	  757658	   13436	    2664	      86
2021_06_06	  760323	   13523	    2665	      87
2021_06_07	  762251	   13595	    1928	      72
2021_06_08	  764179	   13668	    1928	      73
2021_06_09	  766108	   13741	    1929	      73
2021_06_10	  768036	   13814	    1928	      73
2021_06_11	  769965	   13887	    1929	      73
2021_06_12	  771893	   13960	    1928	      73
2021_06_13	  773822	   14033	    1929	      73
