#
# COVID-19 Country file (official WHO count)
# Country = Jordan
# Latitude = 32.0
# Population = 10208.662
# Territory = 89342.0
# LEB = 74.5
# DPA = 39000
# DPA65 = 21060
# GDP = 4275.0
# GDP_PPP = 10639.0
# COVID-19 Mortality = 938.6
# First_Case = 2020_03_03
# Last_Case = 2021_06_13
# First_Death = 2020_03_28
# Last_Death = 2021_06_13
# Status as of 2021_06_13 = Community transmission
# Vaccine type = Pfizer/BioNTech, Sinopharm/Beijing
# Vaccine start = 2021_01_12
#
Date	Conf_Cases	Conf_Deaths	Daily_Cases	Daily_Deaths
2020_03_03	       1	       0	       1	       0
2020_03_04	       1	       0	       0	       0
2020_03_05	       1	       0	       0	       0
2020_03_06	       1	       0	       0	       0
2020_03_07	       1	       0	       0	       0
2020_03_08	       1	       0	       0	       0
2020_03_09	       1	       0	       0	       0
2020_03_10	       1	       0	       0	       0
2020_03_11	       1	       0	       0	       0
2020_03_12	       1	       0	       0	       0
2020_03_13	       1	       0	       0	       0
2020_03_14	       1	       0	       0	       0
2020_03_15	       1	       0	       0	       0
2020_03_16	       6	       0	       5	       0
2020_03_17	      35	       0	      29	       0
2020_03_18	      35	       0	       0	       0
2020_03_19	      52	       0	      17	       0
2020_03_20	      56	       0	       4	       0
2020_03_21	      69	       0	      13	       0
2020_03_22	      84	       0	      15	       0
2020_03_23	     112	       0	      28	       0
2020_03_24	     127	       0	      15	       0
2020_03_25	     153	       0	      26	       0
2020_03_26	     172	       0	      19	       0
2020_03_27	     212	       0	      40	       0
2020_03_28	     235	       1	      23	       1
2020_03_29	     246	       1	      11	       0
2020_03_30	     259	       3	      13	       2
2020_03_31	     268	       5	       9	       2
2020_04_01	     274	       5	       6	       0
2020_04_02	     278	       5	       4	       0
2020_04_03	     299	       5	      21	       0
2020_04_04	     310	       5	      11	       0
2020_04_05	     323	       5	      13	       0
2020_04_06	     345	       5	      22	       0
2020_04_07	     349	       6	       4	       1
2020_04_08	     353	       6	       4	       0
2020_04_09	     358	       6	       5	       0
2020_04_10	     372	       7	      14	       1
2020_04_11	     372	       7	       0	       0
2020_04_12	     381	       7	       9	       0
2020_04_13	     389	       7	       8	       0
2020_04_14	     391	       7	       2	       0
2020_04_15	     397	       7	       6	       0
2020_04_16	     401	       7	       4	       0
2020_04_17	     402	       7	       1	       0
2020_04_18	     407	       7	       5	       0
2020_04_19	     413	       7	       6	       0
2020_04_20	     417	       7	       4	       0
2020_04_21	     425	       7	       8	       0
2020_04_22	     428	       7	       3	       0
2020_04_23	     435	       7	       7	       0
2020_04_24	     437	       7	       2	       0
2020_04_25	     441	       7	       4	       0
2020_04_26	     444	       7	       3	       0
2020_04_27	     447	       7	       3	       0
2020_04_28	     449	       7	       2	       0
2020_04_29	     449	       8	       0	       1
2020_04_30	     451	       8	       2	       0
2020_05_01	     453	       8	       2	       0
2020_05_02	     459	       8	       6	       0
2020_05_03	     460	       9	       1	       1
2020_05_04	     461	       9	       1	       0
2020_05_05	     465	       9	       4	       0
2020_05_06	     471	       9	       6	       0
2020_05_07	     473	       9	       2	       0
2020_05_08	     494	       9	      21	       0
2020_05_09	     508	       9	      14	       0
2020_05_10	     522	       9	      14	       0
2020_05_11	     540	       9	      18	       0
2020_05_12	     562	       9	      22	       0
2020_05_13	     576	       9	      14	       0
2020_05_14	     582	       9	       6	       0
2020_05_15	     586	       9	       4	       0
2020_05_16	     596	       9	      10	       0
2020_05_17	     607	       9	      11	       0
2020_05_18	     613	       9	       6	       0
2020_05_19	     629	       9	      16	       0
2020_05_20	     649	       9	      20	       0
2020_05_21	     672	       9	      23	       0
2020_05_22	     684	       9	      12	       0
2020_05_23	     700	       9	      16	       0
2020_05_24	     704	       9	       4	       0
2020_05_25	     708	       9	       4	       0
2020_05_26	     711	       9	       3	       0
2020_05_27	     718	       9	       7	       0
2020_05_28	     720	       9	       2	       0
2020_05_29	     728	       9	       8	       0
2020_05_30	     730	       9	       2	       0
2020_05_31	     734	       9	       4	       0
2020_06_01	     739	       9	       5	       0
2020_06_02	     746	       9	       7	       0
2020_06_03	     755	       9	       9	       0
2020_06_04	     757	       9	       2	       0
2020_06_05	     765	       9	       8	       0
2020_06_06	     784	       9	      19	       0
2020_06_07	     795	       9	      11	       0
2020_06_08	     808	       9	      13	       0
2020_06_09	     831	       9	      23	       0
2020_06_10	     845	       9	      14	       0
2020_06_11	     863	       9	      18	       0
2020_06_12	     890	       9	      27	       0
2020_06_13	     915	       9	      25	       0
2020_06_14	     953	       9	      38	       0
2020_06_15	     961	       9	       8	       0
2020_06_16	     979	       9	      18	       0
2020_06_17	     981	       9	       2	       0
2020_06_18	     987	       9	       6	       0
2020_06_19	    1001	       9	      14	       0
2020_06_20	    1008	       9	       7	       0
2020_06_21	    1015	       9	       7	       0
2020_06_22	    1033	       9	      18	       0
2020_06_23	    1042	       9	       9	       0
2020_06_24	    1047	       9	       5	       0
2020_06_25	    1071	       9	      24	       0
2020_06_26	    1086	       9	      15	       0
2020_06_27	    1104	       9	      18	       0
2020_06_28	    1111	       9	       7	       0
2020_06_29	    1121	       9	      10	       0
2020_06_30	    1128	       9	       7	       0
2020_07_01	    1132	       9	       4	       0
2020_07_02	    1133	       9	       1	       0
2020_07_03	    1136	       9	       3	       0
2020_07_04	    1147	      10	      11	       1
2020_07_05	    1150	      10	       3	       0
2020_07_06	    1164	      10	      14	       0
2020_07_07	    1167	      10	       3	       0
2020_07_08	    1169	      10	       2	       0
2020_07_09	    1169	      10	       0	       0
2020_07_10	    1169	      10	       0	       0
2020_07_11	    1173	      10	       4	       0
2020_07_12	    1176	      10	       3	       0
2020_07_13	    1179	      10	       3	       0
2020_07_14	    1183	      10	       4	       0
2020_07_15	    1198	      10	      15	       0
2020_07_16	    1201	      10	       3	       0
2020_07_17	    1206	      10	       5	       0
2020_07_18	    1209	      10	       3	       0
2020_07_19	    1214	      11	       5	       1
2020_07_20	    1218	      11	       4	       0
2020_07_21	    1223	      11	       5	       0
2020_07_22	    1269	      11	      46	       0
2020_07_23	    1276	      11	       7	       0
2020_07_24	    1287	      11	      11	       0
2020_07_25	    1302	      11	      15	       0
2020_07_26	    1302	      11	       0	       0
2020_07_27	    1168	      11	    -134	       0
2020_07_28	    1176	      11	       8	       0
2020_07_29	    1182	      11	       6	       0
2020_07_30	    1187	      11	       5	       0
2020_07_31	    1191	      11	       4	       0
2020_08_01	    1193	      11	       2	       0
2020_08_02	    1208	      11	      15	       0
2020_08_03	    1213	      11	       5	       0
2020_08_04	    1218	      22	       5	      11
2020_08_05	    1224	      11	       6	     -11
2020_08_06	    1231	      11	       7	       0
2020_08_07	    1232	      11	       1	       0
2020_08_08	    1237	      11	       5	       0
2020_08_09	    1246	      11	       9	       0
2020_08_10	    1252	      11	       6	       0
2020_08_11	    1268	      11	      16	       0
2020_08_12	    1283	      11	      15	       0
2020_08_13	    1303	      11	      20	       0
2020_08_14	    1320	      11	      17	       0
2020_08_15	    1329	      11	       9	       0
2020_08_16	    1339	      11	      10	       0
2020_08_17	    1372	      11	      33	       0
2020_08_18	    1406	      11	      34	       0
2020_08_19	    1440	      11	      34	       0
2020_08_20	    1474	      11	      34	       0
2020_08_21	    1508	      11	      34	       0
2020_08_22	    1542	      11	      34	       0
2020_08_23	    1576	      11	      34	       0
2020_08_24	    1621	      11	      45	       0
2020_08_25	    1666	      12	      45	       1
2020_08_26	    1711	      12	      45	       0
2020_08_27	    1757	      13	      46	       1
2020_08_28	    1802	      13	      45	       0
2020_08_29	    1847	      14	      45	       1
2020_08_30	    1893	      15	      46	       1
2020_08_31	    1958	      15	      65	       0
2020_09_01	    2024	      15	      66	       0
2020_09_02	    2090	      15	      66	       0
2020_09_03	    2155	      15	      65	       0
2020_09_04	    2221	      15	      66	       0
2020_09_05	    2287	      15	      66	       0
2020_09_06	    2353	      16	      66	       1
2020_09_07	    2454	      16	     101	       0
2020_09_08	    2555	      17	     101	       1
2020_09_09	    2656	      18	     101	       1
2020_09_10	    2758	      19	     102	       1
2020_09_11	    2859	      20	     101	       1
2020_09_12	    2960	      21	     101	       1
2020_09_13	    3062	      22	     102	       1
2020_09_14	    3273	      23	     211	       1
2020_09_15	    3484	      24	     211	       1
2020_09_16	    3695	      25	     211	       1
2020_09_17	    3906	      26	     211	       1
2020_09_18	    4117	      27	     211	       1
2020_09_19	    4328	      28	     211	       1
2020_09_20	    4540	      30	     212	       2
2020_09_21	    5043	      31	     503	       1
2020_09_22	    5546	      33	     503	       2
2020_09_23	    6049	      35	     503	       2
2020_09_24	    6552	      37	     503	       2
2020_09_25	    7055	      39	     503	       2
2020_09_26	    7558	      41	     503	       2
2020_09_27	    8061	      43	     503	       2
2020_09_28	    9016	      49	     955	       6
2020_09_29	    9971	      55	     955	       6
2020_09_30	   10927	      62	     956	       7
2020_10_01	   11882	      68	     955	       6
2020_10_02	   12838	      75	     956	       7
2020_10_03	   13793	      81	     955	       6
2020_10_04	   14749	      88	     956	       7
2020_10_05	   16070	     101	    1321	      13
2020_10_06	   17391	     114	    1321	      13
2020_10_07	   18712	     127	    1321	      13
2020_10_08	   20034	     141	    1322	      14
2020_10_09	   21355	     154	    1321	      13
2020_10_10	   22676	     167	    1321	      13
2020_10_11	   23998	     181	    1322	      14
2020_10_12	   26132	     209	    2134	      28
2020_10_13	   28266	     237	    2134	      28
2020_10_14	   30400	     266	    2134	      29
2020_10_15	   32534	     294	    2134	      28
2020_10_16	   34668	     323	    2134	      29
2020_10_17	   36802	     351	    2134	      28
2020_10_18	   38937	     380	    2135	      29
2020_10_19	   41239	     414	    2302	      34
2020_10_20	   43542	     449	    2303	      35
2020_10_21	   45844	     484	    2302	      35
2020_10_22	   48147	     519	    2303	      35
2020_10_23	   50449	     554	    2302	      35
2020_10_24	   52752	     589	    2303	      35
2020_10_25	   55055	     624	    2303	      35
2020_10_26	   57562	     653	    2507	      29
2020_10_27	   60069	     682	    2507	      29
2020_10_28	   62577	     711	    2508	      29
2020_10_29	   65084	     741	    2507	      30
2020_10_30	   67592	     770	    2508	      29
2020_10_31	   70099	     799	    2507	      29
2020_11_01	   72607	     829	    2508	      30
2020_11_02	   77206	     879	    4599	      50
2020_11_03	   81805	     929	    4599	      50
2020_11_04	   86404	     979	    4599	      50
2020_11_05	   91004	    1030	    4600	      51
2020_11_06	   95603	    1080	    4599	      50
2020_11_07	  100202	    1130	    4599	      50
2020_11_08	  104802	    1181	    4600	      51
2020_11_09	  110016	    1255	    5214	      74
2020_11_10	  115231	    1330	    5215	      75
2020_11_11	  120446	    1405	    5215	      75
2020_11_12	  125660	    1479	    5214	      74
2020_11_13	  130875	    1554	    5215	      75
2020_11_14	  136090	    1629	    5215	      75
2020_11_15	  141305	    1704	    5215	      75
2020_11_16	  146570	    1770	    5265	      66
2020_11_17	  151835	    1837	    5265	      67
2020_11_18	  157100	    1904	    5265	      67
2020_11_19	  162365	    1971	    5265	      67
2020_11_20	  167630	    2038	    5265	      67
2020_11_21	  172895	    2105	    5265	      67
2020_11_22	  178161	    2172	    5266	      67
2020_11_23	  182810	    2236	    4649	      64
2020_11_24	  187460	    2301	    4650	      65
2020_11_25	  192110	    2366	    4650	      65
2020_11_26	  196759	    2431	    4649	      65
2020_11_27	  201409	    2496	    4650	      65
2020_11_28	  206059	    2561	    4650	      65
2020_11_29	  210709	    2626	    4650	      65
2020_11_30	  214538	    2680	    3829	      54
2020_12_01	  218367	    2735	    3829	      55
2020_12_02	  222196	    2790	    3829	      55
2020_12_03	  226025	    2845	    3829	      55
2020_12_04	  229854	    2900	    3829	      55
2020_12_05	  233683	    2955	    3829	      55
2020_12_06	  237513	    3010	    3830	      55
2020_12_07	  240336	    3056	    2823	      46
2020_12_08	  243159	    3102	    2823	      46
2020_12_09	  245982	    3149	    2823	      47
2020_12_10	  248805	    3195	    2823	      46
2020_12_11	  251628	    3242	    2823	      47
2020_12_12	  254451	    3288	    2823	      46
2020_12_13	  257275	    3335	    2824	      47
2020_12_14	  259492	    3365	    2217	      30
2020_12_15	  261709	    3395	    2217	      30
2020_12_16	  263927	    3425	    2218	      30
2020_12_17	  266144	    3455	    2217	      30
2020_12_18	  268362	    3485	    2218	      30
2020_12_19	  270579	    3515	    2217	      30
2020_12_20	  272797	    3545	    2218	      30
2020_12_21	  274734	    3571	    1937	      26
2020_12_22	  276671	    3597	    1937	      26
2020_12_23	  278608	    3623	    1937	      26
2020_12_24	  280545	    3650	    1937	      27
2020_12_25	  282482	    3676	    1937	      26
2020_12_26	  284419	    3702	    1937	      26
2020_12_27	  286356	    3729	    1937	      27
2020_12_28	  287829	    3750	    1473	      21
2020_12_29	  289302	    3771	    1473	      21
2020_12_30	  290775	    3792	    1473	      21
2020_12_31	  292248	    3813	    1473	      21
2021_01_01	  293721	    3834	    1473	      21
2021_01_02	  295194	    3855	    1473	      21
2021_01_03	  296668	    3877	    1474	      22
2021_01_04	  297995	    3895	    1327	      18
2021_01_05	  299322	    3914	    1327	      19
2021_01_06	  300649	    3933	    1327	      19
2021_01_07	  301977	    3952	    1328	      19
2021_01_08	  303304	    3971	    1327	      19
2021_01_09	  304631	    3990	    1327	      19
2021_01_10	  305959	    4009	    1328	      19
2021_01_11	  307044	    4027	    1085	      18
2021_01_12	  308129	    4045	    1085	      18
2021_01_13	  309215	    4063	    1086	      18
2021_01_14	  310300	    4082	    1085	      19
2021_01_15	  311386	    4100	    1086	      18
2021_01_16	  312471	    4118	    1085	      18
2021_01_17	  313557	    4137	    1086	      19
2021_01_18	  314408	    4148	     851	      11
2021_01_19	  315260	    4159	     852	      11
2021_01_20	  316112	    4171	     852	      12
2021_01_21	  316963	    4182	     851	      11
2021_01_22	  317815	    4194	     852	      12
2021_01_23	  318667	    4205	     852	      11
2021_01_24	  319519	    4217	     852	      12
2021_01_25	  320398	    4229	     879	      12
2021_01_26	  321277	    4241	     879	      12
2021_01_27	  322156	    4254	     879	      13
2021_01_28	  323036	    4266	     880	      12
2021_01_29	  323915	    4279	     879	      13
2021_01_30	  324794	    4291	     879	      12
2021_01_31	  325674	    4304	     880	      13
2021_02_01	  326842	    4313	    1168	       9
2021_02_02	  328011	    4322	    1169	       9
2021_02_03	  329180	    4331	    1169	       9
2021_02_04	  330348	    4341	    1168	      10
2021_02_05	  331517	    4350	    1169	       9
2021_02_06	  332686	    4359	    1169	       9
2021_02_07	  333855	    4369	    1169	      10
2021_02_08	  335419	    4379	    1564	      10
2021_02_09	  336983	    4390	    1564	      11
2021_02_10	  338547	    4401	    1564	      11
2021_02_11	  340111	    4411	    1564	      10
2021_02_12	  341675	    4422	    1564	      11
2021_02_13	  343239	    4433	    1564	      11
2021_02_14	  344803	    4444	    1564	      11
2021_02_15	  346947	    4458	    2144	      14
2021_02_16	  349091	    4472	    2144	      14
2021_02_17	  351235	    4486	    2144	      14
2021_02_18	  353379	    4500	    2144	      14
2021_02_19	  355523	    4514	    2144	      14
2021_02_20	  357667	    4528	    2144	      14
2021_02_21	  359811	    4543	    2144	      15
2021_02_22	  363623	    4561	    3812	      18
2021_02_23	  367435	    4580	    3812	      19
2021_02_24	  371247	    4599	    3812	      19
2021_02_25	  375059	    4618	    3812	      19
2021_02_26	  378871	    4637	    3812	      19
2021_02_27	  382683	    4656	    3812	      19
2021_02_28	  386496	    4675	    3813	      19
2021_03_01	  391484	    4707	    4988	      32
2021_03_02	  396472	    4739	    4988	      32
2021_03_03	  401461	    4771	    4989	      32
2021_03_04	  406449	    4803	    4988	      32
2021_03_05	  411438	    4835	    4989	      32
2021_03_06	  416426	    4867	    4988	      32
2021_03_07	  421415	    4900	    4989	      33
2021_03_08	  428212	    4955	    6797	      55
2021_03_09	  435010	    5010	    6798	      55
2021_03_10	  441808	    5065	    6798	      55
2021_03_11	  448606	    5120	    6798	      55
2021_03_12	  455404	    5175	    6798	      55
2021_03_13	  462202	    5230	    6798	      55
2021_03_14	  469000	    5285	    6798	      55
2021_03_15	  477238	    5356	    8238	      71
2021_03_16	  485476	    5428	    8238	      72
2021_03_17	  493714	    5500	    8238	      72
2021_03_18	  501952	    5572	    8238	      72
2021_03_19	  510190	    5644	    8238	      72
2021_03_20	  518428	    5716	    8238	      72
2021_03_21	  526666	    5788	    8238	      72
2021_03_22	  534589	    5885	    7923	      97
2021_03_23	  542513	    5983	    7924	      98
2021_03_24	  550437	    6081	    7924	      98
2021_03_25	  558361	    6178	    7924	      97
2021_03_26	  566285	    6276	    7924	      98
2021_03_27	  574209	    6374	    7924	      98
2021_03_28	  582133	    6472	    7924	      98
2021_03_29	  588524	    6566	    6391	      94
2021_03_30	  594916	    6660	    6392	      94
2021_03_31	  601308	    6754	    6392	      94
2021_04_01	  607699	    6848	    6391	      94
2021_04_02	  614091	    6942	    6392	      94
2021_04_03	  620483	    7036	    6392	      94
2021_04_04	  626875	    7130	    6392	      94
2021_04_05	  631949	    7212	    5074	      82
2021_04_06	  637023	    7295	    5074	      83
2021_04_07	  642097	    7377	    5074	      82
2021_04_08	  647172	    7460	    5075	      83
2021_04_09	  652246	    7542	    5074	      82
2021_04_10	  657320	    7625	    5074	      83
2021_04_11	  662395	    7708	    5075	      83
2021_04_12	  665405	    7775	    3010	      67
2021_04_13	  668415	    7842	    3010	      67
2021_04_14	  671425	    7909	    3010	      67
2021_04_15	  674435	    7976	    3010	      67
2021_04_16	  677445	    8043	    3010	      67
2021_04_17	  680455	    8110	    3010	      67
2021_04_18	  683466	    8178	    3011	      68
2021_04_19	  685888	    8233	    2422	      55
2021_04_20	  688310	    8288	    2422	      55
2021_04_21	  690733	    8343	    2423	      55
2021_04_22	  693155	    8398	    2422	      55
2021_04_23	  695578	    8453	    2423	      55
2021_04_24	  698000	    8508	    2422	      55
2021_04_25	  700423	    8563	    2423	      55
2021_04_26	  702087	    8607	    1664	      44
2021_04_27	  703752	    8651	    1665	      44
2021_04_28	  705417	    8695	    1665	      44
2021_04_29	  707082	    8739	    1665	      44
2021_04_30	  708747	    8783	    1665	      44
2021_05_01	  710412	    8827	    1665	      44
2021_05_02	  712077	    8871	    1665	      44
2021_05_03	  713099	    8900	    1022	      29
2021_05_04	  714121	    8929	    1022	      29
2021_05_05	  715143	    8958	    1022	      29
2021_05_06	  716166	    8988	    1023	      30
2021_05_07	  717188	    9017	    1022	      29
2021_05_08	  718210	    9046	    1022	      29
2021_05_09	  719233	    9076	    1023	      30
2021_05_10	  719820	    9099	     587	      23
2021_05_11	  720407	    9123	     587	      24
2021_05_12	  720995	    9147	     588	      24
2021_05_13	  721582	    9171	     587	      24
2021_05_14	  722170	    9195	     588	      24
2021_05_15	  722757	    9219	     587	      24
2021_05_16	  723345	    9243	     588	      24
2021_05_17	  724253	    9259	     908	      16
2021_05_18	  725162	    9275	     909	      16
2021_05_19	  726071	    9291	     909	      16
2021_05_20	  726979	    9308	     908	      17
2021_05_21	  727888	    9324	     909	      16
2021_05_22	  728797	    9340	     909	      16
2021_05_23	  729706	    9357	     909	      17
2021_05_24	  730482	    9369	     776	      12
2021_05_25	  731258	    9381	     776	      12
2021_05_26	  732034	    9393	     776	      12
2021_05_27	  732810	    9406	     776	      13
2021_05_28	  733586	    9418	     776	      12
2021_05_29	  734362	    9430	     776	      12
2021_05_30	  735139	    9443	     777	      13
2021_05_31	  735736	    9453	     597	      10
2021_06_01	  736333	    9463	     597	      10
2021_06_02	  736930	    9474	     597	      11
2021_06_03	  737527	    9484	     597	      10
2021_06_04	  738124	    9495	     597	      11
2021_06_05	  738721	    9505	     597	      10
2021_06_06	  739319	    9516	     598	      11
2021_06_07	  739820	    9525	     501	       9
2021_06_08	  740322	    9534	     502	       9
2021_06_09	  740824	    9544	     502	      10
2021_06_10	  741325	    9553	     501	       9
2021_06_11	  741827	    9563	     502	      10
2021_06_12	  742329	    9572	     502	       9
2021_06_13	  742831	    9582	     502	      10
