#
# COVID-19 Country file (official WHO count)
# Country = Lebanon
# Latitude = 34.0
# Population = 6019.795
# Territory = 10452.0
# LEB = 78.9
# DPA = 30000
# DPA65 = 21000
# GDP = 8901.0
# GDP_PPP = 16060.0
# COVID-19 Mortality = 1294.7
# First_Case = 2020_02_22
# Last_Case = 2021_06_13
# First_Death = 2020_03_11
# Last_Death = 2021_06_13
# Status as of 2021_06_13 = Community transmission
# Vaccine type = Pfizer/BioNTech
# Vaccine start = 2021_03_10
#
Date	Conf_Cases	Conf_Deaths	Daily_Cases	Daily_Deaths
2020_02_22	       1	       0	       1	       0
2020_02_23	       1	       0	       0	       0
2020_02_24	       1	       0	       0	       0
2020_02_25	       1	       0	       0	       0
2020_02_26	       1	       0	       0	       0
2020_02_27	       2	       0	       1	       0
2020_02_28	       2	       0	       0	       0
2020_02_29	       2	       0	       0	       0
2020_03_01	       2	       0	       0	       0
2020_03_02	      10	       0	       8	       0
2020_03_03	      13	       0	       3	       0
2020_03_04	      13	       0	       0	       0
2020_03_05	      13	       0	       0	       0
2020_03_06	      16	       0	       3	       0
2020_03_07	      22	       0	       6	       0
2020_03_08	      28	       0	       6	       0
2020_03_09	      32	       0	       4	       0
2020_03_10	      41	       0	       9	       0
2020_03_11	      41	       1	       0	       1
2020_03_12	      66	       3	      25	       2
2020_03_13	      66	       3	       0	       0
2020_03_14	      77	       4	      11	       1
2020_03_15	      93	       3	      16	      -1
2020_03_16	      99	       3	       6	       0
2020_03_17	     109	       3	      10	       0
2020_03_18	     120	       3	      11	       0
2020_03_19	     133	       4	      13	       1
2020_03_20	     149	       4	      16	       0
2020_03_21	     163	       4	      14	       0
2020_03_22	     206	       4	      43	       0
2020_03_23	     248	       4	      42	       0
2020_03_24	     267	       4	      19	       0
2020_03_25	     304	       4	      37	       0
2020_03_26	     333	       4	      29	       0
2020_03_27	     368	       6	      35	       2
2020_03_28	     391	       8	      23	       2
2020_03_29	     412	       8	      21	       0
2020_03_30	     438	      10	      26	       2
2020_03_31	     446	      11	       8	       1
2020_04_01	     463	      12	      17	       1
2020_04_02	     479	      12	      16	       0
2020_04_03	     508	      17	      29	       5
2020_04_04	     508	      17	       0	       0
2020_04_05	     527	      18	      19	       1
2020_04_06	     527	      18	       0	       0
2020_04_07	     541	      19	      14	       1
2020_04_08	     548	      19	       7	       0
2020_04_09	     575	      19	      27	       0
2020_04_10	     582	      19	       7	       0
2020_04_11	     609	      20	      27	       1
2020_04_12	     619	      20	      10	       0
2020_04_13	     630	      20	      11	       0
2020_04_14	     632	      20	       2	       0
2020_04_15	     641	      21	       9	       1
2020_04_16	     658	      21	      17	       0
2020_04_17	     663	      21	       5	       0
2020_04_18	     668	      21	       5	       0
2020_04_19	     673	      21	       5	       0
2020_04_20	     673	      21	       0	       0
2020_04_21	     677	      21	       4	       0
2020_04_22	     682	      22	       5	       1
2020_04_23	     682	      22	       0	       0
2020_04_24	     688	      22	       6	       0
2020_04_25	     696	      22	       8	       0
2020_04_26	     704	      24	       8	       2
2020_04_27	     707	      24	       3	       0
2020_04_28	     710	      24	       3	       0
2020_04_29	     717	      24	       7	       0
2020_04_30	     721	      24	       4	       0
2020_05_01	     725	      24	       4	       0
2020_05_02	     729	      24	       4	       0
2020_05_03	     733	      25	       4	       1
2020_05_04	     737	      25	       4	       0
2020_05_05	     740	      25	       3	       0
2020_05_06	     741	      25	       1	       0
2020_05_07	     750	      25	       9	       0
2020_05_08	     784	      25	      34	       0
2020_05_09	     796	      26	      12	       1
2020_05_10	     809	      26	      13	       0
2020_05_11	     845	      26	      36	       0
2020_05_12	     859	      26	      14	       0
2020_05_13	     870	      26	      11	       0
2020_05_14	     878	      26	       8	       0
2020_05_15	     886	      26	       8	       0
2020_05_16	     891	      26	       5	       0
2020_05_17	     902	      26	      11	       0
2020_05_18	     911	      26	       9	       0
2020_05_19	     954	      26	      43	       0
2020_05_20	     954	      26	       0	       0
2020_05_21	     961	      26	       7	       0
2020_05_22	    1024	      26	      63	       0
2020_05_23	    1086	      26	      62	       0
2020_05_24	    1097	      26	      11	       0
2020_05_25	    1114	      26	      17	       0
2020_05_26	    1119	      26	       5	       0
2020_05_27	    1140	      26	      21	       0
2020_05_28	    1161	      26	      21	       0
2020_05_29	    1168	      26	       7	       0
2020_05_30	    1172	      26	       4	       0
2020_05_31	    1191	      26	      19	       0
2020_06_01	    1220	      27	      29	       1
2020_06_02	    1233	      27	      13	       0
2020_06_03	    1242	      27	       9	       0
2020_06_04	    1256	      27	      14	       0
2020_06_05	    1306	      28	      50	       1
2020_06_06	    1312	      28	       6	       0
2020_06_07	    1320	      29	       8	       1
2020_06_08	    1331	      30	      11	       1
2020_06_09	    1350	      30	      19	       0
2020_06_10	    1368	      30	      18	       0
2020_06_11	    1388	      30	      20	       0
2020_06_12	    1402	      31	      14	       1
2020_06_13	    1422	      31	      20	       0
2020_06_14	    1442	      32	      20	       1
2020_06_15	    1446	      32	       4	       0
2020_06_16	    1464	      32	      18	       0
2020_06_17	    1473	      32	       9	       0
2020_06_18	    1489	      32	      16	       0
2020_06_19	    1495	      32	       6	       0
2020_06_20	    1510	      32	      15	       0
2020_06_21	    1536	      32	      26	       0
2020_06_22	    1587	      32	      51	       0
2020_06_23	    1603	      32	      16	       0
2020_06_24	    1622	      32	      19	       0
2020_06_25	    1644	      33	      22	       1
2020_06_26	    1662	      33	      18	       0
2020_06_27	    1697	      33	      35	       0
2020_06_28	    1719	      33	      22	       0
2020_06_29	    1740	      33	      21	       0
2020_06_30	    1745	      34	       5	       1
2020_07_01	    1778	      34	      33	       0
2020_07_02	    1788	      34	      10	       0
2020_07_03	    1796	      35	       8	       1
2020_07_04	    1830	      35	      34	       0
2020_07_05	    1855	      35	      25	       0
2020_07_06	    1873	      36	      18	       1
2020_07_07	    1885	      36	      12	       0
2020_07_08	    1907	      36	      22	       0
2020_07_09	    1946	      36	      39	       0
2020_07_10	    2011	      36	      65	       0
2020_07_11	    2082	      36	      71	       0
2020_07_12	    2168	      36	      86	       0
2020_07_13	    2334	      36	     166	       0
2020_07_14	    2419	      36	      85	       0
2020_07_15	    2451	      37	      32	       1
2020_07_16	    2542	      38	      91	       1
2020_07_17	    2599	      40	      57	       2
2020_07_18	    2700	      40	     101	       0
2020_07_19	    2775	      40	      75	       0
2020_07_20	    2859	      40	      84	       0
2020_07_21	    2905	      41	      46	       1
2020_07_22	    2980	      41	      75	       0
2020_07_23	    3105	      43	     125	       2
2020_07_24	    3260	      43	     155	       0
2020_07_25	    3407	      46	     147	       3
2020_07_26	    3407	      46	       0	       0
2020_07_27	    3750	      51	     343	       5
2020_07_28	    3882	      51	     132	       0
2020_07_29	    4023	      54	     141	       3
2020_07_30	    4205	      55	     182	       1
2020_07_31	    4334	      57	     129	       2
2020_08_01	    4555	      59	     221	       2
2020_08_02	    4730	      61	     175	       2
2020_08_03	    4885	      62	     155	       1
2020_08_04	    5062	      65	     177	       3
2020_08_05	    5062	      65	       0	       0
2020_08_06	    5417	      68	     355	       3
2020_08_07	    5672	      70	     255	       2
2020_08_08	    5951	      70	     279	       0
2020_08_09	    6223	      74	     272	       4
2020_08_10	    6517	      76	     294	       2
2020_08_11	    6812	      80	     295	       4
2020_08_12	    7121	      87	     309	       7
2020_08_13	    7413	      89	     292	       2
2020_08_14	    7711	      92	     298	       3
2020_08_15	    8045	      94	     334	       2
2020_08_16	    8442	      97	     397	       3
2020_08_17	    8977	     100	     535	       3
2020_08_18	    9513	     103	     536	       3
2020_08_19	   10048	     107	     535	       4
2020_08_20	   10584	     110	     536	       3
2020_08_21	   11119	     114	     535	       4
2020_08_22	   11655	     117	     536	       3
2020_08_23	   12191	     121	     536	       4
2020_08_24	   12774	     125	     583	       4
2020_08_25	   13357	     130	     583	       5
2020_08_26	   13941	     135	     584	       5
2020_08_27	   14524	     140	     583	       5
2020_08_28	   15108	     145	     584	       5
2020_08_29	   15691	     150	     583	       5
2020_08_30	   16275	     155	     584	       5
2020_08_31	   16808	     159	     533	       4
2020_09_01	   17342	     164	     534	       5
2020_09_02	   17876	     168	     534	       4
2020_09_03	   18409	     173	     533	       5
2020_09_04	   18943	     177	     534	       4
2020_09_05	   19477	     182	     534	       5
2020_09_06	   20011	     187	     534	       5
2020_09_07	   20533	     194	     522	       7
2020_09_08	   21056	     201	     523	       7
2020_09_09	   21578	     209	     522	       8
2020_09_10	   22101	     216	     523	       7
2020_09_11	   22623	     224	     522	       8
2020_09_12	   23146	     231	     523	       7
2020_09_13	   23669	     239	     523	       8
2020_09_14	   24330	     245	     661	       6
2020_09_15	   24991	     252	     661	       7
2020_09_16	   25652	     259	     661	       7
2020_09_17	   26313	     265	     661	       6
2020_09_18	   26974	     272	     661	       7
2020_09_19	   27635	     279	     661	       7
2020_09_20	   28297	     286	     662	       7
2020_09_21	   29287	     293	     990	       7
2020_09_22	   30277	     301	     990	       8
2020_09_23	   31267	     309	     990	       8
2020_09_24	   32257	     316	     990	       7
2020_09_25	   33247	     324	     990	       8
2020_09_26	   34237	     332	     990	       8
2020_09_27	   35228	     340	     991	       8
2020_09_28	   36406	     348	    1178	       8
2020_09_29	   37585	     356	    1179	       8
2020_09_30	   38764	     364	    1179	       8
2020_10_01	   39943	     373	    1179	       9
2020_10_02	   41122	     381	    1179	       8
2020_10_03	   42301	     389	    1179	       8
2020_10_04	   43480	     398	    1179	       9
2020_10_05	   44776	     406	    1296	       8
2020_10_06	   46073	     414	    1297	       8
2020_10_07	   47370	     422	    1297	       8
2020_10_08	   48667	     430	    1297	       8
2020_10_09	   49964	     438	    1297	       8
2020_10_10	   51261	     446	    1297	       8
2020_10_11	   52558	     455	    1297	       9
2020_10_12	   54041	     465	    1483	      10
2020_10_13	   55525	     475	    1484	      10
2020_10_14	   57009	     485	    1484	      10
2020_10_15	   58492	     495	    1483	      10
2020_10_16	   59976	     505	    1484	      10
2020_10_17	   61460	     515	    1484	      10
2020_10_18	   62944	     526	    1484	      11
2020_10_19	   64264	     533	    1320	       7
2020_10_20	   65584	     541	    1320	       8
2020_10_21	   66904	     548	    1320	       7
2020_10_22	   68225	     556	    1321	       8
2020_10_23	   69545	     563	    1320	       7
2020_10_24	   70865	     571	    1320	       8
2020_10_25	   72186	     579	    1321	       8
2020_10_26	   73477	     587	    1291	       8
2020_10_27	   74769	     595	    1292	       8
2020_10_28	   76061	     603	    1292	       8
2020_10_29	   77352	     612	    1291	       9
2020_10_30	   78644	     620	    1292	       8
2020_10_31	   79936	     628	    1292	       8
2020_11_01	   81228	     637	    1292	       9
2020_11_02	   82923	     647	    1695	      10
2020_11_03	   84619	     658	    1696	      11
2020_11_04	   86314	     669	    1695	      11
2020_11_05	   88010	     680	    1696	      11
2020_11_06	   89705	     691	    1695	      11
2020_11_07	   91401	     702	    1696	      11
2020_11_08	   93097	     713	    1696	      11
2020_11_09	   94692	     726	    1595	      13
2020_11_10	   96288	     739	    1596	      13
2020_11_11	   97884	     752	    1596	      13
2020_11_12	   99479	     766	    1595	      14
2020_11_13	  101075	     779	    1596	      13
2020_11_14	  102671	     792	    1596	      13
2020_11_15	  104267	     806	    1596	      14
2020_11_16	  105834	     818	    1567	      12
2020_11_17	  107402	     831	    1568	      13
2020_11_18	  108970	     843	    1568	      12
2020_11_19	  110538	     856	    1568	      13
2020_11_20	  112106	     868	    1568	      12
2020_11_21	  113674	     881	    1568	      13
2020_11_22	  115242	     894	    1568	      13
2020_11_23	  116727	     907	    1485	      13
2020_11_24	  118212	     921	    1485	      14
2020_11_25	  119697	     935	    1485	      14
2020_11_26	  121182	     949	    1485	      14
2020_11_27	  122667	     963	    1485	      14
2020_11_28	  124152	     977	    1485	      14
2020_11_29	  125637	     991	    1485	      14
2020_11_30	  127099	    1005	    1462	      14
2020_12_01	  128562	    1019	    1463	      14
2020_12_02	  130025	    1033	    1463	      14
2020_12_03	  131487	    1047	    1462	      14
2020_12_04	  132950	    1061	    1463	      14
2020_12_05	  134413	    1075	    1463	      14
2020_12_06	  135876	    1090	    1463	      15
2020_12_07	  137214	    1104	    1338	      14
2020_12_08	  138552	    1118	    1338	      14
2020_12_09	  139891	    1132	    1339	      14
2020_12_10	  141229	    1147	    1338	      15
2020_12_11	  142568	    1161	    1339	      14
2020_12_12	  143906	    1175	    1338	      14
2020_12_13	  145245	    1190	    1339	      15
2020_12_14	  146862	    1201	    1617	      11
2020_12_15	  148480	    1212	    1618	      11
2020_12_16	  150098	    1224	    1618	      12
2020_12_17	  151716	    1235	    1618	      11
2020_12_18	  153334	    1247	    1618	      12
2020_12_19	  154952	    1258	    1618	      11
2020_12_20	  156570	    1270	    1618	      12
2020_12_21	  158413	    1285	    1843	      15
2020_12_22	  160256	    1301	    1843	      16
2020_12_23	  162099	    1316	    1843	      15
2020_12_24	  163942	    1332	    1843	      16
2020_12_25	  165785	    1347	    1843	      15
2020_12_26	  167628	    1363	    1843	      16
2020_12_27	  169472	    1379	    1844	      16
2020_12_28	  171891	    1392	    2419	      13
2020_12_29	  174310	    1406	    2419	      14
2020_12_30	  176730	    1420	    2420	      14
2020_12_31	  179149	    1434	    2419	      14
2021_01_01	  181569	    1448	    2420	      14
2021_01_02	  183988	    1462	    2419	      14
2021_01_03	  186408	    1476	    2420	      14
2021_01_04	  190571	    1492	    4163	      16
2021_01_05	  194735	    1508	    4164	      16
2021_01_06	  198898	    1524	    4163	      16
2021_01_07	  203062	    1541	    4164	      17
2021_01_08	  207225	    1557	    4163	      16
2021_01_09	  211389	    1573	    4164	      16
2021_01_10	  215553	    1590	    4164	      17
2021_01_11	  220353	    1629	    4800	      39
2021_01_12	  225154	    1668	    4801	      39
2021_01_13	  229955	    1708	    4801	      40
2021_01_14	  234755	    1747	    4800	      39
2021_01_15	  239556	    1787	    4801	      40
2021_01_16	  244357	    1826	    4801	      39
2021_01_17	  249158	    1866	    4801	      40
2021_01_18	  253076	    1925	    3918	      59
2021_01_19	  256994	    1984	    3918	      59
2021_01_20	  260913	    2043	    3919	      59
2021_01_21	  264831	    2102	    3918	      59
2021_01_22	  268750	    2161	    3919	      59
2021_01_23	  272668	    2220	    3918	      59
2021_01_24	  276587	    2280	    3919	      60
2021_01_25	  279776	    2387	    3189	     107
2021_01_26	  282965	    2494	    3189	     107
2021_01_27	  286155	    2601	    3190	     107
2021_01_28	  289344	    2709	    3189	     108
2021_01_29	  292534	    2816	    3190	     107
2021_01_30	  295723	    2923	    3189	     107
2021_01_31	  298913	    3031	    3190	     108
2021_02_01	  301616	    3106	    2703	      75
2021_02_02	  304319	    3182	    2703	      76
2021_02_03	  307022	    3258	    2703	      76
2021_02_04	  309726	    3334	    2704	      76
2021_02_05	  312429	    3410	    2703	      76
2021_02_06	  315132	    3486	    2703	      76
2021_02_07	  317836	    3562	    2704	      76
2021_02_08	  320572	    3619	    2736	      57
2021_02_09	  323309	    3676	    2737	      57
2021_02_10	  326045	    3733	    2736	      57
2021_02_11	  328782	    3790	    2737	      57
2021_02_12	  331518	    3847	    2736	      57
2021_02_13	  334255	    3904	    2737	      57
2021_02_14	  336992	    3961	    2737	      57
2021_02_15	  339331	    4009	    2339	      48
2021_02_16	  341671	    4057	    2340	      48
2021_02_17	  344011	    4105	    2340	      48
2021_02_18	  346351	    4153	    2340	      48
2021_02_19	  348691	    4201	    2340	      48
2021_02_20	  351031	    4249	    2340	      48
2021_02_21	  353371	    4297	    2340	      48
2021_02_22	  356143	    4347	    2772	      50
2021_02_23	  358915	    4398	    2772	      51
2021_02_24	  361687	    4449	    2772	      51
2021_02_25	  364459	    4499	    2772	      50
2021_02_26	  367231	    4550	    2772	      51
2021_02_27	  370003	    4601	    2772	      51
2021_02_28	  372775	    4652	    2772	      51
2021_03_01	  375694	    4703	    2919	      51
2021_03_02	  378613	    4755	    2919	      52
2021_03_03	  381533	    4806	    2920	      51
2021_03_04	  384452	    4858	    2919	      52
2021_03_05	  387372	    4909	    2920	      51
2021_03_06	  390291	    4961	    2919	      52
2021_03_07	  393211	    5013	    2920	      52
2021_03_08	  396375	    5058	    3164	      45
2021_03_09	  399539	    5104	    3164	      46
2021_03_10	  402704	    5150	    3165	      46
2021_03_11	  405868	    5196	    3164	      46
2021_03_12	  409033	    5242	    3165	      46
2021_03_13	  412197	    5288	    3164	      46
2021_03_14	  415362	    5334	    3165	      46
2021_03_15	  418392	    5388	    3030	      54
2021_03_16	  421422	    5442	    3030	      54
2021_03_17	  424453	    5497	    3031	      55
2021_03_18	  427483	    5551	    3030	      54
2021_03_19	  430514	    5606	    3031	      55
2021_03_20	  433544	    5660	    3030	      54
2021_03_21	  436575	    5715	    3031	      55
2021_03_22	  439684	    5764	    3109	      49
2021_03_23	  442793	    5813	    3109	      49
2021_03_24	  445902	    5862	    3109	      49
2021_03_25	  449011	    5911	    3109	      49
2021_03_26	  452120	    5960	    3109	      49
2021_03_27	  455229	    6009	    3109	      49
2021_03_28	  458338	    6058	    3109	      49
2021_03_29	  461020	    6103	    2682	      45
2021_03_30	  463702	    6149	    2682	      46
2021_03_31	  466384	    6195	    2682	      46
2021_04_01	  469066	    6241	    2682	      46
2021_04_02	  471748	    6287	    2682	      46
2021_04_03	  474430	    6333	    2682	      46
2021_04_04	  477113	    6379	    2683	      46
2021_04_05	  479615	    6414	    2502	      35
2021_04_06	  482118	    6450	    2503	      36
2021_04_07	  484621	    6486	    2503	      36
2021_04_08	  487124	    6522	    2503	      36
2021_04_09	  489627	    6558	    2503	      36
2021_04_10	  492130	    6594	    2503	      36
2021_04_11	  494633	    6630	    2503	      36
2021_04_12	  496614	    6666	    1981	      36
2021_04_13	  498595	    6703	    1981	      37
2021_04_14	  500577	    6739	    1982	      36
2021_04_15	  502558	    6776	    1981	      37
2021_04_16	  504540	    6812	    1982	      36
2021_04_17	  506521	    6849	    1981	      37
2021_04_18	  508503	    6886	    1982	      37
2021_04_19	  510090	    6918	    1587	      32
2021_04_20	  511677	    6951	    1587	      33
2021_04_21	  513265	    6984	    1588	      33
2021_04_22	  514852	    7017	    1587	      33
2021_04_23	  516440	    7050	    1588	      33
2021_04_24	  518027	    7083	    1587	      33
2021_04_25	  519615	    7116	    1588	      33
2021_04_26	  520742	    7142	    1127	      26
2021_04_27	  521870	    7169	    1128	      27
2021_04_28	  522997	    7195	    1127	      26
2021_04_29	  524125	    7222	    1128	      27
2021_04_30	  525252	    7248	    1127	      26
2021_05_01	  526380	    7275	    1128	      27
2021_05_02	  527508	    7302	    1128	      27
2021_05_03	  528188	    7324	     680	      22
2021_05_04	  528868	    7347	     680	      23
2021_05_05	  529548	    7369	     680	      22
2021_05_06	  530228	    7392	     680	      23
2021_05_07	  530908	    7414	     680	      22
2021_05_08	  531588	    7437	     680	      23
2021_05_09	  532269	    7460	     681	      23
2021_05_10	  532692	    7477	     423	      17
2021_05_11	  533115	    7495	     423	      18
2021_05_12	  533539	    7513	     424	      18
2021_05_13	  533962	    7531	     423	      18
2021_05_14	  534386	    7549	     424	      18
2021_05_15	  534809	    7567	     423	      18
2021_05_16	  535233	    7585	     424	      18
2021_05_17	  535659	    7597	     426	      12
2021_05_18	  536085	    7609	     426	      12
2021_05_19	  536512	    7621	     427	      12
2021_05_20	  536938	    7633	     426	      12
2021_05_21	  537365	    7645	     427	      12
2021_05_22	  537791	    7657	     426	      12
2021_05_23	  538218	    7670	     427	      13
2021_05_24	  538491	    7676	     273	       6
2021_05_25	  538764	    7683	     273	       7
2021_05_26	  539038	    7690	     274	       7
2021_05_27	  539311	    7697	     273	       7
2021_05_28	  539585	    7704	     274	       7
2021_05_29	  539858	    7711	     273	       7
2021_05_30	  540132	    7718	     274	       7
2021_05_31	  540316	    7723	     184	       5
2021_06_01	  540500	    7729	     184	       6
2021_06_02	  540685	    7735	     185	       6
2021_06_03	  540869	    7740	     184	       5
2021_06_04	  541054	    7746	     185	       6
2021_06_05	  541238	    7752	     184	       6
2021_06_06	  541423	    7758	     185	       6
2021_06_07	  541580	    7763	     157	       5
2021_06_08	  541737	    7768	     157	       5
2021_06_09	  541894	    7773	     157	       5
2021_06_10	  542051	    7778	     157	       5
2021_06_11	  542208	    7783	     157	       5
2021_06_12	  542365	    7788	     157	       5
2021_06_13	  542523	    7794	     158	       6
