#
# COVID-19 Country file (official WHO count)
# Country = Liberia
# Latitude = 6.0
# Population = 5103.853
# Territory = 111369.0
# LEB = 64.1
# DPA = 37000
# DPA65 = 10360
# GDP = 655.0
# GDP_PPP = 1212.0
# COVID-19 Mortality = 18.2
# First_Case = 2020_03_17
# Last_Case = 2021_06_13
# First_Death = 2020_04_05
# Last_Death = 2021_06_13
# Status as of 2021_06_13 = Community transmission
# Vaccine type = Unknown
# Vaccine start = NA
#
Date	Conf_Cases	Conf_Deaths	Daily_Cases	Daily_Deaths
2020_03_17	       1	       0	       1	       0
2020_03_18	       1	       0	       0	       0
2020_03_19	       2	       0	       1	       0
2020_03_20	       2	       0	       0	       0
2020_03_21	       2	       0	       0	       0
2020_03_22	       3	       0	       1	       0
2020_03_23	       3	       0	       0	       0
2020_03_24	       3	       0	       0	       0
2020_03_25	       3	       0	       0	       0
2020_03_26	       3	       0	       0	       0
2020_03_27	       3	       0	       0	       0
2020_03_28	       3	       0	       0	       0
2020_03_29	       3	       0	       0	       0
2020_03_30	       3	       0	       0	       0
2020_03_31	       3	       0	       0	       0
2020_04_01	       3	       0	       0	       0
2020_04_02	       6	       0	       3	       0
2020_04_03	       6	       0	       0	       0
2020_04_04	       7	       0	       1	       0
2020_04_05	      10	       1	       3	       1
2020_04_06	      13	       3	       3	       2
2020_04_07	      14	       3	       1	       0
2020_04_08	      14	       3	       0	       0
2020_04_09	      31	       4	      17	       1
2020_04_10	      31	       4	       0	       0
2020_04_11	      37	       5	       6	       1
2020_04_12	      48	       5	      11	       0
2020_04_13	      50	       5	       2	       0
2020_04_14	      51	       6	       1	       1
2020_04_15	      59	       6	       8	       0
2020_04_16	      59	       6	       0	       0
2020_04_17	      73	       6	      14	       0
2020_04_18	      76	       7	       3	       1
2020_04_19	      81	       7	       5	       0
2020_04_20	      91	       8	      10	       1
2020_04_21	      99	       8	       8	       0
2020_04_22	     101	       8	       2	       0
2020_04_23	     101	       8	       0	       0
2020_04_24	     101	       8	       0	       0
2020_04_25	     117	       8	      16	       0
2020_04_26	     120	      11	       3	       3
2020_04_27	     124	      12	       4	       1
2020_04_28	     133	      16	       9	       4
2020_04_29	     141	      16	       8	       0
2020_04_30	     141	      16	       0	       0
2020_05_01	     141	      16	       0	       0
2020_05_02	     152	      18	      11	       2
2020_05_03	     154	      18	       2	       0
2020_05_04	     158	      18	       4	       0
2020_05_05	     166	      18	       8	       0
2020_05_06	     170	      20	       4	       2
2020_05_07	     178	      20	       8	       0
2020_05_08	     189	      20	      11	       0
2020_05_09	     199	      20	      10	       0
2020_05_10	     199	      20	       0	       0
2020_05_11	     204	      20	       5	       0
2020_05_12	     211	      20	       7	       0
2020_05_13	     212	      20	       1	       0
2020_05_14	     213	      20	       1	       0
2020_05_15	     215	      20	       2	       0
2020_05_16	     219	      20	       4	       0
2020_05_17	     223	      20	       4	       0
2020_05_18	     226	      21	       3	       1
2020_05_19	     229	      22	       3	       1
2020_05_20	     233	      23	       4	       1
2020_05_21	     238	      23	       5	       0
2020_05_22	     240	      23	       2	       0
2020_05_23	     249	      24	       9	       1
2020_05_24	     255	      26	       6	       2
2020_05_25	     265	      26	      10	       0
2020_05_26	     265	      26	       0	       0
2020_05_27	     266	      26	       1	       0
2020_05_28	     266	      27	       0	       1
2020_05_29	     269	      27	       3	       0
2020_05_30	     273	      27	       4	       0
2020_05_31	     280	      27	       7	       0
2020_06_01	     288	      27	       8	       0
2020_06_02	     296	      27	       8	       0
2020_06_03	     311	      28	      15	       1
2020_06_04	     316	      28	       5	       0
2020_06_05	     321	      28	       5	       0
2020_06_06	     334	      30	      13	       2
2020_06_07	     345	      30	      11	       0
2020_06_08	     359	      30	      14	       0
2020_06_09	     370	      30	      11	       0
2020_06_10	     383	      31	      13	       1
2020_06_11	     397	      31	      14	       0
2020_06_12	     410	      31	      13	       0
2020_06_13	     421	      32	      11	       1
2020_06_14	     446	      32	      25	       0
2020_06_15	     458	      32	      12	       0
2020_06_16	     498	      33	      40	       1
2020_06_17	     509	      33	      11	       0
2020_06_18	     516	      33	       7	       0
2020_06_19	     542	      33	      26	       0
2020_06_20	     581	      33	      39	       0
2020_06_21	     601	      33	      20	       0
2020_06_22	     626	      34	      25	       1
2020_06_23	     650	      34	      24	       0
2020_06_24	     652	      34	       2	       0
2020_06_25	     662	      34	      10	       0
2020_06_26	     681	      34	      19	       0
2020_06_27	     684	      34	       3	       0
2020_06_28	     684	      34	       0	       0
2020_06_29	     768	      34	      84	       0
2020_06_30	     770	      36	       2	       2
2020_07_01	     780	      36	      10	       0
2020_07_02	     804	      37	      24	       1
2020_07_03	     819	      37	      15	       0
2020_07_04	     833	      37	      14	       0
2020_07_05	     833	      37	       0	       0
2020_07_06	     874	      37	      41	       0
2020_07_07	     891	      39	      17	       2
2020_07_08	     917	      41	      26	       2
2020_07_09	     926	      41	       9	       0
2020_07_10	     957	      42	      31	       1
2020_07_11	     963	      47	       6	       5
2020_07_12	     998	      47	      35	       0
2020_07_13	    1010	      51	      12	       4
2020_07_14	    1024	      51	      14	       0
2020_07_15	    1038	      51	      14	       0
2020_07_16	    1056	      66	      18	      15
2020_07_17	    1070	      68	      14	       2
2020_07_18	    1070	      68	       0	       0
2020_07_19	    1088	      70	      18	       2
2020_07_20	    1091	      70	       3	       0
2020_07_21	    1107	      70	      16	       0
2020_07_22	    1108	      70	       1	       0
2020_07_23	    1114	      70	       6	       0
2020_07_24	    1117	      71	       3	       1
2020_07_25	    1135	      71	      18	       0
2020_07_26	    1135	      71	       0	       0
2020_07_27	    1162	      72	      27	       1
2020_07_28	    1167	      72	       5	       0
2020_07_29	    1167	      72	       0	       0
2020_07_30	    1179	      72	      12	       0
2020_07_31	    1181	      73	       2	       1
2020_08_01	    1186	      75	       5	       2
2020_08_02	    1189	      75	       3	       0
2020_08_03	    1207	      77	      18	       2
2020_08_04	    1214	      78	       7	       1
2020_08_05	    1216	      78	       2	       0
2020_08_06	    1221	      78	       5	       0
2020_08_07	    1224	      78	       3	       0
2020_08_08	    1230	      78	       6	       0
2020_08_09	    1234	      79	       4	       1
2020_08_10	    1237	      79	       3	       0
2020_08_11	    1240	      79	       3	       0
2020_08_12	    1240	      79	       0	       0
2020_08_13	    1252	      82	      12	       3
2020_08_14	    1252	      82	       0	       0
2020_08_15	    1254	      82	       2	       0
2020_08_16	    1257	      82	       3	       0
2020_08_17	    1261	      82	       4	       0
2020_08_18	    1265	      82	       4	       0
2020_08_19	    1269	      82	       4	       0
2020_08_20	    1273	      82	       4	       0
2020_08_21	    1277	      82	       4	       0
2020_08_22	    1281	      82	       4	       0
2020_08_23	    1285	      82	       4	       0
2020_08_24	    1287	      82	       2	       0
2020_08_25	    1290	      82	       3	       0
2020_08_26	    1292	      82	       2	       0
2020_08_27	    1295	      82	       3	       0
2020_08_28	    1297	      82	       2	       0
2020_08_29	    1300	      82	       3	       0
2020_08_30	    1303	      82	       3	       0
2020_08_31	    1303	      82	       0	       0
2020_09_01	    1303	      82	       0	       0
2020_09_02	    1304	      82	       1	       0
2020_09_03	    1304	      82	       0	       0
2020_09_04	    1305	      82	       1	       0
2020_09_05	    1305	      82	       0	       0
2020_09_06	    1306	      82	       1	       0
2020_09_07	    1306	      82	       0	       0
2020_09_08	    1307	      82	       1	       0
2020_09_09	    1308	      82	       1	       0
2020_09_10	    1308	      82	       0	       0
2020_09_11	    1309	      82	       1	       0
2020_09_12	    1310	      82	       1	       0
2020_09_13	    1311	      82	       1	       0
2020_09_14	    1314	      82	       3	       0
2020_09_15	    1317	      82	       3	       0
2020_09_16	    1321	      82	       4	       0
2020_09_17	    1324	      82	       3	       0
2020_09_18	    1328	      82	       4	       0
2020_09_19	    1331	      82	       3	       0
2020_09_20	    1335	      82	       4	       0
2020_09_21	    1335	      82	       0	       0
2020_09_22	    1335	      82	       0	       0
2020_09_23	    1336	      82	       1	       0
2020_09_24	    1336	      82	       0	       0
2020_09_25	    1337	      82	       1	       0
2020_09_26	    1337	      82	       0	       0
2020_09_27	    1338	      82	       1	       0
2020_09_28	    1339	      82	       1	       0
2020_09_29	    1340	      82	       1	       0
2020_09_30	    1341	      82	       1	       0
2020_10_01	    1343	      82	       2	       0
2020_10_02	    1344	      82	       1	       0
2020_10_03	    1345	      82	       1	       0
2020_10_04	    1347	      82	       2	       0
2020_10_05	    1349	      82	       2	       0
2020_10_06	    1351	      82	       2	       0
2020_10_07	    1353	      82	       2	       0
2020_10_08	    1356	      82	       3	       0
2020_10_09	    1358	      82	       2	       0
2020_10_10	    1360	      82	       2	       0
2020_10_11	    1363	      82	       3	       0
2020_10_12	    1365	      82	       2	       0
2020_10_13	    1368	      82	       3	       0
2020_10_14	    1370	      82	       2	       0
2020_10_15	    1373	      82	       3	       0
2020_10_16	    1375	      82	       2	       0
2020_10_17	    1378	      82	       3	       0
2020_10_18	    1381	      82	       3	       0
2020_10_19	    1386	      82	       5	       0
2020_10_20	    1391	      82	       5	       0
2020_10_21	    1396	      82	       5	       0
2020_10_22	    1401	      82	       5	       0
2020_10_23	    1406	      82	       5	       0
2020_10_24	    1411	      82	       5	       0
2020_10_25	    1416	      82	       5	       0
2020_10_26	    1417	      82	       1	       0
2020_10_27	    1418	      82	       1	       0
2020_10_28	    1420	      82	       2	       0
2020_10_29	    1421	      82	       1	       0
2020_10_30	    1423	      82	       2	       0
2020_10_31	    1424	      82	       1	       0
2020_11_01	    1426	      82	       2	       0
2020_11_02	    1428	      82	       2	       0
2020_11_03	    1430	      82	       2	       0
2020_11_04	    1432	      82	       2	       0
2020_11_05	    1435	      82	       3	       0
2020_11_06	    1437	      82	       2	       0
2020_11_07	    1439	      82	       2	       0
2020_11_08	    1442	      82	       3	       0
2020_11_09	    1450	      82	       8	       0
2020_11_10	    1458	      82	       8	       0
2020_11_11	    1466	      82	       8	       0
2020_11_12	    1474	      82	       8	       0
2020_11_13	    1482	      82	       8	       0
2020_11_14	    1490	      82	       8	       0
2020_11_15	    1498	      82	       8	       0
2020_11_16	    1506	      82	       8	       0
2020_11_17	    1514	      82	       8	       0
2020_11_18	    1522	      82	       8	       0
2020_11_19	    1530	      82	       8	       0
2020_11_20	    1538	      82	       8	       0
2020_11_21	    1546	      82	       8	       0
2020_11_22	    1554	      82	       8	       0
2020_11_23	    1559	      82	       5	       0
2020_11_24	    1565	      82	       6	       0
2020_11_25	    1571	      82	       6	       0
2020_11_26	    1577	      82	       6	       0
2020_11_27	    1583	      82	       6	       0
2020_11_28	    1589	      82	       6	       0
2020_11_29	    1595	      83	       6	       1
2020_11_30	    1606	      83	      11	       0
2020_12_01	    1618	      83	      12	       0
2020_12_02	    1629	      83	      11	       0
2020_12_03	    1641	      83	      12	       0
2020_12_04	    1652	      83	      11	       0
2020_12_05	    1664	      83	      12	       0
2020_12_06	    1676	      83	      12	       0
2020_12_07	    1676	      83	       0	       0
2020_12_08	    1676	      83	       0	       0
2020_12_09	    1676	      83	       0	       0
2020_12_10	    1676	      83	       0	       0
2020_12_11	    1676	      83	       0	       0
2020_12_12	    1676	      83	       0	       0
2020_12_13	    1676	      83	       0	       0
2020_12_14	    1690	      83	      14	       0
2020_12_15	    1705	      83	      15	       0
2020_12_16	    1720	      83	      15	       0
2020_12_17	    1734	      83	      14	       0
2020_12_18	    1749	      83	      15	       0
2020_12_19	    1764	      83	      15	       0
2020_12_20	    1779	      83	      15	       0
2020_12_21	    1782	      83	       3	       0
2020_12_22	    1785	      83	       3	       0
2020_12_23	    1788	      83	       3	       0
2020_12_24	    1791	      83	       3	       0
2020_12_25	    1794	      83	       3	       0
2020_12_26	    1797	      83	       3	       0
2020_12_27	    1800	      83	       3	       0
2020_12_28	    1800	      83	       0	       0
2020_12_29	    1800	      83	       0	       0
2020_12_30	    1800	      83	       0	       0
2020_12_31	    1800	      83	       0	       0
2021_01_01	    1800	      83	       0	       0
2021_01_02	    1800	      83	       0	       0
2021_01_03	    1800	      83	       0	       0
2021_01_04	    1800	      83	       0	       0
2021_01_05	    1800	      83	       0	       0
2021_01_06	    1800	      83	       0	       0
2021_01_07	    1800	      83	       0	       0
2021_01_08	    1800	      83	       0	       0
2021_01_09	    1800	      83	       0	       0
2021_01_10	    1800	      83	       0	       0
2021_01_11	    1812	      83	      12	       0
2021_01_12	    1824	      83	      12	       0
2021_01_13	    1837	      83	      13	       0
2021_01_14	    1849	      83	      12	       0
2021_01_15	    1862	      83	      13	       0
2021_01_16	    1874	      83	      12	       0
2021_01_17	    1887	      84	      13	       1
2021_01_18	    1890	      84	       3	       0
2021_01_19	    1894	      84	       4	       0
2021_01_20	    1898	      84	       4	       0
2021_01_21	    1902	      84	       4	       0
2021_01_22	    1906	      84	       4	       0
2021_01_23	    1910	      84	       4	       0
2021_01_24	    1914	      84	       4	       0
2021_01_25	    1917	      84	       3	       0
2021_01_26	    1921	      84	       4	       0
2021_01_27	    1924	      84	       3	       0
2021_01_28	    1928	      84	       4	       0
2021_01_29	    1931	      84	       3	       0
2021_01_30	    1935	      84	       4	       0
2021_01_31	    1939	      84	       4	       0
2021_02_01	    1941	      84	       2	       0
2021_02_02	    1943	      84	       2	       0
2021_02_03	    1946	      84	       3	       0
2021_02_04	    1948	      84	       2	       0
2021_02_05	    1951	      84	       3	       0
2021_02_06	    1953	      84	       2	       0
2021_02_07	    1956	      84	       3	       0
2021_02_08	    1957	      84	       1	       0
2021_02_09	    1959	      84	       2	       0
2021_02_10	    1961	      84	       2	       0
2021_02_11	    1963	      84	       2	       0
2021_02_12	    1965	      84	       2	       0
2021_02_13	    1967	      84	       2	       0
2021_02_14	    1969	      84	       2	       0
2021_02_15	    1971	      84	       2	       0
2021_02_16	    1974	      84	       3	       0
2021_02_17	    1977	      84	       3	       0
2021_02_18	    1979	      84	       2	       0
2021_02_19	    1982	      84	       3	       0
2021_02_20	    1985	      84	       3	       0
2021_02_21	    1988	      85	       3	       1
2021_02_22	    1991	      85	       3	       0
2021_02_23	    1994	      85	       3	       0
2021_02_24	    1997	      85	       3	       0
2021_02_25	    2000	      85	       3	       0
2021_02_26	    2003	      85	       3	       0
2021_02_27	    2006	      85	       3	       0
2021_02_28	    2010	      85	       4	       0
2021_03_01	    2012	      85	       2	       0
2021_03_02	    2014	      85	       2	       0
2021_03_03	    2016	      85	       2	       0
2021_03_04	    2018	      85	       2	       0
2021_03_05	    2020	      85	       2	       0
2021_03_06	    2022	      85	       2	       0
2021_03_07	    2024	      85	       2	       0
2021_03_08	    2024	      85	       0	       0
2021_03_09	    2025	      85	       1	       0
2021_03_10	    2026	      85	       1	       0
2021_03_11	    2027	      85	       1	       0
2021_03_12	    2028	      85	       1	       0
2021_03_13	    2029	      85	       1	       0
2021_03_14	    2030	      85	       1	       0
2021_03_15	    2031	      85	       1	       0
2021_03_16	    2033	      85	       2	       0
2021_03_17	    2035	      85	       2	       0
2021_03_18	    2036	      85	       1	       0
2021_03_19	    2038	      85	       2	       0
2021_03_20	    2040	      85	       2	       0
2021_03_21	    2042	      85	       2	       0
2021_03_22	    2043	      85	       1	       0
2021_03_23	    2045	      85	       2	       0
2021_03_24	    2046	      85	       1	       0
2021_03_25	    2048	      85	       2	       0
2021_03_26	    2049	      85	       1	       0
2021_03_27	    2051	      85	       2	       0
2021_03_28	    2053	      85	       2	       0
2021_03_29	    2054	      85	       1	       0
2021_03_30	    2055	      85	       1	       0
2021_03_31	    2056	      85	       1	       0
2021_04_01	    2057	      85	       1	       0
2021_04_02	    2058	      85	       1	       0
2021_04_03	    2059	      85	       1	       0
2021_04_04	    2061	      85	       2	       0
2021_04_05	    2061	      85	       0	       0
2021_04_06	    2062	      85	       1	       0
2021_04_07	    2063	      85	       1	       0
2021_04_08	    2063	      85	       0	       0
2021_04_09	    2064	      85	       1	       0
2021_04_10	    2065	      85	       1	       0
2021_04_11	    2066	      85	       1	       0
2021_04_12	    2066	      85	       0	       0
2021_04_13	    2067	      85	       1	       0
2021_04_14	    2068	      85	       1	       0
2021_04_15	    2068	      85	       0	       0
2021_04_16	    2069	      85	       1	       0
2021_04_17	    2070	      85	       1	       0
2021_04_18	    2071	      85	       1	       0
2021_04_19	    2073	      85	       2	       0
2021_04_20	    2075	      85	       2	       0
2021_04_21	    2077	      85	       2	       0
2021_04_22	    2079	      85	       2	       0
2021_04_23	    2081	      85	       2	       0
2021_04_24	    2083	      85	       2	       0
2021_04_25	    2086	      85	       3	       0
2021_04_26	    2087	      85	       1	       0
2021_04_27	    2089	      85	       2	       0
2021_04_28	    2091	      85	       2	       0
2021_04_29	    2093	      85	       2	       0
2021_04_30	    2095	      85	       2	       0
2021_05_01	    2097	      85	       2	       0
2021_05_02	    2099	      85	       2	       0
2021_05_03	    2101	      85	       2	       0
2021_05_04	    2103	      85	       2	       0
2021_05_05	    2105	      85	       2	       0
2021_05_06	    2107	      85	       2	       0
2021_05_07	    2109	      85	       2	       0
2021_05_08	    2111	      85	       2	       0
2021_05_09	    2114	      85	       3	       0
2021_05_10	    2116	      85	       2	       0
2021_05_11	    2118	      85	       2	       0
2021_05_12	    2120	      85	       2	       0
2021_05_13	    2122	      85	       2	       0
2021_05_14	    2124	      85	       2	       0
2021_05_15	    2126	      85	       2	       0
2021_05_16	    2128	      85	       2	       0
2021_05_17	    2130	      85	       2	       0
2021_05_18	    2132	      85	       2	       0
2021_05_19	    2134	      85	       2	       0
2021_05_20	    2136	      85	       2	       0
2021_05_21	    2138	      85	       2	       0
2021_05_22	    2140	      85	       2	       0
2021_05_23	    2142	      85	       2	       0
2021_05_24	    2147	      85	       5	       0
2021_05_25	    2152	      85	       5	       0
2021_05_26	    2157	      85	       5	       0
2021_05_27	    2163	      85	       6	       0
2021_05_28	    2168	      85	       5	       0
2021_05_29	    2173	      85	       5	       0
2021_05_30	    2179	      86	       6	       1
2021_05_31	    2189	      86	      10	       0
2021_06_01	    2199	      86	      10	       0
2021_06_02	    2209	      86	      10	       0
2021_06_03	    2220	      86	      11	       0
2021_06_04	    2230	      86	      10	       0
2021_06_05	    2240	      86	      10	       0
2021_06_06	    2251	      86	      11	       0
2021_06_07	    2284	      87	      33	       1
2021_06_08	    2317	      88	      33	       1
2021_06_09	    2350	      89	      33	       1
2021_06_10	    2384	      90	      34	       1
2021_06_11	    2417	      91	      33	       1
2021_06_12	    2450	      92	      33	       1
2021_06_13	    2484	      93	      34	       1
