#
# COVID-19 Country file (official WHO count)
# Country = Libya
# Latitude = 33.0
# Population = 6662.173
# Territory = 1759540.0
# LEB = 72.9
# DPA = 35000
# DPA65 = 18550
# GDP = 5401.0
# GDP_PPP = 13337.0
# COVID-19 Mortality = 474.0
# First_Case = 2020_03_25
# Last_Case = 2021_06_13
# First_Death = 2020_04_03
# Last_Death = 2021_06_13
# Status as of 2021_06_13 = Community transmission
# Vaccine type = Unknown
# Vaccine start = NA
#
Date	Conf_Cases	Conf_Deaths	Daily_Cases	Daily_Deaths
2020_03_25	       1	       0	       1	       0
2020_03_26	       1	       0	       0	       0
2020_03_27	       1	       0	       0	       0
2020_03_28	       1	       0	       0	       0
2020_03_29	       3	       0	       2	       0
2020_03_30	       8	       0	       5	       0
2020_03_31	       8	       0	       0	       0
2020_04_01	      10	       0	       2	       0
2020_04_02	      10	       0	       0	       0
2020_04_03	      10	       1	       0	       1
2020_04_04	      17	       1	       7	       0
2020_04_05	      17	       1	       0	       0
2020_04_06	      18	       1	       1	       0
2020_04_07	      18	       1	       0	       0
2020_04_08	      20	       1	       2	       0
2020_04_09	      21	       1	       1	       0
2020_04_10	      24	       1	       3	       0
2020_04_11	      24	       1	       0	       0
2020_04_12	      25	       1	       1	       0
2020_04_13	      25	       1	       0	       0
2020_04_14	      26	       1	       1	       0
2020_04_15	      35	       1	       9	       0
2020_04_16	      48	       1	      13	       0
2020_04_17	      49	       1	       1	       0
2020_04_18	      49	       1	       0	       0
2020_04_19	      49	       1	       0	       0
2020_04_20	      51	       1	       2	       0
2020_04_21	      51	       1	       0	       0
2020_04_22	      59	       1	       8	       0
2020_04_23	      60	       1	       1	       0
2020_04_24	      60	       2	       0	       1
2020_04_25	      61	       2	       1	       0
2020_04_26	      61	       2	       0	       0
2020_04_27	      61	       2	       0	       0
2020_04_28	      61	       2	       0	       0
2020_04_29	      61	       2	       0	       0
2020_04_30	      61	       2	       0	       0
2020_05_01	      61	       3	       0	       1
2020_05_02	      63	       3	       2	       0
2020_05_03	      63	       3	       0	       0
2020_05_04	      63	       3	       0	       0
2020_05_05	      63	       3	       0	       0
2020_05_06	      63	       3	       0	       0
2020_05_07	      64	       3	       1	       0
2020_05_08	      64	       3	       0	       0
2020_05_09	      64	       3	       0	       0
2020_05_10	      64	       3	       0	       0
2020_05_11	      64	       3	       0	       0
2020_05_12	      64	       3	       0	       0
2020_05_13	      64	       3	       0	       0
2020_05_14	      64	       3	       0	       0
2020_05_15	      64	       3	       0	       0
2020_05_16	      64	       3	       0	       0
2020_05_17	      65	       3	       1	       0
2020_05_18	      65	       3	       0	       0
2020_05_19	      65	       3	       0	       0
2020_05_20	      68	       3	       3	       0
2020_05_21	      69	       3	       1	       0
2020_05_22	      71	       3	       2	       0
2020_05_23	      72	       3	       1	       0
2020_05_24	      75	       3	       3	       0
2020_05_25	      75	       3	       0	       0
2020_05_26	      75	       3	       0	       0
2020_05_27	      77	       3	       2	       0
2020_05_28	      99	       4	      22	       1
2020_05_29	     105	       5	       6	       1
2020_05_30	     118	       5	      13	       0
2020_05_31	     130	       5	      12	       0
2020_06_01	     156	       5	      26	       0
2020_06_02	     168	       5	      12	       0
2020_06_03	     182	       5	      14	       0
2020_06_04	     196	       5	      14	       0
2020_06_05	     196	       5	       0	       0
2020_06_06	     239	       5	      43	       0
2020_06_07	     256	       5	      17	       0
2020_06_08	     256	       5	       0	       0
2020_06_09	     332	       5	      76	       0
2020_06_10	     332	       5	       0	       0
2020_06_11	     378	       5	      46	       0
2020_06_12	     393	       5	      15	       0
2020_06_13	     409	       6	      16	       1
2020_06_14	     418	       8	       9	       2
2020_06_15	     418	       8	       0	       0
2020_06_16	     467	      10	      49	       2
2020_06_17	     467	      10	       0	       0
2020_06_18	     482	      10	      15	       0
2020_06_19	     510	      10	      28	       0
2020_06_20	     520	      10	      10	       0
2020_06_21	     544	      10	      24	       0
2020_06_22	     571	      10	      27	       0
2020_06_23	     571	      10	       0	       0
2020_06_24	     639	      17	      68	       7
2020_06_25	     639	      18	       0	       1
2020_06_26	     698	      18	      59	       0
2020_06_27	     713	      18	      15	       0
2020_06_28	     727	      18	      14	       0
2020_06_29	     762	      21	      35	       3
2020_06_30	     762	      21	       0	       0
2020_07_01	     824	      24	      62	       3
2020_07_02	     824	      24	       0	       0
2020_07_03	     891	      26	      67	       2
2020_07_04	     918	      27	      27	       1
2020_07_05	     918	      27	       0	       0
2020_07_06	     989	      27	      71	       0
2020_07_07	    1046	      32	      57	       5
2020_07_08	    1182	      35	     136	       3
2020_07_09	    1182	      35	       0	       0
2020_07_10	    1342	      38	     160	       3
2020_07_11	    1342	      38	       0	       0
2020_07_12	    1389	      38	      47	       0
2020_07_13	    1433	      39	      44	       1
2020_07_14	    1512	      40	      79	       1
2020_07_15	    1563	      42	      51	       2
2020_07_16	    1589	      43	      26	       1
2020_07_17	    1652	      46	      63	       3
2020_07_18	    1704	      47	      52	       1
2020_07_19	    1791	      48	      87	       1
2020_07_20	    1866	      48	      75	       0
2020_07_21	    1980	      49	     114	       1
2020_07_22	    2088	      50	     108	       1
2020_07_23	    2176	      53	      88	       3
2020_07_24	    2314	      56	     138	       3
2020_07_25	    2425	      57	     111	       1
2020_07_26	    2425	      57	       0	       0
2020_07_27	    2669	      60	     244	       3
2020_07_28	    2827	      64	     158	       4
2020_07_29	    3017	      67	     190	       3
2020_07_30	    3017	      67	       0	       0
2020_07_31	    3222	      71	     205	       4
2020_08_01	    3621	      74	     399	       3
2020_08_02	    3691	      80	      70	       6
2020_08_03	    3837	      83	     146	       3
2020_08_04	    4063	      93	     226	      10
2020_08_05	    4224	      96	     161	       3
2020_08_06	    4475	      99	     251	       3
2020_08_07	    4879	     107	     404	       8
2020_08_08	    5078	     108	     199	       1
2020_08_09	    5078	     108	       0	       0
2020_08_10	    5232	     113	     154	       5
2020_08_11	    5929	     125	     697	      12
2020_08_12	    5941	     134	      12	       9
2020_08_13	    6611	     132	     670	      -2
2020_08_14	    7050	     135	     439	       3
2020_08_15	    7327	     139	     277	       4
2020_08_16	    7327	     139	       0	       0
2020_08_17	    7771	     146	     444	       7
2020_08_18	    8215	     153	     444	       7
2020_08_19	    8659	     160	     444	       7
2020_08_20	    9104	     167	     445	       7
2020_08_21	    9548	     174	     444	       7
2020_08_22	    9992	     181	     444	       7
2020_08_23	   10437	     188	     445	       7
2020_08_24	   10797	     194	     360	       6
2020_08_25	   11157	     200	     360	       6
2020_08_26	   11517	     206	     360	       6
2020_08_27	   11877	     212	     360	       6
2020_08_28	   12237	     218	     360	       6
2020_08_29	   12597	     224	     360	       6
2020_08_30	   12958	     231	     361	       7
2020_08_31	   13548	     236	     590	       5
2020_09_01	   14139	     242	     591	       6
2020_09_02	   14730	     248	     591	       6
2020_09_03	   15321	     254	     591	       6
2020_09_04	   15912	     260	     591	       6
2020_09_05	   16503	     266	     591	       6
2020_09_06	   17094	     272	     591	       6
2020_09_07	   17844	     283	     750	      11
2020_09_08	   18595	     295	     751	      12
2020_09_09	   19345	     307	     750	      12
2020_09_10	   20096	     318	     751	      11
2020_09_11	   20846	     330	     750	      12
2020_09_12	   21597	     342	     751	      12
2020_09_13	   22348	     354	     751	      12
2020_09_14	   23046	     364	     698	      10
2020_09_15	   23744	     374	     698	      10
2020_09_16	   24442	     384	     698	      10
2020_09_17	   25140	     395	     698	      11
2020_09_18	   25838	     405	     698	      10
2020_09_19	   26536	     415	     698	      10
2020_09_20	   27234	     426	     698	      11
2020_09_21	   27890	     436	     656	      10
2020_09_22	   28546	     446	     656	      10
2020_09_23	   29202	     457	     656	      11
2020_09_24	   29859	     467	     657	      10
2020_09_25	   30515	     478	     656	      11
2020_09_26	   31171	     488	     656	      10
2020_09_27	   31828	     499	     657	      11
2020_09_28	   32436	     510	     608	      11
2020_09_29	   33044	     521	     608	      11
2020_09_30	   33653	     532	     609	      11
2020_10_01	   34261	     544	     608	      12
2020_10_02	   34870	     555	     609	      11
2020_10_03	   35478	     566	     608	      11
2020_10_04	   36087	     578	     609	      12
2020_10_05	   36886	     584	     799	       6
2020_10_06	   37686	     590	     800	       6
2020_10_07	   38486	     597	     800	       7
2020_10_08	   39286	     603	     800	       6
2020_10_09	   40086	     610	     800	       7
2020_10_10	   40886	     616	     800	       6
2020_10_11	   41686	     623	     800	       7
2020_10_12	   42866	     638	    1180	      15
2020_10_13	   44046	     654	    1180	      16
2020_10_14	   45227	     669	    1181	      15
2020_10_15	   46407	     685	    1180	      16
2020_10_16	   47588	     700	    1181	      15
2020_10_17	   48768	     716	    1180	      16
2020_10_18	   49949	     732	    1181	      16
2020_10_19	   50988	     741	    1039	       9
2020_10_20	   52027	     751	    1039	      10
2020_10_21	   53066	     761	    1039	      10
2020_10_22	   54105	     771	    1039	      10
2020_10_23	   55144	     781	    1039	      10
2020_10_24	   56183	     791	    1039	      10
2020_10_25	   57223	     801	    1040	      10
2020_10_26	   57776	     809	     553	       8
2020_10_27	   58329	     817	     553	       8
2020_10_28	   58882	     825	     553	       8
2020_10_29	   59435	     833	     553	       8
2020_10_30	   59988	     841	     553	       8
2020_10_31	   60541	     849	     553	       8
2020_11_01	   61095	     857	     554	       8
2020_11_02	   61944	     866	     849	       9
2020_11_03	   62793	     875	     849	       9
2020_11_04	   63642	     884	     849	       9
2020_11_05	   64491	     893	     849	       9
2020_11_06	   65340	     902	     849	       9
2020_11_07	   66189	     911	     849	       9
2020_11_08	   67039	     920	     850	       9
2020_11_09	   67837	     930	     798	      10
2020_11_10	   68635	     941	     798	      11
2020_11_11	   69434	     952	     799	      11
2020_11_12	   70232	     962	     798	      10
2020_11_13	   71031	     973	     799	      11
2020_11_14	   71829	     984	     798	      11
2020_11_15	   72628	     995	     799	      11
2020_11_16	   73225	    1005	     597	      10
2020_11_17	   73822	    1015	     597	      10
2020_11_18	   74419	    1026	     597	      11
2020_11_19	   75016	    1036	     597	      10
2020_11_20	   75613	    1047	     597	      11
2020_11_21	   76210	    1057	     597	      10
2020_11_22	   76808	    1068	     598	      11
2020_11_23	   77445	    1080	     637	      12
2020_11_24	   78083	    1092	     638	      12
2020_11_25	   78721	    1104	     638	      12
2020_11_26	   79359	    1116	     638	      12
2020_11_27	   79997	    1128	     638	      12
2020_11_28	   80635	    1140	     638	      12
2020_11_29	   81273	    1153	     638	      13
2020_11_30	   81881	    1162	     608	       9
2020_12_01	   82489	    1171	     608	       9
2020_12_02	   83097	    1181	     608	      10
2020_12_03	   83705	    1190	     608	       9
2020_12_04	   84313	    1200	     608	      10
2020_12_05	   84921	    1209	     608	       9
2020_12_06	   85529	    1219	     608	      10
2020_12_07	   86150	    1227	     621	       8
2020_12_08	   86772	    1235	     622	       8
2020_12_09	   87393	    1244	     621	       9
2020_12_10	   88015	    1252	     622	       8
2020_12_11	   88636	    1261	     621	       9
2020_12_12	   89258	    1269	     622	       8
2020_12_13	   89880	    1278	     622	       9
2020_12_14	   90436	    1287	     556	       9
2020_12_15	   90992	    1297	     556	      10
2020_12_16	   91548	    1307	     556	      10
2020_12_17	   92104	    1316	     556	       9
2020_12_18	   92660	    1326	     556	      10
2020_12_19	   93216	    1336	     556	      10
2020_12_20	   93772	    1346	     556	      10
2020_12_21	   94326	    1355	     554	       9
2020_12_22	   94880	    1365	     554	      10
2020_12_23	   95435	    1375	     555	      10
2020_12_24	   95989	    1385	     554	      10
2020_12_25	   96544	    1395	     555	      10
2020_12_26	   97098	    1405	     554	      10
2020_12_27	   97653	    1415	     555	      10
2020_12_28	   98094	    1425	     441	      10
2020_12_29	   98536	    1435	     442	      10
2020_12_30	   98977	    1445	     441	      10
2020_12_31	   99419	    1456	     442	      11
2021_01_01	   99860	    1466	     441	      10
2021_01_02	  100302	    1476	     442	      10
2021_01_03	  100744	    1487	     442	      11
2021_01_04	  101209	    1498	     465	      11
2021_01_05	  101674	    1510	     465	      12
2021_01_06	  102140	    1521	     466	      11
2021_01_07	  102605	    1533	     465	      12
2021_01_08	  103071	    1544	     466	      11
2021_01_09	  103536	    1556	     465	      12
2021_01_10	  104002	    1568	     466	      12
2021_01_11	  104575	    1579	     573	      11
2021_01_12	  105149	    1591	     574	      12
2021_01_13	  105722	    1603	     573	      12
2021_01_14	  106296	    1615	     574	      12
2021_01_15	  106869	    1627	     573	      12
2021_01_16	  107443	    1639	     574	      12
2021_01_17	  108017	    1651	     574	      12
2021_01_18	  108663	    1663	     646	      12
2021_01_19	  109309	    1675	     646	      12
2021_01_20	  109955	    1687	     646	      12
2021_01_21	  110601	    1700	     646	      13
2021_01_22	  111247	    1712	     646	      12
2021_01_23	  111893	    1724	     646	      12
2021_01_24	  112540	    1737	     647	      13
2021_01_25	  113270	    1752	     730	      15
2021_01_26	  114000	    1767	     730	      15
2021_01_27	  114730	    1782	     730	      15
2021_01_28	  115460	    1797	     730	      15
2021_01_29	  116190	    1812	     730	      15
2021_01_30	  116920	    1827	     730	      15
2021_01_31	  117650	    1842	     730	      15
2021_02_01	  118399	    1855	     749	      13
2021_02_02	  119148	    1868	     749	      13
2021_02_03	  119897	    1882	     749	      14
2021_02_04	  120646	    1895	     749	      13
2021_02_05	  121395	    1909	     749	      14
2021_02_06	  122144	    1922	     749	      13
2021_02_07	  122894	    1936	     750	      14
2021_02_08	  123463	    1947	     569	      11
2021_02_09	  124033	    1958	     570	      11
2021_02_10	  124602	    1969	     569	      11
2021_02_11	  125172	    1980	     570	      11
2021_02_12	  125741	    1991	     569	      11
2021_02_13	  126311	    2002	     570	      11
2021_02_14	  126881	    2014	     570	      12
2021_02_15	  127230	    2024	     349	      10
2021_02_16	  127579	    2035	     349	      11
2021_02_17	  127928	    2045	     349	      10
2021_02_18	  128277	    2056	     349	      11
2021_02_19	  128626	    2066	     349	      10
2021_02_20	  128975	    2077	     349	      11
2021_02_21	  129325	    2088	     350	      11
2021_02_22	  129772	    2100	     447	      12
2021_02_23	  130220	    2112	     448	      12
2021_02_24	  130667	    2124	     447	      12
2021_02_25	  131115	    2137	     448	      13
2021_02_26	  131562	    2149	     447	      12
2021_02_27	  132010	    2161	     448	      12
2021_02_28	  132458	    2174	     448	      13
2021_03_01	  133175	    2182	     717	       8
2021_03_02	  133893	    2191	     718	       9
2021_03_03	  134611	    2200	     718	       9
2021_03_04	  135328	    2209	     717	       9
2021_03_05	  136046	    2218	     718	       9
2021_03_06	  136764	    2227	     718	       9
2021_03_07	  137482	    2236	     718	       9
2021_03_08	  138362	    2252	     880	      16
2021_03_09	  139242	    2268	     880	      16
2021_03_10	  140122	    2284	     880	      16
2021_03_11	  141002	    2300	     880	      16
2021_03_12	  141882	    2316	     880	      16
2021_03_13	  142762	    2332	     880	      16
2021_03_14	  143643	    2348	     881	      16
2021_03_15	  144599	    2367	     956	      19
2021_03_16	  145556	    2387	     957	      20
2021_03_17	  146513	    2407	     957	      20
2021_03_18	  147470	    2427	     957	      20
2021_03_19	  148427	    2447	     957	      20
2021_03_20	  149384	    2467	     957	      20
2021_03_21	  150341	    2487	     957	      20
2021_03_22	  151166	    2503	     825	      16
2021_03_23	  151991	    2519	     825	      16
2021_03_24	  152816	    2536	     825	      17
2021_03_25	  153641	    2552	     825	      16
2021_03_26	  154466	    2569	     825	      17
2021_03_27	  155291	    2585	     825	      16
2021_03_28	  156116	    2602	     825	      17
2021_03_29	  156826	    2613	     710	      11
2021_03_30	  157536	    2625	     710	      12
2021_03_31	  158246	    2637	     710	      12
2021_04_01	  158957	    2648	     711	      11
2021_04_02	  159667	    2660	     710	      12
2021_04_03	  160377	    2672	     710	      12
2021_04_04	  161088	    2684	     711	      12
2021_04_05	  161916	    2701	     828	      17
2021_04_06	  162745	    2719	     829	      18
2021_04_07	  163573	    2736	     828	      17
2021_04_08	  164402	    2754	     829	      18
2021_04_09	  165230	    2771	     828	      17
2021_04_10	  166059	    2789	     829	      18
2021_04_11	  166888	    2807	     829	      18
2021_04_12	  167494	    2817	     606	      10
2021_04_13	  168100	    2828	     606	      11
2021_04_14	  168706	    2839	     606	      11
2021_04_15	  169312	    2849	     606	      10
2021_04_16	  169918	    2860	     606	      11
2021_04_17	  170524	    2871	     606	      11
2021_04_18	  171131	    2882	     607	      11
2021_04_19	  171648	    2891	     517	       9
2021_04_20	  172165	    2900	     517	       9
2021_04_21	  172682	    2909	     517	       9
2021_04_22	  173200	    2919	     518	      10
2021_04_23	  173717	    2928	     517	       9
2021_04_24	  174234	    2937	     517	       9
2021_04_25	  174752	    2947	     518	      10
2021_04_26	  175145	    2958	     393	      11
2021_04_27	  175539	    2970	     394	      12
2021_04_28	  175933	    2982	     394	      12
2021_04_29	  176326	    2993	     393	      11
2021_04_30	  176720	    3005	     394	      12
2021_05_01	  177114	    3017	     394	      12
2021_05_02	  177508	    3029	     394	      12
2021_05_03	  177820	    3033	     312	       4
2021_05_04	  178133	    3038	     313	       5
2021_05_05	  178446	    3043	     313	       5
2021_05_06	  178758	    3048	     312	       5
2021_05_07	  179071	    3053	     313	       5
2021_05_08	  179384	    3058	     313	       5
2021_05_09	  179697	    3063	     313	       5
2021_05_10	  179908	    3066	     211	       3
2021_05_11	  180120	    3069	     212	       3
2021_05_12	  180332	    3072	     212	       3
2021_05_13	  180543	    3075	     211	       3
2021_05_14	  180755	    3078	     212	       3
2021_05_15	  180967	    3081	     212	       3
2021_05_16	  181179	    3085	     212	       4
2021_05_17	  181424	    3087	     245	       2
2021_05_18	  181670	    3090	     246	       3
2021_05_19	  181916	    3093	     246	       3
2021_05_20	  182161	    3096	     245	       3
2021_05_21	  182407	    3099	     246	       3
2021_05_22	  182653	    3102	     246	       3
2021_05_23	  182899	    3105	     246	       3
2021_05_24	  183172	    3106	     273	       1
2021_05_25	  183446	    3108	     274	       2
2021_05_26	  183720	    3109	     274	       1
2021_05_27	  183993	    3111	     273	       2
2021_05_28	  184267	    3112	     274	       1
2021_05_29	  184541	    3114	     274	       2
2021_05_30	  184815	    3116	     274	       2
2021_05_31	  185120	    3119	     305	       3
2021_06_01	  185425	    3122	     305	       3
2021_06_02	  185731	    3125	     306	       3
2021_06_03	  186036	    3128	     305	       3
2021_06_04	  186342	    3131	     306	       3
2021_06_05	  186647	    3134	     305	       3
2021_06_06	  186953	    3137	     306	       3
2021_06_07	  187211	    3140	     258	       3
2021_06_08	  187469	    3143	     258	       3
2021_06_09	  187728	    3146	     259	       3
2021_06_10	  187986	    3149	     258	       3
2021_06_11	  188245	    3152	     259	       3
2021_06_12	  188503	    3155	     258	       3
2021_06_13	  188762	    3158	     259	       3
