#
# COVID-19 Country file (official WHO count)
# Country = Maldives
# Latitude = 4.0
# Population = 458.909
# Territory = 300.0
# LEB = 78.9
# DPA = 1000
# DPA65 = 650
# GDP = 12348.0
# GDP_PPP = 19768.0
# COVID-19 Mortality = 429.3
# First_Case = 2020_03_08
# Last_Case = 2021_06_13
# First_Death = 2020_05_02
# Last_Death = 2021_06_13
# Status as of 2021_06_13 = Clusters of cases
# Vaccine type = Oxford/AstraZeneca
# Vaccine start = NA
#
Date	Conf_Cases	Conf_Deaths	Daily_Cases	Daily_Deaths
2020_03_08	       2	       0	       2	       0
2020_03_09	       4	       0	       2	       0
2020_03_10	       4	       0	       0	       0
2020_03_11	       8	       0	       4	       0
2020_03_12	       8	       0	       0	       0
2020_03_13	       8	       0	       0	       0
2020_03_14	       9	       0	       1	       0
2020_03_15	      10	       0	       1	       0
2020_03_16	      13	       0	       3	       0
2020_03_17	      13	       0	       0	       0
2020_03_18	      13	       0	       0	       0
2020_03_19	      13	       0	       0	       0
2020_03_20	      13	       0	       0	       0
2020_03_21	      13	       0	       0	       0
2020_03_22	      13	       0	       0	       0
2020_03_23	      13	       0	       0	       0
2020_03_24	      13	       0	       0	       0
2020_03_25	      13	       0	       0	       0
2020_03_26	      13	       0	       0	       0
2020_03_27	      13	       0	       0	       0
2020_03_28	      13	       0	       0	       0
2020_03_29	      16	       0	       3	       0
2020_03_30	      17	       0	       1	       0
2020_03_31	      17	       0	       0	       0
2020_04_01	      18	       0	       1	       0
2020_04_02	      18	       0	       0	       0
2020_04_03	      19	       0	       1	       0
2020_04_04	      19	       0	       0	       0
2020_04_05	      19	       0	       0	       0
2020_04_06	      19	       0	       0	       0
2020_04_07	      19	       0	       0	       0
2020_04_08	      19	       0	       0	       0
2020_04_09	      19	       0	       0	       0
2020_04_10	      19	       0	       0	       0
2020_04_11	      19	       0	       0	       0
2020_04_12	      19	       0	       0	       0
2020_04_13	      20	       0	       1	       0
2020_04_14	      20	       0	       0	       0
2020_04_15	      20	       0	       0	       0
2020_04_16	      21	       0	       1	       0
2020_04_17	      23	       0	       2	       0
2020_04_18	      28	       0	       5	       0
2020_04_19	      34	       0	       6	       0
2020_04_20	      51	       0	      17	       0
2020_04_21	      67	       0	      16	       0
2020_04_22	      83	       0	      16	       0
2020_04_23	      85	       0	       2	       0
2020_04_24	      94	       0	       9	       0
2020_04_25	     116	       0	      22	       0
2020_04_26	     137	       0	      21	       0
2020_04_27	     188	       0	      51	       0
2020_04_28	     214	       0	      26	       0
2020_04_29	     245	       0	      31	       0
2020_04_30	     256	       0	      11	       0
2020_05_01	     396	       0	     140	       0
2020_05_02	     468	       1	      72	       1
2020_05_03	     519	       1	      51	       0
2020_05_04	     527	       1	       8	       0
2020_05_05	     545	       1	      18	       0
2020_05_06	     573	       2	      28	       1
2020_05_07	     618	       2	      45	       0
2020_05_08	     648	       3	      30	       1
2020_05_09	     744	       3	      96	       0
2020_05_10	     785	       3	      41	       0
2020_05_11	     835	       3	      50	       0
2020_05_12	     897	       3	      62	       0
2020_05_13	     904	       3	       7	       0
2020_05_14	     955	       4	      51	       1
2020_05_15	     982	       4	      27	       0
2020_05_16	    1031	       4	      49	       0
2020_05_17	    1078	       4	      47	       0
2020_05_18	    1094	       4	      16	       0
2020_05_19	    1106	       4	      12	       0
2020_05_20	    1143	       4	      37	       0
2020_05_21	    1186	       4	      43	       0
2020_05_22	    1216	       4	      30	       0
2020_05_23	    1274	       4	      58	       0
2020_05_24	    1313	       4	      39	       0
2020_05_25	    1371	       4	      58	       0
2020_05_26	    1395	       4	      24	       0
2020_05_27	    1438	       5	      43	       1
2020_05_28	    1457	       5	      19	       0
2020_05_29	    1513	       5	      56	       0
2020_05_30	    1591	       5	      78	       0
2020_05_31	    1672	       5	      81	       0
2020_06_01	    1773	       5	     101	       0
2020_06_02	    1829	       6	      56	       1
2020_06_03	    1841	       7	      12	       1
2020_06_04	    1850	       7	       9	       0
2020_06_05	    1872	       7	      22	       0
2020_06_06	    1883	       7	      11	       0
2020_06_07	    1901	       8	      18	       1
2020_06_08	    1903	       8	       2	       0
2020_06_09	    1916	       8	      13	       0
2020_06_10	    1942	       8	      26	       0
2020_06_11	    1962	       8	      20	       0
2020_06_12	    1976	       8	      14	       0
2020_06_13	    2003	       8	      27	       0
2020_06_14	    2013	       8	      10	       0
2020_06_15	    2035	       8	      22	       0
2020_06_16	    2065	       8	      30	       0
2020_06_17	    2094	       8	      29	       0
2020_06_18	    2120	       8	      26	       0
2020_06_19	    2137	       8	      17	       0
2020_06_20	    2150	       8	      13	       0
2020_06_21	    2187	       8	      37	       0
2020_06_22	    2203	       8	      16	       0
2020_06_23	    2217	       8	      14	       0
2020_06_24	    2238	       8	      21	       0
2020_06_25	    2260	       8	      22	       0
2020_06_26	    2277	       8	      17	       0
2020_06_27	    2283	       8	       6	       0
2020_06_28	    2305	       8	      22	       0
2020_06_29	    2324	       8	      19	       0
2020_06_30	    2337	       8	      13	       0
2020_07_01	    2361	       8	      24	       0
2020_07_02	    2382	       8	      21	       0
2020_07_03	    2400	       8	      18	       0
2020_07_04	    2410	       8	      10	       0
2020_07_05	    2435	      10	      25	       2
2020_07_06	    2468	      11	      33	       1
2020_07_07	    2491	      12	      23	       1
2020_07_08	    2501	      12	      10	       0
2020_07_09	    2517	      13	      16	       1
2020_07_10	    2553	      13	      36	       0
2020_07_11	    2617	      13	      64	       0
2020_07_12	    2664	      13	      47	       0
2020_07_13	    2731	      13	      67	       0
2020_07_14	    2762	      13	      31	       0
2020_07_15	    2801	      14	      39	       1
2020_07_16	    2831	      14	      30	       0
2020_07_17	    2899	      15	      68	       1
2020_07_18	    2913	      15	      14	       0
2020_07_19	    2930	      15	      17	       0
2020_07_20	    2966	      15	      36	       0
2020_07_21	    2999	      15	      33	       0
2020_07_22	    3044	      15	      45	       0
2020_07_23	    3103	      15	      59	       0
2020_07_24	    3120	      15	      17	       0
2020_07_25	    3175	      15	      55	       0
2020_07_26	    3175	      15	       0	       0
2020_07_27	    3302	      15	     127	       0
2020_07_28	    3369	      15	      67	       0
2020_07_29	    3506	      15	     137	       0
2020_07_30	    3567	      15	      61	       0
2020_07_31	    3719	      16	     152	       1
2020_08_01	    3793	      16	      74	       0
2020_08_02	    3949	      17	     156	       1
2020_08_03	    4164	      18	     215	       1
2020_08_04	    4293	      18	     129	       0
2020_08_05	    4446	      19	     153	       1
2020_08_06	    4594	      19	     148	       0
2020_08_07	    4680	      19	      86	       0
2020_08_08	    4769	      19	      89	       0
2020_08_09	    4898	      19	     129	       0
2020_08_10	    5041	      19	     143	       0
2020_08_11	    5157	      19	     116	       0
2020_08_12	    5223	      20	      66	       1
2020_08_13	    5366	      21	     143	       1
2020_08_14	    5494	      21	     128	       0
2020_08_15	    5572	      22	      78	       1
2020_08_16	    5679	      22	     107	       0
2020_08_17	    5819	      22	     140	       0
2020_08_18	    5959	      23	     140	       1
2020_08_19	    6099	      23	     140	       0
2020_08_20	    6239	      24	     140	       1
2020_08_21	    6379	      24	     140	       0
2020_08_22	    6519	      25	     140	       1
2020_08_23	    6660	      26	     141	       1
2020_08_24	    6791	      26	     131	       0
2020_08_25	    6922	      26	     131	       0
2020_08_26	    7053	      26	     131	       0
2020_08_27	    7184	      27	     131	       1
2020_08_28	    7315	      27	     131	       0
2020_08_29	    7446	      27	     131	       0
2020_08_30	    7578	      28	     132	       1
2020_08_31	    7707	      28	     129	       0
2020_09_01	    7837	      28	     130	       0
2020_09_02	    7967	      28	     130	       0
2020_09_03	    8096	      28	     129	       0
2020_09_04	    8226	      28	     130	       0
2020_09_05	    8356	      28	     130	       0
2020_09_06	    8486	      29	     130	       1
2020_09_07	    8566	      29	      80	       0
2020_09_08	    8647	      29	      81	       0
2020_09_09	    8728	      29	      81	       0
2020_09_10	    8809	      30	      81	       1
2020_09_11	    8890	      30	      81	       0
2020_09_12	    8971	      30	      81	       0
2020_09_13	    9052	      31	      81	       1
2020_09_14	    9137	      31	      85	       0
2020_09_15	    9222	      31	      85	       0
2020_09_16	    9307	      31	      85	       0
2020_09_17	    9393	      32	      86	       1
2020_09_18	    9478	      32	      85	       0
2020_09_19	    9563	      32	      85	       0
2020_09_20	    9649	      33	      86	       1
2020_09_21	    9705	      33	      56	       0
2020_09_22	    9762	      33	      57	       0
2020_09_23	    9818	      33	      56	       0
2020_09_24	    9875	      33	      57	       0
2020_09_25	    9931	      33	      56	       0
2020_09_26	    9988	      33	      57	       0
2020_09_27	   10045	      34	      57	       1
2020_09_28	   10105	      34	      60	       0
2020_09_29	   10165	      34	      60	       0
2020_09_30	   10225	      34	      60	       0
2020_10_01	   10285	      34	      60	       0
2020_10_02	   10345	      34	      60	       0
2020_10_03	   10405	      34	      60	       0
2020_10_04	   10465	      34	      60	       0
2020_10_05	   10521	      34	      56	       0
2020_10_06	   10577	      34	      56	       0
2020_10_07	   10633	      34	      56	       0
2020_10_08	   10690	      34	      57	       0
2020_10_09	   10746	      34	      56	       0
2020_10_10	   10802	      34	      56	       0
2020_10_11	   10859	      34	      57	       0
2020_10_12	   10912	      34	      53	       0
2020_10_13	   10965	      34	      53	       0
2020_10_14	   11018	      35	      53	       1
2020_10_15	   11072	      35	      54	       0
2020_10_16	   11125	      36	      53	       1
2020_10_17	   11178	      36	      53	       0
2020_10_18	   11232	      37	      54	       1
2020_10_19	   11274	      37	      42	       0
2020_10_20	   11317	      37	      43	       0
2020_10_21	   11360	      37	      43	       0
2020_10_22	   11403	      37	      43	       0
2020_10_23	   11446	      37	      43	       0
2020_10_24	   11489	      37	      43	       0
2020_10_25	   11532	      37	      43	       0
2020_10_26	   11550	      37	      18	       0
2020_10_27	   11568	      37	      18	       0
2020_10_28	   11586	      37	      18	       0
2020_10_29	   11604	      37	      18	       0
2020_10_30	   11622	      37	      18	       0
2020_10_31	   11640	      37	      18	       0
2020_11_01	   11659	      38	      19	       1
2020_11_02	   11702	      38	      43	       0
2020_11_03	   11745	      38	      43	       0
2020_11_04	   11788	      38	      43	       0
2020_11_05	   11832	      38	      44	       0
2020_11_06	   11875	      38	      43	       0
2020_11_07	   11918	      38	      43	       0
2020_11_08	   11962	      39	      44	       1
2020_11_09	   11989	      39	      27	       0
2020_11_10	   12016	      39	      27	       0
2020_11_11	   12044	      40	      28	       1
2020_11_12	   12071	      40	      27	       0
2020_11_13	   12099	      41	      28	       1
2020_11_14	   12126	      41	      27	       0
2020_11_15	   12154	      42	      28	       1
2020_11_16	   12214	      42	      60	       0
2020_11_17	   12275	      42	      61	       0
2020_11_18	   12335	      43	      60	       1
2020_11_19	   12396	      43	      61	       0
2020_11_20	   12456	      44	      60	       1
2020_11_21	   12517	      44	      61	       0
2020_11_22	   12578	      45	      61	       1
2020_11_23	   12630	      45	      52	       0
2020_11_24	   12683	      45	      53	       0
2020_11_25	   12736	      45	      53	       0
2020_11_26	   12788	      45	      52	       0
2020_11_27	   12841	      45	      53	       0
2020_11_28	   12894	      45	      53	       0
2020_11_29	   12947	      46	      53	       1
2020_11_30	   12977	      46	      30	       0
2020_12_01	   13007	      46	      30	       0
2020_12_02	   13037	      46	      30	       0
2020_12_03	   13068	      46	      31	       0
2020_12_04	   13098	      46	      30	       0
2020_12_05	   13128	      46	      30	       0
2020_12_06	   13159	      47	      31	       1
2020_12_07	   13186	      47	      27	       0
2020_12_08	   13213	      47	      27	       0
2020_12_09	   13240	      47	      27	       0
2020_12_10	   13267	      47	      27	       0
2020_12_11	   13294	      47	      27	       0
2020_12_12	   13321	      47	      27	       0
2020_12_13	   13348	      48	      27	       1
2020_12_14	   13366	      48	      18	       0
2020_12_15	   13384	      48	      18	       0
2020_12_16	   13402	      48	      18	       0
2020_12_17	   13420	      48	      18	       0
2020_12_18	   13438	      48	      18	       0
2020_12_19	   13456	      48	      18	       0
2020_12_20	   13474	      48	      18	       0
2020_12_21	   13494	      48	      20	       0
2020_12_22	   13515	      48	      21	       0
2020_12_23	   13535	      48	      20	       0
2020_12_24	   13556	      48	      21	       0
2020_12_25	   13576	      48	      20	       0
2020_12_26	   13597	      48	      21	       0
2020_12_27	   13618	      48	      21	       0
2020_12_28	   13648	      48	      30	       0
2020_12_29	   13679	      48	      31	       0
2020_12_30	   13710	      48	      31	       0
2020_12_31	   13741	      48	      31	       0
2021_01_01	   13772	      48	      31	       0
2021_01_02	   13803	      48	      31	       0
2021_01_03	   13834	      48	      31	       0
2021_01_04	   13867	      48	      33	       0
2021_01_05	   13900	      48	      33	       0
2021_01_06	   13933	      48	      33	       0
2021_01_07	   13966	      48	      33	       0
2021_01_08	   13999	      48	      33	       0
2021_01_09	   14032	      48	      33	       0
2021_01_10	   14065	      49	      33	       1
2021_01_11	   14121	      49	      56	       0
2021_01_12	   14178	      49	      57	       0
2021_01_13	   14235	      49	      57	       0
2021_01_14	   14291	      49	      56	       0
2021_01_15	   14348	      49	      57	       0
2021_01_16	   14405	      49	      57	       0
2021_01_17	   14462	      49	      57	       0
2021_01_18	   14522	      49	      60	       0
2021_01_19	   14582	      49	      60	       0
2021_01_20	   14643	      49	      61	       0
2021_01_21	   14703	      49	      60	       0
2021_01_22	   14764	      49	      61	       0
2021_01_23	   14824	      49	      60	       0
2021_01_24	   14885	      50	      61	       1
2021_01_25	   15006	      50	     121	       0
2021_01_26	   15128	      50	     122	       0
2021_01_27	   15249	      50	     121	       0
2021_01_28	   15371	      50	     122	       0
2021_01_29	   15492	      50	     121	       0
2021_01_30	   15614	      50	     122	       0
2021_01_31	   15736	      51	     122	       1
2021_02_01	   15867	      51	     131	       0
2021_02_02	   15998	      51	     131	       0
2021_02_03	   16130	      52	     132	       1
2021_02_04	   16261	      52	     131	       0
2021_02_05	   16393	      53	     132	       1
2021_02_06	   16524	      53	     131	       0
2021_02_07	   16656	      54	     132	       1
2021_02_08	   16807	      54	     151	       0
2021_02_09	   16958	      54	     151	       0
2021_02_10	   17110	      54	     152	       0
2021_02_11	   17261	      55	     151	       1
2021_02_12	   17413	      55	     152	       0
2021_02_13	   17564	      55	     151	       0
2021_02_14	   17716	      56	     152	       1
2021_02_15	   17844	      56	     128	       0
2021_02_16	   17972	      57	     128	       1
2021_02_17	   18100	      57	     128	       0
2021_02_18	   18228	      58	     128	       1
2021_02_19	   18356	      58	     128	       0
2021_02_20	   18484	      59	     128	       1
2021_02_21	   18612	      60	     128	       1
2021_02_22	   18752	      60	     140	       0
2021_02_23	   18893	      60	     141	       0
2021_02_24	   19034	      60	     141	       0
2021_02_25	   19174	      60	     140	       0
2021_02_26	   19315	      60	     141	       0
2021_02_27	   19456	      60	     141	       0
2021_02_28	   19597	      61	     141	       1
2021_03_01	   19749	      61	     152	       0
2021_03_02	   19901	      61	     152	       0
2021_03_03	   20053	      62	     152	       1
2021_03_04	   20206	      62	     153	       0
2021_03_05	   20358	      63	     152	       1
2021_03_06	   20510	      63	     152	       0
2021_03_07	   20663	      64	     153	       1
2021_03_08	   20779	      64	     116	       0
2021_03_09	   20895	      64	     116	       0
2021_03_10	   21011	      64	     116	       0
2021_03_11	   21127	      64	     116	       0
2021_03_12	   21243	      64	     116	       0
2021_03_13	   21359	      64	     116	       0
2021_03_14	   21476	      64	     117	       0
2021_03_15	   21604	      64	     128	       0
2021_03_16	   21732	      64	     128	       0
2021_03_17	   21860	      64	     128	       0
2021_03_18	   21988	      64	     128	       0
2021_03_19	   22116	      64	     128	       0
2021_03_20	   22244	      64	     128	       0
2021_03_21	   22373	      65	     129	       1
2021_03_22	   22520	      65	     147	       0
2021_03_23	   22667	      65	     147	       0
2021_03_24	   22814	      65	     147	       0
2021_03_25	   22961	      65	     147	       0
2021_03_26	   23108	      65	     147	       0
2021_03_27	   23255	      65	     147	       0
2021_03_28	   23403	      66	     148	       1
2021_03_29	   23581	      66	     178	       0
2021_03_30	   23759	      66	     178	       0
2021_03_31	   23937	      66	     178	       0
2021_04_01	   24116	      66	     179	       0
2021_04_02	   24294	      66	     178	       0
2021_04_03	   24472	      66	     178	       0
2021_04_04	   24651	      67	     179	       1
2021_04_05	   24775	      67	     124	       0
2021_04_06	   24900	      67	     125	       0
2021_04_07	   25025	      67	     125	       0
2021_04_08	   25149	      67	     124	       0
2021_04_09	   25274	      67	     125	       0
2021_04_10	   25399	      67	     125	       0
2021_04_11	   25524	      67	     125	       0
2021_04_12	   25612	      67	      88	       0
2021_04_13	   25701	      67	      89	       0
2021_04_14	   25790	      67	      89	       0
2021_04_15	   25878	      68	      88	       1
2021_04_16	   25967	      68	      89	       0
2021_04_17	   26056	      68	      89	       0
2021_04_18	   26145	      69	      89	       1
2021_04_19	   26355	      69	     210	       0
2021_04_20	   26566	      69	     211	       0
2021_04_21	   26777	      69	     211	       0
2021_04_22	   26988	      70	     211	       1
2021_04_23	   27199	      70	     211	       0
2021_04_24	   27410	      70	     211	       0
2021_04_25	   27621	      71	     211	       1
2021_04_26	   27994	      71	     373	       0
2021_04_27	   28368	      71	     374	       0
2021_04_28	   28742	      71	     374	       0
2021_04_29	   29115	      72	     373	       1
2021_04_30	   29489	      72	     374	       0
2021_05_01	   29863	      72	     374	       0
2021_05_02	   30237	      73	     374	       1
2021_05_03	   30878	      74	     641	       1
2021_05_04	   31519	      75	     641	       1
2021_05_05	   32160	      77	     641	       2
2021_05_06	   32801	      78	     641	       1
2021_05_07	   33442	      80	     641	       2
2021_05_08	   34083	      81	     641	       1
2021_05_09	   34724	      83	     641	       2
2021_05_10	   36018	      84	    1294	       1
2021_05_11	   37312	      86	    1294	       2
2021_05_12	   38606	      88	    1294	       2
2021_05_13	   39900	      90	    1294	       2
2021_05_14	   41194	      92	    1294	       2
2021_05_15	   42488	      94	    1294	       2
2021_05_16	   43782	      96	    1294	       2
2021_05_17	   45293	      99	    1511	       3
2021_05_18	   46805	     103	    1512	       4
2021_05_19	   48317	     107	    1512	       4
2021_05_20	   49829	     111	    1512	       4
2021_05_21	   51341	     115	    1512	       4
2021_05_22	   52853	     119	    1512	       4
2021_05_23	   54365	     123	    1512	       4
2021_05_24	   55585	     128	    1220	       5
2021_05_25	   56805	     133	    1220	       5
2021_05_26	   58025	     138	    1220	       5
2021_05_27	   59245	     143	    1220	       5
2021_05_28	   60465	     148	    1220	       5
2021_05_29	   61685	     153	    1220	       5
2021_05_30	   62906	     158	    1221	       5
2021_05_31	   63567	     161	     661	       3
2021_06_01	   64229	     164	     662	       3
2021_06_02	   64891	     168	     662	       4
2021_06_03	   65552	     171	     661	       3
2021_06_04	   66214	     175	     662	       4
2021_06_05	   66876	     178	     662	       3
2021_06_06	   67538	     182	     662	       4
2021_06_07	   67932	     184	     394	       2
2021_06_08	   68327	     186	     395	       2
2021_06_09	   68722	     188	     395	       2
2021_06_10	   69116	     190	     394	       2
2021_06_11	   69511	     192	     395	       2
2021_06_12	   69906	     194	     395	       2
2021_06_13	   70301	     197	     395	       3
