#
# COVID-19 Country file (official WHO count)
# Country = Mali
# Latitude = 13.0
# Population = 20284.180
# Territory = 1240192.0
# LEB = 59.3
# DPA = 186000
# DPA65 = 35340
# GDP = 882.0
# GDP_PPP = 2362.0
# COVID-19 Mortality = 25.8
# First_Case = 2020_03_26
# Last_Case = 2021_06_13
# First_Death = 2020_04_03
# Last_Death = 2021_06_13
# Status as of 2021_06_13 = Community transmission
# Vaccine type = Unknown
# Vaccine start = NA
#
Date	Conf_Cases	Conf_Deaths	Daily_Cases	Daily_Deaths
2020_03_26	       2	       0	       2	       0
2020_03_27	       2	       0	       0	       0
2020_03_28	       9	       0	       7	       0
2020_03_29	      18	       0	       9	       0
2020_03_30	      18	       0	       0	       0
2020_03_31	      18	       0	       0	       0
2020_04_01	      18	       0	       0	       0
2020_04_02	      28	       0	      10	       0
2020_04_03	      28	       3	       0	       3
2020_04_04	      36	       3	       8	       0
2020_04_05	      39	       4	       3	       1
2020_04_06	      39	       4	       0	       0
2020_04_07	      39	       4	       0	       0
2020_04_08	      47	       5	       8	       1
2020_04_09	      56	       6	       9	       1
2020_04_10	      59	       7	       3	       1
2020_04_11	      74	       7	      15	       0
2020_04_12	      87	       7	      13	       0
2020_04_13	      87	       7	       0	       0
2020_04_14	     116	       9	      29	       2
2020_04_15	     123	      10	       7	       1
2020_04_16	     144	      13	      21	       3
2020_04_17	     171	      13	      27	       0
2020_04_18	     190	      13	      19	       0
2020_04_19	     216	      13	      26	       0
2020_04_20	     224	      14	       8	       1
2020_04_21	     246	      14	      22	       0
2020_04_22	     258	      14	      12	       0
2020_04_23	     293	      17	      35	       3
2020_04_24	     309	      21	      16	       4
2020_04_25	     325	      21	      16	       0
2020_04_26	     370	      21	      45	       0
2020_04_27	     389	      23	      19	       2
2020_04_28	     408	      23	      19	       0
2020_04_29	     424	      24	      16	       1
2020_04_30	     482	      25	      58	       1
2020_05_01	     490	      26	       8	       1
2020_05_02	     508	      26	      18	       0
2020_05_03	     544	      26	      36	       0
2020_05_04	     563	      27	      19	       1
2020_05_05	     580	      29	      17	       2
2020_05_06	     612	      32	      32	       3
2020_05_07	     631	      32	      19	       0
2020_05_08	     650	      32	      19	       0
2020_05_09	     668	      35	      18	       3
2020_05_10	     692	      37	      24	       2
2020_05_11	     704	      38	      12	       1
2020_05_12	     712	      39	       8	       1
2020_05_13	     730	      40	      18	       1
2020_05_14	     758	      44	      28	       4
2020_05_15	     779	      46	      21	       2
2020_05_16	     806	      46	      27	       0
2020_05_17	     835	      48	      29	       2
2020_05_18	     860	      52	      25	       4
2020_05_19	     874	      52	      14	       0
2020_05_20	     901	      53	      27	       1
2020_05_21	     931	      55	      30	       2
2020_05_22	     931	      55	       0	       0
2020_05_23	     969	      62	      38	       7
2020_05_24	    1015	      62	      46	       0
2020_05_25	    1030	      65	      15	       3
2020_05_26	    1059	      67	      29	       2
2020_05_27	    1077	      70	      18	       3
2020_05_28	    1116	      70	      39	       0
2020_05_29	    1194	      72	      78	       2
2020_05_30	    1226	      73	      32	       1
2020_05_31	    1250	      76	      24	       3
2020_06_01	    1265	      77	      15	       1
2020_06_02	    1315	      78	      50	       1
2020_06_03	    1351	      78	      36	       0
2020_06_04	    1386	      79	      35	       1
2020_06_05	    1461	      85	      75	       6
2020_06_06	    1485	      87	      24	       2
2020_06_07	    1523	      90	      38	       3
2020_06_08	    1533	      92	      10	       2
2020_06_09	    1547	      92	      14	       0
2020_06_10	    1586	      94	      39	       2
2020_06_11	    1667	      96	      81	       2
2020_06_12	    1722	      97	      55	       1
2020_06_13	    1752	     101	      30	       4
2020_06_14	    1776	     104	      24	       3
2020_06_15	    1809	     104	      33	       0
2020_06_16	    1860	     104	      51	       0
2020_06_17	    1885	     106	      25	       2
2020_06_18	    1890	     107	       5	       1
2020_06_19	    1906	     107	      16	       0
2020_06_20	    1923	     108	      17	       1
2020_06_21	    1933	     109	      10	       1
2020_06_22	    1961	     111	      28	       2
2020_06_23	    1961	     111	       0	       0
2020_06_24	    1978	     111	      17	       0
2020_06_25	    2005	     113	      27	       2
2020_06_26	    2039	     113	      34	       0
2020_06_27	    2060	     113	      21	       0
2020_06_28	    2060	     113	       0	       0
2020_06_29	    2147	     114	      87	       1
2020_06_30	    2173	     115	      26	       1
2020_07_01	    2181	     116	       8	       1
2020_07_02	    2181	     116	       0	       0
2020_07_03	    2260	     117	      79	       1
2020_07_04	    2285	     117	      25	       0
2020_07_05	    2303	     118	      18	       1
2020_07_06	    2330	     119	      27	       1
2020_07_07	    2331	     119	       1	       0
2020_07_08	    2348	     119	      17	       0
2020_07_09	    2358	     120	      10	       1
2020_07_10	    2370	     120	      12	       0
2020_07_11	    2404	     121	      34	       1
2020_07_12	    2406	     121	       2	       0
2020_07_13	    2411	     121	       5	       0
2020_07_14	    2412	     121	       1	       0
2020_07_15	    2423	     121	      11	       0
2020_07_16	    2433	     121	      10	       0
2020_07_17	    2440	     121	       7	       0
2020_07_18	    2467	     121	      27	       0
2020_07_19	    2472	     121	       5	       0
2020_07_20	    2475	     121	       3	       0
2020_07_21	    2475	     121	       0	       0
2020_07_22	    2477	     122	       2	       1
2020_07_23	    2494	     123	      17	       1
2020_07_24	    2494	     123	       0	       0
2020_07_25	    2503	     123	       9	       0
2020_07_26	    2503	     123	       0	       0
2020_07_27	    2510	     123	       7	       0
2020_07_28	    2513	     124	       3	       1
2020_07_29	    2520	     124	       7	       0
2020_07_30	    2521	     124	       1	       0
2020_07_31	    2522	     124	       1	       0
2020_08_01	    2522	     124	       0	       0
2020_08_02	    2535	     124	      13	       0
2020_08_03	    2535	     124	       0	       0
2020_08_04	    2543	     124	       8	       0
2020_08_05	    2543	     124	       0	       0
2020_08_06	    2546	     124	       3	       0
2020_08_07	    2552	     124	       6	       0
2020_08_08	    2561	     125	       9	       1
2020_08_09	    2565	     125	       4	       0
2020_08_10	    2567	     125	       2	       0
2020_08_11	    2573	     125	       6	       0
2020_08_12	    2577	     125	       4	       0
2020_08_13	    2582	     125	       5	       0
2020_08_14	    2597	     125	      15	       0
2020_08_15	    2605	     125	       8	       0
2020_08_16	    2614	     125	       9	       0
2020_08_17	    2626	     125	      12	       0
2020_08_18	    2638	     125	      12	       0
2020_08_19	    2650	     125	      12	       0
2020_08_20	    2662	     125	      12	       0
2020_08_21	    2674	     125	      12	       0
2020_08_22	    2686	     125	      12	       0
2020_08_23	    2699	     125	      13	       0
2020_08_24	    2707	     125	       8	       0
2020_08_25	    2715	     125	       8	       0
2020_08_26	    2723	     125	       8	       0
2020_08_27	    2732	     125	       9	       0
2020_08_28	    2740	     125	       8	       0
2020_08_29	    2748	     125	       8	       0
2020_08_30	    2757	     126	       9	       1
2020_08_31	    2767	     126	      10	       0
2020_09_01	    2778	     126	      11	       0
2020_09_02	    2789	     126	      11	       0
2020_09_03	    2800	     126	      11	       0
2020_09_04	    2811	     126	      11	       0
2020_09_05	    2822	     126	      11	       0
2020_09_06	    2833	     126	      11	       0
2020_09_07	    2844	     126	      11	       0
2020_09_08	    2856	     126	      12	       0
2020_09_09	    2868	     126	      12	       0
2020_09_10	    2880	     127	      12	       1
2020_09_11	    2892	     127	      12	       0
2020_09_12	    2904	     127	      12	       0
2020_09_13	    2916	     128	      12	       1
2020_09_14	    2928	     128	      12	       0
2020_09_15	    2941	     128	      13	       0
2020_09_16	    2954	     128	      13	       0
2020_09_17	    2967	     128	      13	       0
2020_09_18	    2980	     128	      13	       0
2020_09_19	    2993	     128	      13	       0
2020_09_20	    3006	     128	      13	       0
2020_09_21	    3016	     128	      10	       0
2020_09_22	    3027	     128	      11	       0
2020_09_23	    3037	     128	      10	       0
2020_09_24	    3048	     129	      11	       1
2020_09_25	    3058	     129	      10	       0
2020_09_26	    3069	     129	      11	       0
2020_09_27	    3080	     130	      11	       1
2020_09_28	    3092	     130	      12	       0
2020_09_29	    3105	     130	      13	       0
2020_09_30	    3118	     130	      13	       0
2020_10_01	    3131	     130	      13	       0
2020_10_02	    3144	     130	      13	       0
2020_10_03	    3157	     130	      13	       0
2020_10_04	    3170	     131	      13	       1
2020_10_05	    3184	     131	      14	       0
2020_10_06	    3199	     131	      15	       0
2020_10_07	    3214	     131	      15	       0
2020_10_08	    3228	     131	      14	       0
2020_10_09	    3243	     131	      15	       0
2020_10_10	    3258	     131	      15	       0
2020_10_11	    3273	     132	      15	       1
2020_10_12	    3292	     132	      19	       0
2020_10_13	    3311	     132	      19	       0
2020_10_14	    3330	     132	      19	       0
2020_10_15	    3349	     132	      19	       0
2020_10_16	    3368	     132	      19	       0
2020_10_17	    3387	     132	      19	       0
2020_10_18	    3407	     132	      20	       0
2020_10_19	    3420	     132	      13	       0
2020_10_20	    3433	     132	      13	       0
2020_10_21	    3446	     132	      13	       0
2020_10_22	    3459	     132	      13	       0
2020_10_23	    3472	     132	      13	       0
2020_10_24	    3485	     132	      13	       0
2020_10_25	    3499	     133	      14	       1
2020_10_26	    3506	     133	       7	       0
2020_10_27	    3514	     133	       8	       0
2020_10_28	    3522	     134	       8	       1
2020_10_29	    3530	     134	       8	       0
2020_10_30	    3538	     135	       8	       1
2020_10_31	    3546	     135	       8	       0
2020_11_01	    3554	     136	       8	       1
2020_11_02	    3571	     136	      17	       0
2020_11_03	    3588	     136	      17	       0
2020_11_04	    3606	     136	      18	       0
2020_11_05	    3623	     136	      17	       0
2020_11_06	    3641	     136	      18	       0
2020_11_07	    3658	     136	      17	       0
2020_11_08	    3676	     137	      18	       1
2020_11_09	    3703	     137	      27	       0
2020_11_10	    3730	     137	      27	       0
2020_11_11	    3758	     137	      28	       0
2020_11_12	    3785	     138	      27	       1
2020_11_13	    3813	     138	      28	       0
2020_11_14	    3840	     138	      27	       0
2020_11_15	    3868	     139	      28	       1
2020_11_16	    3916	     139	      48	       0
2020_11_17	    3964	     140	      48	       1
2020_11_18	    4012	     140	      48	       0
2020_11_19	    4061	     141	      49	       1
2020_11_20	    4109	     141	      48	       0
2020_11_21	    4157	     142	      48	       1
2020_11_22	    4206	     143	      49	       1
2020_11_23	    4257	     143	      51	       0
2020_11_24	    4309	     144	      52	       1
2020_11_25	    4360	     145	      51	       1
2020_11_26	    4412	     146	      52	       1
2020_11_27	    4463	     147	      51	       1
2020_11_28	    4515	     148	      52	       1
2020_11_29	    4567	     149	      52	       1
2020_11_30	    4637	     151	      70	       2
2020_12_01	    4708	     153	      71	       2
2020_12_02	    4779	     155	      71	       2
2020_12_03	    4849	     157	      70	       2
2020_12_04	    4920	     159	      71	       2
2020_12_05	    4991	     161	      71	       2
2020_12_06	    5062	     163	      71	       2
2020_12_07	    5156	     167	      94	       4
2020_12_08	    5250	     171	      94	       4
2020_12_09	    5344	     175	      94	       4
2020_12_10	    5438	     179	      94	       4
2020_12_11	    5532	     183	      94	       4
2020_12_12	    5626	     187	      94	       4
2020_12_13	    5721	     191	      95	       4
2020_12_14	    5784	     195	      63	       4
2020_12_15	    5847	     199	      63	       4
2020_12_16	    5910	     203	      63	       4
2020_12_17	    5974	     207	      64	       4
2020_12_18	    6037	     211	      63	       4
2020_12_19	    6100	     215	      63	       4
2020_12_20	    6164	     220	      64	       5
2020_12_21	    6222	     224	      58	       4
2020_12_22	    6281	     228	      59	       4
2020_12_23	    6339	     232	      58	       4
2020_12_24	    6398	     236	      59	       4
2020_12_25	    6456	     240	      58	       4
2020_12_26	    6515	     244	      59	       4
2020_12_27	    6574	     249	      59	       5
2020_12_28	    6667	     252	      93	       3
2020_12_29	    6760	     256	      93	       4
2020_12_30	    6853	     260	      93	       4
2020_12_31	    6946	     264	      93	       4
2021_01_01	    7039	     268	      93	       4
2021_01_02	    7132	     272	      93	       4
2021_01_03	    7226	     276	      94	       4
2021_01_04	    7274	     278	      48	       2
2021_01_05	    7322	     281	      48	       3
2021_01_06	    7371	     284	      49	       3
2021_01_07	    7419	     286	      48	       2
2021_01_08	    7468	     289	      49	       3
2021_01_09	    7516	     292	      48	       3
2021_01_10	    7565	     295	      49	       3
2021_01_11	    7601	     296	      36	       1
2021_01_12	    7638	     298	      37	       2
2021_01_13	    7675	     300	      37	       2
2021_01_14	    7712	     302	      37	       2
2021_01_15	    7749	     304	      37	       2
2021_01_16	    7786	     306	      37	       2
2021_01_17	    7823	     308	      37	       2
2021_01_18	    7843	     310	      20	       2
2021_01_19	    7863	     312	      20	       2
2021_01_20	    7883	     314	      20	       2
2021_01_21	    7904	     316	      21	       2
2021_01_22	    7924	     318	      20	       2
2021_01_23	    7944	     320	      20	       2
2021_01_24	    7965	     323	      21	       3
2021_01_25	    7979	     324	      14	       1
2021_01_26	    7994	     325	      15	       1
2021_01_27	    8009	     326	      15	       1
2021_01_28	    8024	     327	      15	       1
2021_01_29	    8039	     328	      15	       1
2021_01_30	    8054	     329	      15	       1
2021_01_31	    8069	     330	      15	       1
2021_02_01	    8082	     331	      13	       1
2021_02_02	    8095	     332	      13	       1
2021_02_03	    8108	     333	      13	       1
2021_02_04	    8121	     334	      13	       1
2021_02_05	    8134	     335	      13	       1
2021_02_06	    8147	     336	      13	       1
2021_02_07	    8160	     338	      13	       2
2021_02_08	    8169	     338	       9	       0
2021_02_09	    8178	     339	       9	       1
2021_02_10	    8188	     339	      10	       0
2021_02_11	    8197	     340	       9	       1
2021_02_12	    8207	     340	      10	       0
2021_02_13	    8216	     341	       9	       1
2021_02_14	    8226	     342	      10	       1
2021_02_15	    8235	     342	       9	       0
2021_02_16	    8244	     343	       9	       1
2021_02_17	    8254	     344	      10	       1
2021_02_18	    8263	     344	       9	       0
2021_02_19	    8273	     345	      10	       1
2021_02_20	    8282	     346	       9	       1
2021_02_21	    8292	     347	      10	       1
2021_02_22	    8302	     347	      10	       0
2021_02_23	    8312	     348	      10	       1
2021_02_24	    8323	     349	      11	       1
2021_02_25	    8333	     349	      10	       0
2021_02_26	    8344	     350	      11	       1
2021_02_27	    8354	     351	      10	       1
2021_02_28	    8365	     352	      11	       1
2021_03_01	    8392	     352	      27	       0
2021_03_02	    8420	     353	      28	       1
2021_03_03	    8448	     354	      28	       1
2021_03_04	    8476	     355	      28	       1
2021_03_05	    8504	     356	      28	       1
2021_03_06	    8532	     357	      28	       1
2021_03_07	    8560	     358	      28	       1
2021_03_08	    8603	     358	      43	       0
2021_03_09	    8646	     358	      43	       0
2021_03_10	    8689	     358	      43	       0
2021_03_11	    8732	     359	      43	       1
2021_03_12	    8775	     359	      43	       0
2021_03_13	    8818	     359	      43	       0
2021_03_14	    8862	     360	      44	       1
2021_03_15	    8920	     361	      58	       1
2021_03_16	    8978	     362	      58	       1
2021_03_17	    9036	     363	      58	       1
2021_03_18	    9095	     364	      59	       1
2021_03_19	    9153	     365	      58	       1
2021_03_20	    9211	     366	      58	       1
2021_03_21	    9270	     367	      59	       1
2021_03_22	    9341	     368	      71	       1
2021_03_23	    9413	     369	      72	       1
2021_03_24	    9485	     370	      72	       1
2021_03_25	    9557	     372	      72	       2
2021_03_26	    9629	     373	      72	       1
2021_03_27	    9701	     374	      72	       1
2021_03_28	    9773	     376	      72	       2
2021_03_29	    9867	     378	      94	       2
2021_03_30	    9961	     380	      94	       2
2021_03_31	   10055	     382	      94	       2
2021_04_01	   10149	     384	      94	       2
2021_04_02	   10243	     386	      94	       2
2021_04_03	   10337	     388	      94	       2
2021_04_04	   10432	     391	      95	       3
2021_04_05	   10613	     393	     181	       2
2021_04_06	   10795	     395	     182	       2
2021_04_07	   10977	     397	     182	       2
2021_04_08	   11159	     399	     182	       2
2021_04_09	   11341	     401	     182	       2
2021_04_10	   11523	     403	     182	       2
2021_04_11	   11705	     405	     182	       2
2021_04_12	   11887	     408	     182	       3
2021_04_13	   12069	     411	     182	       3
2021_04_14	   12251	     415	     182	       4
2021_04_15	   12433	     418	     182	       3
2021_04_16	   12615	     422	     182	       4
2021_04_17	   12797	     425	     182	       3
2021_04_18	   12980	     429	     183	       4
2021_04_19	   13062	     433	      82	       4
2021_04_20	   13145	     438	      83	       5
2021_04_21	   13228	     443	      83	       5
2021_04_22	   13311	     447	      83	       4
2021_04_23	   13394	     452	      83	       5
2021_04_24	   13477	     457	      83	       5
2021_04_25	   13560	     462	      83	       5
2021_04_26	   13608	     465	      48	       3
2021_04_27	   13656	     468	      48	       3
2021_04_28	   13704	     471	      48	       3
2021_04_29	   13752	     475	      48	       4
2021_04_30	   13800	     478	      48	       3
2021_05_01	   13848	     481	      48	       3
2021_05_02	   13896	     485	      48	       4
2021_05_03	   13922	     487	      26	       2
2021_05_04	   13949	     489	      27	       2
2021_05_05	   13975	     491	      26	       2
2021_05_06	   14002	     493	      27	       2
2021_05_07	   14028	     495	      26	       2
2021_05_08	   14055	     497	      27	       2
2021_05_09	   14082	     499	      27	       2
2021_05_10	   14095	     500	      13	       1
2021_05_11	   14108	     502	      13	       2
2021_05_12	   14122	     504	      14	       2
2021_05_13	   14135	     505	      13	       1
2021_05_14	   14149	     507	      14	       2
2021_05_15	   14162	     509	      13	       2
2021_05_16	   14176	     511	      14	       2
2021_05_17	   14184	     511	       8	       0
2021_05_18	   14193	     511	       9	       0
2021_05_19	   14201	     511	       8	       0
2021_05_20	   14210	     511	       9	       0
2021_05_21	   14218	     511	       8	       0
2021_05_22	   14227	     511	       9	       0
2021_05_23	   14236	     512	       9	       1
2021_05_24	   14240	     512	       4	       0
2021_05_25	   14244	     513	       4	       1
2021_05_26	   14248	     514	       4	       1
2021_05_27	   14252	     514	       4	       0
2021_05_28	   14256	     515	       4	       1
2021_05_29	   14260	     516	       4	       1
2021_05_30	   14265	     517	       5	       1
2021_05_31	   14269	     517	       4	       0
2021_06_01	   14273	     517	       4	       0
2021_06_02	   14278	     517	       5	       0
2021_06_03	   14282	     517	       4	       0
2021_06_04	   14287	     517	       5	       0
2021_06_05	   14291	     517	       4	       0
2021_06_06	   14296	     518	       5	       1
2021_06_07	   14303	     518	       7	       0
2021_06_08	   14311	     519	       8	       1
2021_06_09	   14318	     520	       7	       1
2021_06_10	   14326	     520	       8	       0
2021_06_11	   14333	     521	       7	       1
2021_06_12	   14341	     522	       8	       1
2021_06_13	   14349	     523	       8	       1
