#
# COVID-19 Country file (official WHO count)
# Country = Marshall Islands
# Latitude = 7.0
# Population = 53.251
# Territory = 181.4
# LEB = -999.0
# DPA = -999
# DPA65 = -999
# GDP = 3822.0
# GDP_PPP = 3787.0
# COVID-19 Mortality = 0.0
# First_Case = 2020_11_01
# Last_Case = 2021_06_13
# No official deaths as of 2021_06_13
# Status as of 2021_06_13 = No cases
# Vaccine type = Unknown
# Vaccine start = NA
#
Date	Conf_Cases	Conf_Deaths	Daily_Cases	Daily_Deaths
2020_11_01	       2	       0	       2	       0
2020_11_02	       1	       0	      -1	       0
2020_11_03	       1	       0	       0	       0
2020_11_04	       1	       0	       0	       0
2020_11_05	       1	       0	       0	       0
2020_11_06	       1	       0	       0	       0
2020_11_07	       1	       0	       0	       0
2020_11_08	       1	       0	       0	       0
2020_11_09	       1	       0	       0	       0
2020_11_10	       1	       0	       0	       0
2020_11_11	       1	       0	       0	       0
2020_11_12	       1	       0	       0	       0
2020_11_13	       1	       0	       0	       0
2020_11_14	       1	       0	       0	       0
2020_11_15	       1	       0	       0	       0
2020_11_16	       1	       0	       0	       0
2020_11_17	       1	       0	       0	       0
2020_11_18	       2	       0	       1	       0
2020_11_19	       2	       0	       0	       0
2020_11_20	       3	       0	       1	       0
2020_11_21	       3	       0	       0	       0
2020_11_22	       4	       0	       1	       0
2020_11_23	       4	       0	       0	       0
2020_11_24	       4	       0	       0	       0
2020_11_25	       4	       0	       0	       0
2020_11_26	       4	       0	       0	       0
2020_11_27	       4	       0	       0	       0
2020_11_28	       4	       0	       0	       0
2020_11_29	       4	       0	       0	       0
2020_11_30	       4	       0	       0	       0
2020_12_01	       4	       0	       0	       0
2020_12_02	       4	       0	       0	       0
2020_12_03	       4	       0	       0	       0
2020_12_04	       4	       0	       0	       0
2020_12_05	       4	       0	       0	       0
2020_12_06	       4	       0	       0	       0
2020_12_07	       4	       0	       0	       0
2020_12_08	       4	       0	       0	       0
2020_12_09	       4	       0	       0	       0
2020_12_10	       4	       0	       0	       0
2020_12_11	       4	       0	       0	       0
2020_12_12	       4	       0	       0	       0
2020_12_13	       4	       0	       0	       0
2020_12_14	       4	       0	       0	       0
2020_12_15	       4	       0	       0	       0
2020_12_16	       4	       0	       0	       0
2020_12_17	       4	       0	       0	       0
2020_12_18	       4	       0	       0	       0
2020_12_19	       4	       0	       0	       0
2020_12_20	       4	       0	       0	       0
2020_12_21	       4	       0	       0	       0
2020_12_22	       4	       0	       0	       0
2020_12_23	       4	       0	       0	       0
2020_12_24	       4	       0	       0	       0
2020_12_25	       4	       0	       0	       0
2020_12_26	       4	       0	       0	       0
2020_12_27	       4	       0	       0	       0
2020_12_28	       4	       0	       0	       0
2020_12_29	       4	       0	       0	       0
2020_12_30	       4	       0	       0	       0
2020_12_31	       4	       0	       0	       0
2021_01_01	       4	       0	       0	       0
2021_01_02	       4	       0	       0	       0
2021_01_03	       4	       0	       0	       0
2021_01_04	       4	       0	       0	       0
2021_01_05	       4	       0	       0	       0
2021_01_06	       4	       0	       0	       0
2021_01_07	       4	       0	       0	       0
2021_01_08	       4	       0	       0	       0
2021_01_09	       4	       0	       0	       0
2021_01_10	       4	       0	       0	       0
2021_01_11	       4	       0	       0	       0
2021_01_12	       4	       0	       0	       0
2021_01_13	       4	       0	       0	       0
2021_01_14	       4	       0	       0	       0
2021_01_15	       4	       0	       0	       0
2021_01_16	       4	       0	       0	       0
2021_01_17	       4	       0	       0	       0
2021_01_18	       4	       0	       0	       0
2021_01_19	       4	       0	       0	       0
2021_01_20	       4	       0	       0	       0
2021_01_21	       4	       0	       0	       0
2021_01_22	       4	       0	       0	       0
2021_01_23	       4	       0	       0	       0
2021_01_24	       4	       0	       0	       0
2021_01_25	       4	       0	       0	       0
2021_01_26	       4	       0	       0	       0
2021_01_27	       4	       0	       0	       0
2021_01_28	       4	       0	       0	       0
2021_01_29	       4	       0	       0	       0
2021_01_30	       4	       0	       0	       0
2021_01_31	       4	       0	       0	       0
2021_02_01	       4	       0	       0	       0
2021_02_02	       4	       0	       0	       0
2021_02_03	       4	       0	       0	       0
2021_02_04	       4	       0	       0	       0
2021_02_05	       4	       0	       0	       0
2021_02_06	       4	       0	       0	       0
2021_02_07	       4	       0	       0	       0
2021_02_08	       4	       0	       0	       0
2021_02_09	       4	       0	       0	       0
2021_02_10	       4	       0	       0	       0
2021_02_11	       4	       0	       0	       0
2021_02_12	       4	       0	       0	       0
2021_02_13	       4	       0	       0	       0
2021_02_14	       4	       0	       0	       0
2021_02_15	       4	       0	       0	       0
2021_02_16	       4	       0	       0	       0
2021_02_17	       4	       0	       0	       0
2021_02_18	       4	       0	       0	       0
2021_02_19	       4	       0	       0	       0
2021_02_20	       4	       0	       0	       0
2021_02_21	       4	       0	       0	       0
2021_02_22	       4	       0	       0	       0
2021_02_23	       4	       0	       0	       0
2021_02_24	       4	       0	       0	       0
2021_02_25	       4	       0	       0	       0
2021_02_26	       4	       0	       0	       0
2021_02_27	       4	       0	       0	       0
2021_02_28	       4	       0	       0	       0
2021_03_01	       4	       0	       0	       0
2021_03_02	       4	       0	       0	       0
2021_03_03	       4	       0	       0	       0
2021_03_04	       4	       0	       0	       0
2021_03_05	       4	       0	       0	       0
2021_03_06	       4	       0	       0	       0
2021_03_07	       4	       0	       0	       0
2021_03_08	       4	       0	       0	       0
2021_03_09	       4	       0	       0	       0
2021_03_10	       4	       0	       0	       0
2021_03_11	       4	       0	       0	       0
2021_03_12	       4	       0	       0	       0
2021_03_13	       4	       0	       0	       0
2021_03_14	       4	       0	       0	       0
2021_03_15	       4	       0	       0	       0
2021_03_16	       4	       0	       0	       0
2021_03_17	       4	       0	       0	       0
2021_03_18	       4	       0	       0	       0
2021_03_19	       4	       0	       0	       0
2021_03_20	       4	       0	       0	       0
2021_03_21	       4	       0	       0	       0
2021_03_22	       4	       0	       0	       0
2021_03_23	       4	       0	       0	       0
2021_03_24	       4	       0	       0	       0
2021_03_25	       4	       0	       0	       0
2021_03_26	       4	       0	       0	       0
2021_03_27	       4	       0	       0	       0
2021_03_28	       4	       0	       0	       0
2021_03_29	       4	       0	       0	       0
2021_03_30	       4	       0	       0	       0
2021_03_31	       4	       0	       0	       0
2021_04_01	       4	       0	       0	       0
2021_04_02	       4	       0	       0	       0
2021_04_03	       4	       0	       0	       0
2021_04_04	       4	       0	       0	       0
2021_04_05	       4	       0	       0	       0
2021_04_06	       4	       0	       0	       0
2021_04_07	       4	       0	       0	       0
2021_04_08	       4	       0	       0	       0
2021_04_09	       4	       0	       0	       0
2021_04_10	       4	       0	       0	       0
2021_04_11	       4	       0	       0	       0
2021_04_12	       4	       0	       0	       0
2021_04_13	       4	       0	       0	       0
2021_04_14	       4	       0	       0	       0
2021_04_15	       4	       0	       0	       0
2021_04_16	       4	       0	       0	       0
2021_04_17	       4	       0	       0	       0
2021_04_18	       4	       0	       0	       0
2021_04_19	       4	       0	       0	       0
2021_04_20	       4	       0	       0	       0
2021_04_21	       4	       0	       0	       0
2021_04_22	       4	       0	       0	       0
2021_04_23	       4	       0	       0	       0
2021_04_24	       4	       0	       0	       0
2021_04_25	       4	       0	       0	       0
2021_04_26	       4	       0	       0	       0
2021_04_27	       4	       0	       0	       0
2021_04_28	       4	       0	       0	       0
2021_04_29	       4	       0	       0	       0
2021_04_30	       4	       0	       0	       0
2021_05_01	       4	       0	       0	       0
2021_05_02	       4	       0	       0	       0
2021_05_03	       4	       0	       0	       0
2021_05_04	       4	       0	       0	       0
2021_05_05	       4	       0	       0	       0
2021_05_06	       4	       0	       0	       0
2021_05_07	       4	       0	       0	       0
2021_05_08	       4	       0	       0	       0
2021_05_09	       4	       0	       0	       0
2021_05_10	       4	       0	       0	       0
2021_05_11	       4	       0	       0	       0
2021_05_12	       4	       0	       0	       0
2021_05_13	       4	       0	       0	       0
2021_05_14	       4	       0	       0	       0
2021_05_15	       4	       0	       0	       0
2021_05_16	       4	       0	       0	       0
2021_05_17	       4	       0	       0	       0
2021_05_18	       4	       0	       0	       0
2021_05_19	       4	       0	       0	       0
2021_05_20	       4	       0	       0	       0
2021_05_21	       4	       0	       0	       0
2021_05_22	       4	       0	       0	       0
2021_05_23	       4	       0	       0	       0
2021_05_24	       4	       0	       0	       0
2021_05_25	       4	       0	       0	       0
2021_05_26	       4	       0	       0	       0
2021_05_27	       4	       0	       0	       0
2021_05_28	       4	       0	       0	       0
2021_05_29	       4	       0	       0	       0
2021_05_30	       4	       0	       0	       0
2021_05_31	       4	       0	       0	       0
2021_06_01	       4	       0	       0	       0
2021_06_02	       4	       0	       0	       0
2021_06_03	       4	       0	       0	       0
2021_06_04	       4	       0	       0	       0
2021_06_05	       4	       0	       0	       0
2021_06_06	       4	       0	       0	       0
2021_06_07	       4	       0	       0	       0
2021_06_08	       4	       0	       0	       0
2021_06_09	       4	       0	       0	       0
2021_06_10	       4	       0	       0	       0
2021_06_11	       4	       0	       0	       0
2021_06_12	       4	       0	       0	       0
2021_06_13	       4	       0	       0	       0
