#
# COVID-19 Country file (official WHO count)
# Country = Martinique
# Latitude = 15.0
# Population = 385.457
# Territory = 1128.0
# LEB = 82.5
# DPA = 3000
# DPA65 = 2520
# GDP = -999.0
# GDP_PPP = -999.0
# COVID-19 Mortality = 256.8
# First_Case = 2020_03_08
# Last_Case = 2021_06_13
# First_Death = 2020_03_26
# Last_Death = 2021_06_13
# Status as of 2021_06_13 = Community transmission
# Vaccine type = Unknown
# Vaccine start = NA
#
Date	Conf_Cases	Conf_Deaths	Daily_Cases	Daily_Deaths
2020_03_08	       2	       0	       2	       0
2020_03_09	       2	       0	       0	       0
2020_03_10	       2	       0	       0	       0
2020_03_11	       3	       0	       1	       0
2020_03_12	       3	       0	       0	       0
2020_03_13	       4	       0	       1	       0
2020_03_14	       6	       0	       2	       0
2020_03_15	      10	       0	       4	       0
2020_03_16	      15	       0	       5	       0
2020_03_17	      16	       0	       1	       0
2020_03_18	      16	       0	       0	       0
2020_03_19	      23	       0	       7	       0
2020_03_20	      32	       0	       9	       0
2020_03_21	      32	       0	       0	       0
2020_03_22	      32	       0	       0	       0
2020_03_23	      32	       0	       0	       0
2020_03_24	      53	       0	      21	       0
2020_03_25	      57	       0	       4	       0
2020_03_26	      66	       1	       9	       1
2020_03_27	      66	       1	       0	       0
2020_03_28	      93	       1	      27	       0
2020_03_29	      93	       1	       0	       0
2020_03_30	     105	       2	      12	       1
2020_03_31	     111	       2	       6	       0
2020_04_01	     119	       2	       8	       0
2020_04_02	     128	       3	       9	       1
2020_04_03	     131	       3	       3	       0
2020_04_04	     138	       3	       7	       0
2020_04_05	     145	       3	       7	       0
2020_04_06	     145	       3	       0	       0
2020_04_07	     149	       4	       4	       1
2020_04_08	     151	       4	       2	       0
2020_04_09	     152	       4	       1	       0
2020_04_10	     154	       6	       2	       2
2020_04_11	     154	       6	       0	       0
2020_04_12	     155	       6	       1	       0
2020_04_13	     156	       6	       1	       0
2020_04_14	     157	       8	       1	       2
2020_04_15	     157	       8	       0	       0
2020_04_16	     158	       8	       1	       0
2020_04_17	     159	       8	       1	       0
2020_04_18	     159	       8	       0	       0
2020_04_19	     163	      12	       4	       4
2020_04_20	     163	      12	       0	       0
2020_04_21	     163	      14	       0	       2
2020_04_22	     163	      14	       0	       0
2020_04_23	     164	      14	       1	       0
2020_04_24	     170	      14	       6	       0
2020_04_25	     170	      14	       0	       0
2020_04_26	     170	      14	       0	       0
2020_04_27	     175	      14	       5	       0
2020_04_28	     175	      14	       0	       0
2020_04_29	     175	      14	       0	       0
2020_04_30	     175	      14	       0	       0
2020_05_01	     178	      14	       3	       0
2020_05_02	     179	      14	       1	       0
2020_05_03	     180	      14	       1	       0
2020_05_04	     181	      14	       1	       0
2020_05_05	     181	      14	       0	       0
2020_05_06	     181	      14	       0	       0
2020_05_07	     182	      14	       1	       0
2020_05_08	     182	      14	       0	       0
2020_05_09	     183	      14	       1	       0
2020_05_10	     186	      14	       3	       0
2020_05_11	     187	      14	       1	       0
2020_05_12	     187	      14	       0	       0
2020_05_13	     187	      14	       0	       0
2020_05_14	     189	      14	       2	       0
2020_05_15	     189	      14	       0	       0
2020_05_16	     189	      14	       0	       0
2020_05_17	     192	      14	       3	       0
2020_05_18	     192	      14	       0	       0
2020_05_19	     192	      14	       0	       0
2020_05_20	     192	      14	       0	       0
2020_05_21	     192	      14	       0	       0
2020_05_22	     192	      14	       0	       0
2020_05_23	     197	      14	       5	       0
2020_05_24	     197	      14	       0	       0
2020_05_25	     197	      14	       0	       0
2020_05_26	     197	      14	       0	       0
2020_05_27	     197	      14	       0	       0
2020_05_28	     197	      14	       0	       0
2020_05_29	     197	      14	       0	       0
2020_05_30	     197	      14	       0	       0
2020_05_31	     200	      14	       3	       0
2020_06_01	     200	      14	       0	       0
2020_06_02	     200	      14	       0	       0
2020_06_03	     200	      14	       0	       0
2020_06_04	     200	      14	       0	       0
2020_06_05	     200	      14	       0	       0
2020_06_06	     200	      14	       0	       0
2020_06_07	     202	      14	       2	       0
2020_06_08	     202	      14	       0	       0
2020_06_09	     202	      14	       0	       0
2020_06_10	     202	      14	       0	       0
2020_06_11	     202	      14	       0	       0
2020_06_12	     202	      14	       0	       0
2020_06_13	     202	      14	       0	       0
2020_06_14	     202	      14	       0	       0
2020_06_15	     202	      14	       0	       0
2020_06_16	     202	      14	       0	       0
2020_06_17	     202	      14	       0	       0
2020_06_18	     202	      14	       0	       0
2020_06_19	     221	      14	      19	       0
2020_06_20	     221	      14	       0	       0
2020_06_21	     236	      14	      15	       0
2020_06_22	     236	      14	       0	       0
2020_06_23	     236	      14	       0	       0
2020_06_24	     236	      14	       0	       0
2020_06_25	     236	      14	       0	       0
2020_06_26	     236	      14	       0	       0
2020_06_27	     236	      14	       0	       0
2020_06_28	     242	      14	       6	       0
2020_06_29	     242	      14	       0	       0
2020_06_30	     242	      14	       0	       0
2020_07_01	     242	      14	       0	       0
2020_07_02	     242	      14	       0	       0
2020_07_03	     242	      14	       0	       0
2020_07_04	     242	      14	       0	       0
2020_07_05	     249	      14	       7	       0
2020_07_06	     249	      14	       0	       0
2020_07_07	     249	      14	       0	       0
2020_07_08	     249	      14	       0	       0
2020_07_09	     249	      14	       0	       0
2020_07_10	     249	      14	       0	       0
2020_07_11	     249	      14	       0	       0
2020_07_12	     255	      15	       6	       1
2020_07_13	     255	      15	       0	       0
2020_07_14	     255	      15	       0	       0
2020_07_15	     255	      15	       0	       0
2020_07_16	     255	      15	       0	       0
2020_07_17	     255	      15	       0	       0
2020_07_18	     261	      15	       6	       0
2020_07_19	     262	      15	       1	       0
2020_07_20	     262	      15	       0	       0
2020_07_21	     262	      15	       0	       0
2020_07_22	     262	      15	       0	       0
2020_07_23	     262	      15	       0	       0
2020_07_24	     262	      15	       0	       0
2020_07_25	     269	      15	       7	       0
2020_07_26	     269	      15	       0	       0
2020_07_27	     269	      15	       0	       0
2020_07_28	     269	      15	       0	       0
2020_07_29	     269	      15	       0	       0
2020_07_30	     269	      15	       0	       0
2020_07_31	     269	      15	       0	       0
2020_08_01	     269	      15	       0	       0
2020_08_02	     269	      15	       0	       0
2020_08_03	     269	      15	       0	       0
2020_08_04	     269	      15	       0	       0
2020_08_05	     269	      15	       0	       0
2020_08_06	     269	      15	       0	       0
2020_08_07	     276	      15	       7	       0
2020_08_08	     276	      15	       0	       0
2020_08_09	     336	      16	      60	       1
2020_08_10	     336	      16	       0	       0
2020_08_11	     336	      16	       0	       0
2020_08_12	     336	      16	       0	       0
2020_08_13	     336	      16	       0	       0
2020_08_14	     336	      16	       0	       0
2020_08_15	     336	      16	       0	       0
2020_08_16	     336	      16	       0	       0
2020_08_17	     354	      16	      18	       0
2020_08_18	     372	      16	      18	       0
2020_08_19	     390	      16	      18	       0
2020_08_20	     409	      16	      19	       0
2020_08_21	     427	      16	      18	       0
2020_08_22	     445	      16	      18	       0
2020_08_23	     464	      16	      19	       0
2020_08_24	     482	      16	      18	       0
2020_08_25	     501	      16	      19	       0
2020_08_26	     520	      16	      19	       0
2020_08_27	     539	      16	      19	       0
2020_08_28	     558	      16	      19	       0
2020_08_29	     577	      16	      19	       0
2020_08_30	     596	      16	      19	       0
2020_08_31	     618	      16	      22	       0
2020_09_01	     641	      16	      23	       0
2020_09_02	     663	      16	      22	       0
2020_09_03	     686	      17	      23	       1
2020_09_04	     708	      17	      22	       0
2020_09_05	     731	      17	      23	       0
2020_09_06	     754	      18	      23	       1
2020_09_07	     780	      18	      26	       0
2020_09_08	     806	      18	      26	       0
2020_09_09	     833	      18	      27	       0
2020_09_10	     859	      18	      26	       0
2020_09_11	     886	      18	      27	       0
2020_09_12	     912	      18	      26	       0
2020_09_13	     939	      18	      27	       0
2020_09_14	     965	      18	      26	       0
2020_09_15	     991	      18	      26	       0
2020_09_16	    1017	      18	      26	       0
2020_09_17	    1043	      18	      26	       0
2020_09_18	    1069	      18	      26	       0
2020_09_19	    1095	      18	      26	       0
2020_09_20	    1122	      18	      27	       0
2020_09_21	    1147	      18	      25	       0
2020_09_22	    1172	      18	      25	       0
2020_09_23	    1197	      18	      25	       0
2020_09_24	    1222	      19	      25	       1
2020_09_25	    1247	      19	      25	       0
2020_09_26	    1272	      19	      25	       0
2020_09_27	    1298	      20	      26	       1
2020_09_28	    1333	      20	      35	       0
2020_09_29	    1368	      20	      35	       0
2020_09_30	    1403	      20	      35	       0
2020_10_01	    1438	      20	      35	       0
2020_10_02	    1473	      20	      35	       0
2020_10_03	    1508	      20	      35	       0
2020_10_04	    1543	      21	      35	       1
2020_10_05	    1587	      21	      44	       0
2020_10_06	    1631	      21	      44	       0
2020_10_07	    1675	      21	      44	       0
2020_10_08	    1719	      21	      44	       0
2020_10_09	    1763	      21	      44	       0
2020_10_10	    1807	      21	      44	       0
2020_10_11	    1851	      22	      44	       1
2020_10_12	    1910	      22	      59	       0
2020_10_13	    1969	      22	      59	       0
2020_10_14	    2028	      23	      59	       1
2020_10_15	    2088	      23	      60	       0
2020_10_16	    2147	      24	      59	       1
2020_10_17	    2206	      24	      59	       0
2020_10_18	    2266	      25	      60	       1
2020_10_19	    2342	      25	      76	       0
2020_10_20	    2418	      25	      76	       0
2020_10_21	    2494	      25	      76	       0
2020_10_22	    2571	      26	      77	       1
2020_10_23	    2647	      26	      76	       0
2020_10_24	    2723	      26	      76	       0
2020_10_25	    2800	      27	      77	       1
2020_10_26	    2945	      27	     145	       0
2020_10_27	    3090	      28	     145	       1
2020_10_28	    3236	      28	     146	       0
2020_10_29	    3381	      29	     145	       1
2020_10_30	    3527	      29	     146	       0
2020_10_31	    3672	      30	     145	       1
2020_11_01	    3818	      31	     146	       1
2020_11_02	    3874	      31	      56	       0
2020_11_03	    3931	      31	      57	       0
2020_11_04	    3988	      31	      57	       0
2020_11_05	    4044	      32	      56	       1
2020_11_06	    4101	      32	      57	       0
2020_11_07	    4158	      32	      57	       0
2020_11_08	    4215	      33	      57	       1
2020_11_09	    4288	      33	      73	       0
2020_11_10	    4362	      34	      74	       1
2020_11_11	    4436	      34	      74	       0
2020_11_12	    4510	      35	      74	       1
2020_11_13	    4584	      35	      74	       0
2020_11_14	    4658	      36	      74	       1
2020_11_15	    4732	      37	      74	       1
2020_11_16	    4783	      37	      51	       0
2020_11_17	    4834	      37	      51	       0
2020_11_18	    4885	      37	      51	       0
2020_11_19	    4937	      38	      52	       1
2020_11_20	    4988	      38	      51	       0
2020_11_21	    5039	      38	      51	       0
2020_11_22	    5091	      39	      52	       1
2020_11_23	    5137	      39	      46	       0
2020_11_24	    5183	      39	      46	       0
2020_11_25	    5229	      39	      46	       0
2020_11_26	    5275	      39	      46	       0
2020_11_27	    5321	      39	      46	       0
2020_11_28	    5367	      39	      46	       0
2020_11_29	    5413	      40	      46	       1
2020_11_30	    5428	      40	      15	       0
2020_12_01	    5443	      40	      15	       0
2020_12_02	    5458	      40	      15	       0
2020_12_03	    5474	      40	      16	       0
2020_12_04	    5489	      40	      15	       0
2020_12_05	    5504	      40	      15	       0
2020_12_06	    5520	      41	      16	       1
2020_12_07	    5524	      41	       4	       0
2020_12_08	    5529	      41	       5	       0
2020_12_09	    5534	      41	       5	       0
2020_12_10	    5538	      41	       4	       0
2020_12_11	    5543	      41	       5	       0
2020_12_12	    5548	      41	       5	       0
2020_12_13	    5553	      41	       5	       0
2020_12_14	    5564	      41	      11	       0
2020_12_15	    5576	      41	      12	       0
2020_12_16	    5587	      41	      11	       0
2020_12_17	    5599	      41	      12	       0
2020_12_18	    5610	      41	      11	       0
2020_12_19	    5622	      41	      12	       0
2020_12_20	    5634	      42	      12	       1
2020_12_21	    5696	      42	      62	       0
2020_12_22	    5759	      42	      63	       0
2020_12_23	    5821	      42	      62	       0
2020_12_24	    5884	      42	      63	       0
2020_12_25	    5946	      42	      62	       0
2020_12_26	    6009	      42	      63	       0
2020_12_27	    6072	      42	      63	       0
2020_12_28	    6074	      42	       2	       0
2020_12_29	    6077	      42	       3	       0
2020_12_30	    6080	      42	       3	       0
2020_12_31	    6082	      42	       2	       0
2021_01_01	    6085	      42	       3	       0
2021_01_02	    6088	      42	       3	       0
2021_01_03	    6091	      43	       3	       1
2021_01_04	    6094	      43	       3	       0
2021_01_05	    6098	      43	       4	       0
2021_01_06	    6102	      43	       4	       0
2021_01_07	    6105	      43	       3	       0
2021_01_08	    6109	      43	       4	       0
2021_01_09	    6113	      43	       4	       0
2021_01_10	    6117	      43	       4	       0
2021_01_11	    6132	      43	      15	       0
2021_01_12	    6148	      43	      16	       0
2021_01_13	    6164	      43	      16	       0
2021_01_14	    6179	      43	      15	       0
2021_01_15	    6195	      43	      16	       0
2021_01_16	    6211	      43	      16	       0
2021_01_17	    6227	      43	      16	       0
2021_01_18	    6247	      43	      20	       0
2021_01_19	    6267	      43	      20	       0
2021_01_20	    6288	      43	      21	       0
2021_01_21	    6308	      43	      20	       0
2021_01_22	    6329	      43	      21	       0
2021_01_23	    6349	      43	      20	       0
2021_01_24	    6370	      44	      21	       1
2021_01_25	    6370	      44	       0	       0
2021_01_26	    6370	      44	       0	       0
2021_01_27	    6370	      44	       0	       0
2021_01_28	    6370	      44	       0	       0
2021_01_29	    6370	      44	       0	       0
2021_01_30	    6370	      44	       0	       0
2021_01_31	    6370	      44	       0	       0
2021_02_01	    6380	      44	      10	       0
2021_02_02	    6390	      44	      10	       0
2021_02_03	    6400	      44	      10	       0
2021_02_04	    6411	      44	      11	       0
2021_02_05	    6421	      44	      10	       0
2021_02_06	    6431	      44	      10	       0
2021_02_07	    6442	      45	      11	       1
2021_02_08	    6453	      45	      11	       0
2021_02_09	    6464	      45	      11	       0
2021_02_10	    6475	      45	      11	       0
2021_02_11	    6487	      45	      12	       0
2021_02_12	    6498	      45	      11	       0
2021_02_13	    6509	      45	      11	       0
2021_02_14	    6521	      45	      12	       0
2021_02_15	    6531	      45	      10	       0
2021_02_16	    6541	      45	      10	       0
2021_02_17	    6551	      45	      10	       0
2021_02_18	    6562	      45	      11	       0
2021_02_19	    6572	      45	      10	       0
2021_02_20	    6582	      45	      10	       0
2021_02_21	    6593	      45	      11	       0
2021_02_22	    6614	      45	      21	       0
2021_02_23	    6636	      45	      22	       0
2021_02_24	    6658	      45	      22	       0
2021_02_25	    6680	      45	      22	       0
2021_02_26	    6702	      45	      22	       0
2021_02_27	    6724	      45	      22	       0
2021_02_28	    6746	      45	      22	       0
2021_03_01	    6766	      45	      20	       0
2021_03_02	    6786	      45	      20	       0
2021_03_03	    6806	      45	      20	       0
2021_03_04	    6826	      46	      20	       1
2021_03_05	    6846	      46	      20	       0
2021_03_06	    6866	      46	      20	       0
2021_03_07	    6886	      47	      20	       1
2021_03_08	    6907	      47	      21	       0
2021_03_09	    6929	      47	      22	       0
2021_03_10	    6950	      47	      21	       0
2021_03_11	    6972	      47	      22	       0
2021_03_12	    6993	      47	      21	       0
2021_03_13	    7015	      47	      22	       0
2021_03_14	    7037	      47	      22	       0
2021_03_15	    7069	      47	      32	       0
2021_03_16	    7101	      47	      32	       0
2021_03_17	    7134	      47	      33	       0
2021_03_18	    7166	      47	      32	       0
2021_03_19	    7199	      47	      33	       0
2021_03_20	    7231	      47	      32	       0
2021_03_21	    7264	      47	      33	       0
2021_03_22	    7323	      47	      59	       0
2021_03_23	    7382	      47	      59	       0
2021_03_24	    7441	      48	      59	       1
2021_03_25	    7501	      48	      60	       0
2021_03_26	    7560	      49	      59	       1
2021_03_27	    7619	      49	      59	       0
2021_03_28	    7679	      50	      60	       1
2021_03_29	    7748	      50	      69	       0
2021_03_30	    7817	      51	      69	       1
2021_03_31	    7886	      51	      69	       0
2021_04_01	    7955	      52	      69	       1
2021_04_02	    8024	      52	      69	       0
2021_04_03	    8093	      53	      69	       1
2021_04_04	    8163	      54	      70	       1
2021_04_05	    8266	      54	     103	       0
2021_04_06	    8369	      55	     103	       1
2021_04_07	    8473	      56	     104	       1
2021_04_08	    8576	      56	     103	       0
2021_04_09	    8680	      57	     104	       1
2021_04_10	    8783	      58	     103	       1
2021_04_11	    8887	      59	     104	       1
2021_04_12	    9011	      60	     124	       1
2021_04_13	    9135	      61	     124	       1
2021_04_14	    9260	      62	     125	       1
2021_04_15	    9384	      63	     124	       1
2021_04_16	    9509	      64	     125	       1
2021_04_17	    9633	      65	     124	       1
2021_04_18	    9758	      66	     125	       1
2021_04_19	    9758	      66	       0	       0
2021_04_20	    9758	      66	       0	       0
2021_04_21	    9758	      66	       0	       0
2021_04_22	    9758	      66	       0	       0
2021_04_23	    9758	      66	       0	       0
2021_04_24	    9758	      66	       0	       0
2021_04_25	    9758	      66	       0	       0
2021_04_26	    9955	      67	     197	       1
2021_04_27	   10152	      69	     197	       2
2021_04_28	   10349	      71	     197	       2
2021_04_29	   10547	      73	     198	       2
2021_04_30	   10744	      75	     197	       2
2021_05_01	   10941	      77	     197	       2
2021_05_02	   11139	      79	     198	       2
2021_05_03	   11189	      80	      50	       1
2021_05_04	   11239	      81	      50	       1
2021_05_05	   11289	      82	      50	       1
2021_05_06	   11339	      83	      50	       1
2021_05_07	   11389	      84	      50	       1
2021_05_08	   11439	      85	      50	       1
2021_05_09	   11490	      87	      51	       2
2021_05_10	   11490	      87	       0	       0
2021_05_11	   11490	      87	       0	       0
2021_05_12	   11490	      87	       0	       0
2021_05_13	   11490	      87	       0	       0
2021_05_14	   11490	      87	       0	       0
2021_05_15	   11490	      87	       0	       0
2021_05_16	   11490	      87	       0	       0
2021_05_17	   11532	      87	      42	       0
2021_05_18	   11575	      88	      43	       1
2021_05_19	   11618	      89	      43	       1
2021_05_20	   11660	      90	      42	       1
2021_05_21	   11703	      91	      43	       1
2021_05_22	   11746	      92	      43	       1
2021_05_23	   11789	      93	      43	       1
2021_05_24	   11816	      93	      27	       0
2021_05_25	   11843	      93	      27	       0
2021_05_26	   11870	      93	      27	       0
2021_05_27	   11897	      94	      27	       1
2021_05_28	   11924	      94	      27	       0
2021_05_29	   11951	      94	      27	       0
2021_05_30	   11979	      95	      28	       1
2021_05_31	   11990	      95	      11	       0
2021_06_01	   12002	      95	      12	       0
2021_06_02	   12013	      95	      11	       0
2021_06_03	   12025	      96	      12	       1
2021_06_04	   12036	      96	      11	       0
2021_06_05	   12048	      96	      12	       0
2021_06_06	   12060	      97	      12	       1
2021_06_07	   12070	      97	      10	       0
2021_06_08	   12080	      97	      10	       0
2021_06_09	   12090	      97	      10	       0
2021_06_10	   12100	      98	      10	       1
2021_06_11	   12110	      98	      10	       0
2021_06_12	   12120	      98	      10	       0
2021_06_13	   12130	      99	      10	       1
