#
# COVID-19 Country file (official WHO count)
# Country = Mauritania
# Latitude = -20.0
# Population = 4783.767
# Territory = 1030700.0
# LEB = 64.9
# DPA = 32000
# DPA65 = 9280
# GDP = 1237.0
# GDP_PPP = 4603.0
# COVID-19 Mortality = 99.3
# First_Case = 2020_03_15
# Last_Case = 2021_06_13
# First_Death = 2020_04_04
# Last_Death = 2021_06_13
# Status as of 2021_06_13 = Community transmission
# Vaccine type = Unknown
# Vaccine start = NA
#
Date	Conf_Cases	Conf_Deaths	Daily_Cases	Daily_Deaths
2020_03_15	       1	       0	       1	       0
2020_03_16	       1	       0	       0	       0
2020_03_17	       1	       0	       0	       0
2020_03_18	       1	       0	       0	       0
2020_03_19	       2	       0	       1	       0
2020_03_20	       2	       0	       0	       0
2020_03_21	       2	       0	       0	       0
2020_03_22	       2	       0	       0	       0
2020_03_23	       2	       0	       0	       0
2020_03_24	       2	       0	       0	       0
2020_03_25	       2	       0	       0	       0
2020_03_26	       2	       0	       0	       0
2020_03_27	       3	       0	       1	       0
2020_03_28	       3	       0	       0	       0
2020_03_29	       5	       0	       2	       0
2020_03_30	       5	       0	       0	       0
2020_03_31	       5	       0	       0	       0
2020_04_01	       5	       0	       0	       0
2020_04_02	       5	       0	       0	       0
2020_04_03	       5	       0	       0	       0
2020_04_04	       6	       1	       1	       1
2020_04_05	       6	       1	       0	       0
2020_04_06	       6	       1	       0	       0
2020_04_07	       6	       1	       0	       0
2020_04_08	       6	       1	       0	       0
2020_04_09	       6	       1	       0	       0
2020_04_10	       6	       1	       0	       0
2020_04_11	       7	       1	       1	       0
2020_04_12	       7	       1	       0	       0
2020_04_13	       7	       1	       0	       0
2020_04_14	       7	       1	       0	       0
2020_04_15	       7	       1	       0	       0
2020_04_16	       7	       1	       0	       0
2020_04_17	       7	       1	       0	       0
2020_04_18	       7	       1	       0	       0
2020_04_19	       7	       1	       0	       0
2020_04_20	       7	       1	       0	       0
2020_04_21	       7	       1	       0	       0
2020_04_22	       7	       1	       0	       0
2020_04_23	       7	       1	       0	       0
2020_04_24	       7	       1	       0	       0
2020_04_25	       7	       1	       0	       0
2020_04_26	       7	       1	       0	       0
2020_04_27	       7	       1	       0	       0
2020_04_28	       7	       1	       0	       0
2020_04_29	       7	       1	       0	       0
2020_04_30	       7	       1	       0	       0
2020_05_01	       8	       1	       1	       0
2020_05_02	       8	       1	       0	       0
2020_05_03	       8	       1	       0	       0
2020_05_04	       8	       1	       0	       0
2020_05_05	       8	       1	       0	       0
2020_05_06	       8	       1	       0	       0
2020_05_07	       8	       1	       0	       0
2020_05_08	       8	       1	       0	       0
2020_05_09	       8	       1	       0	       0
2020_05_10	       8	       1	       0	       0
2020_05_11	       8	       1	       0	       0
2020_05_12	       8	       1	       0	       0
2020_05_13	       8	       1	       0	       0
2020_05_14	       9	       1	       1	       0
2020_05_15	      16	       2	       7	       1
2020_05_16	      29	       3	      13	       1
2020_05_17	      40	       4	      11	       1
2020_05_18	      62	       4	      22	       0
2020_05_19	      81	       4	      19	       0
2020_05_20	     131	       4	      50	       0
2020_05_21	     141	       4	      10	       0
2020_05_22	     173	       5	      32	       1
2020_05_23	     173	       5	       0	       0
2020_05_24	     227	       6	      54	       1
2020_05_25	     237	       6	      10	       0
2020_05_26	     262	       9	      25	       3
2020_05_27	     262	       9	       0	       0
2020_05_28	     292	      16	      30	       7
2020_05_29	     346	      19	      54	       3
2020_05_30	     423	      20	      77	       1
2020_05_31	     483	      21	      60	       1
2020_06_01	     530	      23	      47	       2
2020_06_02	     530	      23	       0	       0
2020_06_03	     588	      26	      58	       3
2020_06_04	     668	      31	      80	       5
2020_06_05	     784	      39	     116	       8
2020_06_06	     883	      43	      99	       4
2020_06_07	     947	      43	      64	       0
2020_06_08	     947	      43	       0	       0
2020_06_09	    1049	      43	     102	       0
2020_06_10	    1162	      63	     113	      20
2020_06_11	    1283	      71	     121	       8
2020_06_12	    1283	      71	       0	       0
2020_06_13	    1439	      74	     156	       3
2020_06_14	    1573	      81	     134	       7
2020_06_15	    1783	      87	     210	       6
2020_06_16	    1783	      87	       0	       0
2020_06_17	    1887	      91	     104	       4
2020_06_18	    2057	      93	     170	       2
2020_06_19	    2223	      95	     166	       2
2020_06_20	    2424	      97	     201	       2
2020_06_21	    2621	     102	     197	       5
2020_06_22	    2813	     108	     192	       6
2020_06_23	    2984	     111	     171	       3
2020_06_24	    3121	     112	     137	       1
2020_06_25	    3292	     114	     171	       2
2020_06_26	    3519	     116	     227	       2
2020_06_27	    3739	     119	     220	       3
2020_06_28	    3907	     120	     168	       1
2020_06_29	    3907	     120	       0	       0
2020_06_30	    4149	     126	     242	       6
2020_07_01	    4237	     128	      88	       2
2020_07_02	    4472	     129	     235	       1
2020_07_03	    4606	     129	     134	       0
2020_07_04	    4705	     129	      99	       0
2020_07_05	    4705	     129	       0	       0
2020_07_06	    4879	     130	     174	       1
2020_07_07	    4879	     130	       0	       0
2020_07_08	    4948	     133	      69	       3
2020_07_09	    5024	     135	      76	       2
2020_07_10	    5087	     139	      63	       4
2020_07_11	    5126	     144	      39	       5
2020_07_12	    5126	     144	       0	       0
2020_07_13	    5275	     147	     149	       3
2020_07_14	    5355	     147	      80	       0
2020_07_15	    5446	     149	      91	       2
2020_07_16	    5518	     149	      72	       0
2020_07_17	    5564	     149	      46	       0
2020_07_18	    5659	     150	      95	       1
2020_07_19	    5710	     151	      51	       1
2020_07_20	    5873	     155	     163	       4
2020_07_21	    5923	     155	      50	       0
2020_07_22	    5985	     155	      62	       0
2020_07_23	    5985	     155	       0	       0
2020_07_24	    6027	     155	      42	       0
2020_07_25	    6116	     156	      89	       1
2020_07_26	    6116	     156	       0	       0
2020_07_27	    6171	     156	      55	       0
2020_07_28	    6208	     156	      37	       0
2020_07_29	    6249	     156	      41	       0
2020_07_30	    6270	     156	      21	       0
2020_07_31	    6270	     156	       0	       0
2020_08_01	    6310	     157	      40	       1
2020_08_02	    6310	     157	       0	       0
2020_08_03	    6323	     157	      13	       0
2020_08_04	    6382	     157	      59	       0
2020_08_05	    6418	     157	      36	       0
2020_08_06	    6444	     157	      26	       0
2020_08_07	    6473	     157	      29	       0
2020_08_08	    6498	     157	      25	       0
2020_08_09	    6498	     157	       0	       0
2020_08_10	    6510	     157	      12	       0
2020_08_11	    6550	     157	      40	       0
2020_08_12	    6598	     157	      48	       0
2020_08_13	    6622	     157	      24	       0
2020_08_14	    6622	     157	       0	       0
2020_08_15	    6653	     157	      31	       0
2020_08_16	    6693	     157	      40	       0
2020_08_17	    6721	     157	      28	       0
2020_08_18	    6750	     157	      29	       0
2020_08_19	    6779	     157	      29	       0
2020_08_20	    6807	     157	      28	       0
2020_08_21	    6836	     157	      29	       0
2020_08_22	    6865	     157	      29	       0
2020_08_23	    6894	     158	      29	       1
2020_08_24	    6910	     158	      16	       0
2020_08_25	    6927	     158	      17	       0
2020_08_26	    6944	     158	      17	       0
2020_08_27	    6961	     158	      17	       0
2020_08_28	    6978	     158	      17	       0
2020_08_29	    6995	     158	      17	       0
2020_08_30	    7012	     158	      17	       0
2020_08_31	    7029	     158	      17	       0
2020_09_01	    7046	     158	      17	       0
2020_09_02	    7064	     158	      18	       0
2020_09_03	    7081	     159	      17	       1
2020_09_04	    7099	     159	      18	       0
2020_09_05	    7116	     159	      17	       0
2020_09_06	    7134	     160	      18	       1
2020_09_07	    7154	     160	      20	       0
2020_09_08	    7174	     160	      20	       0
2020_09_09	    7194	     160	      20	       0
2020_09_10	    7214	     160	      20	       0
2020_09_11	    7234	     160	      20	       0
2020_09_12	    7254	     160	      20	       0
2020_09_13	    7274	     161	      20	       1
2020_09_14	    7287	     161	      13	       0
2020_09_15	    7300	     161	      13	       0
2020_09_16	    7313	     161	      13	       0
2020_09_17	    7326	     161	      13	       0
2020_09_18	    7339	     161	      13	       0
2020_09_19	    7352	     161	      13	       0
2020_09_20	    7365	     161	      13	       0
2020_09_21	    7378	     161	      13	       0
2020_09_22	    7392	     161	      14	       0
2020_09_23	    7406	     161	      14	       0
2020_09_24	    7420	     161	      14	       0
2020_09_25	    7434	     161	      14	       0
2020_09_26	    7448	     161	      14	       0
2020_09_27	    7462	     161	      14	       0
2020_09_28	    7469	     161	       7	       0
2020_09_29	    7476	     161	       7	       0
2020_09_30	    7483	     161	       7	       0
2020_10_01	    7490	     161	       7	       0
2020_10_02	    7497	     161	       7	       0
2020_10_03	    7504	     161	       7	       0
2020_10_04	    7511	     161	       7	       0
2020_10_05	    7512	     161	       1	       0
2020_10_06	    7514	     161	       2	       0
2020_10_07	    7516	     161	       2	       0
2020_10_08	    7517	     161	       1	       0
2020_10_09	    7519	     161	       2	       0
2020_10_10	    7521	     161	       2	       0
2020_10_11	    7523	     161	       2	       0
2020_10_12	    7537	     161	      14	       0
2020_10_13	    7551	     161	      14	       0
2020_10_14	    7565	     161	      14	       0
2020_10_15	    7579	     162	      14	       1
2020_10_16	    7593	     162	      14	       0
2020_10_17	    7607	     162	      14	       0
2020_10_18	    7621	     163	      14	       1
2020_10_19	    7627	     163	       6	       0
2020_10_20	    7633	     163	       6	       0
2020_10_21	    7639	     163	       6	       0
2020_10_22	    7645	     163	       6	       0
2020_10_23	    7651	     163	       6	       0
2020_10_24	    7657	     163	       6	       0
2020_10_25	    7663	     163	       6	       0
2020_10_26	    7663	     163	       0	       0
2020_10_27	    7663	     163	       0	       0
2020_10_28	    7663	     163	       0	       0
2020_10_29	    7663	     163	       0	       0
2020_10_30	    7663	     163	       0	       0
2020_10_31	    7663	     163	       0	       0
2020_11_01	    7663	     163	       0	       0
2020_11_02	    7671	     163	       8	       0
2020_11_03	    7680	     163	       9	       0
2020_11_04	    7689	     163	       9	       0
2020_11_05	    7698	     163	       9	       0
2020_11_06	    7707	     163	       9	       0
2020_11_07	    7716	     163	       9	       0
2020_11_08	    7725	     163	       9	       0
2020_11_09	    7747	     163	      22	       0
2020_11_10	    7770	     163	      23	       0
2020_11_11	    7793	     163	      23	       0
2020_11_12	    7816	     164	      23	       1
2020_11_13	    7839	     164	      23	       0
2020_11_14	    7862	     164	      23	       0
2020_11_15	    7885	     165	      23	       1
2020_11_16	    7912	     165	      27	       0
2020_11_17	    7939	     166	      27	       1
2020_11_18	    7966	     166	      27	       0
2020_11_19	    7993	     167	      27	       1
2020_11_20	    8020	     167	      27	       0
2020_11_21	    8047	     168	      27	       1
2020_11_22	    8075	     169	      28	       1
2020_11_23	    8124	     169	      49	       0
2020_11_24	    8174	     169	      50	       0
2020_11_25	    8224	     170	      50	       1
2020_11_26	    8274	     170	      50	       0
2020_11_27	    8324	     171	      50	       1
2020_11_28	    8374	     171	      50	       0
2020_11_29	    8424	     172	      50	       1
2020_11_30	    8424	     172	       0	       0
2020_12_01	    8424	     172	       0	       0
2020_12_02	    8424	     172	       0	       0
2020_12_03	    8424	     172	       0	       0
2020_12_04	    8424	     172	       0	       0
2020_12_05	    8424	     172	       0	       0
2020_12_06	    8424	     172	       0	       0
2020_12_07	    8603	     175	     179	       3
2020_12_08	    8782	     178	     179	       3
2020_12_09	    8961	     181	     179	       3
2020_12_10	    9141	     184	     180	       3
2020_12_11	    9320	     187	     179	       3
2020_12_12	    9499	     190	     179	       3
2020_12_13	    9679	     194	     180	       4
2020_12_14	    9863	     198	     184	       4
2020_12_15	   10048	     202	     185	       4
2020_12_16	   10232	     207	     184	       5
2020_12_17	   10417	     211	     185	       4
2020_12_18	   10601	     216	     184	       5
2020_12_19	   10786	     220	     185	       4
2020_12_20	   10971	     225	     185	       5
2020_12_21	   10971	     225	       0	       0
2020_12_22	   10971	     225	       0	       0
2020_12_23	   10971	     225	       0	       0
2020_12_24	   10971	     225	       0	       0
2020_12_25	   10971	     225	       0	       0
2020_12_26	   10971	     225	       0	       0
2020_12_27	   10971	     225	       0	       0
2020_12_28	   11455	     242	     484	      17
2020_12_29	   11940	     259	     485	      17
2020_12_30	   12425	     277	     485	      18
2020_12_31	   12909	     294	     484	      17
2021_01_01	   13394	     312	     485	      18
2021_01_02	   13879	     329	     485	      17
2021_01_03	   14364	     347	     485	      18
2021_01_04	   14485	     351	     121	       4
2021_01_05	   14606	     355	     121	       4
2021_01_06	   14728	     360	     122	       5
2021_01_07	   14849	     364	     121	       4
2021_01_08	   14971	     369	     122	       5
2021_01_09	   15092	     373	     121	       4
2021_01_10	   15214	     378	     122	       5
2021_01_11	   15311	     380	      97	       2
2021_01_12	   15408	     383	      97	       3
2021_01_13	   15505	     385	      97	       2
2021_01_14	   15602	     388	      97	       3
2021_01_15	   15699	     390	      97	       2
2021_01_16	   15796	     393	      97	       3
2021_01_17	   15893	     396	      97	       3
2021_01_18	   15940	     398	      47	       2
2021_01_19	   15987	     400	      47	       2
2021_01_20	   16034	     402	      47	       2
2021_01_21	   16081	     404	      47	       2
2021_01_22	   16128	     406	      47	       2
2021_01_23	   16175	     408	      47	       2
2021_01_24	   16222	     410	      47	       2
2021_01_25	   16256	     411	      34	       1
2021_01_26	   16290	     412	      34	       1
2021_01_27	   16324	     413	      34	       1
2021_01_28	   16358	     414	      34	       1
2021_01_29	   16392	     415	      34	       1
2021_01_30	   16426	     416	      34	       1
2021_01_31	   16460	     418	      34	       2
2021_02_01	   16505	     419	      45	       1
2021_02_02	   16550	     420	      45	       1
2021_02_03	   16595	     421	      45	       1
2021_02_04	   16641	     422	      46	       1
2021_02_05	   16686	     423	      45	       1
2021_02_06	   16731	     424	      45	       1
2021_02_07	   16777	     425	      46	       1
2021_02_08	   16777	     425	       0	       0
2021_02_09	   16777	     425	       0	       0
2021_02_10	   16777	     425	       0	       0
2021_02_11	   16777	     425	       0	       0
2021_02_12	   16777	     425	       0	       0
2021_02_13	   16777	     425	       0	       0
2021_02_14	   16777	     425	       0	       0
2021_02_15	   16820	     426	      43	       1
2021_02_16	   16864	     427	      44	       1
2021_02_17	   16908	     428	      44	       1
2021_02_18	   16951	     430	      43	       2
2021_02_19	   16995	     431	      44	       1
2021_02_20	   17039	     432	      44	       1
2021_02_21	   17083	     434	      44	       2
2021_02_22	   17096	     434	      13	       0
2021_02_23	   17110	     435	      14	       1
2021_02_24	   17124	     436	      14	       1
2021_02_25	   17137	     436	      13	       0
2021_02_26	   17151	     437	      14	       1
2021_02_27	   17165	     438	      14	       1
2021_02_28	   17179	     439	      14	       1
2021_03_01	   17197	     439	      18	       0
2021_03_02	   17216	     439	      19	       0
2021_03_03	   17234	     440	      18	       1
2021_03_04	   17253	     440	      19	       0
2021_03_05	   17271	     441	      18	       1
2021_03_06	   17290	     441	      19	       0
2021_03_07	   17309	     442	      19	       1
2021_03_08	   17323	     442	      14	       0
2021_03_09	   17337	     442	      14	       0
2021_03_10	   17352	     442	      15	       0
2021_03_11	   17366	     442	      14	       0
2021_03_12	   17381	     442	      15	       0
2021_03_13	   17395	     442	      14	       0
2021_03_14	   17410	     442	      15	       0
2021_03_15	   17435	     442	      25	       0
2021_03_16	   17460	     443	      25	       1
2021_03_17	   17485	     443	      25	       0
2021_03_18	   17511	     444	      26	       1
2021_03_19	   17536	     444	      25	       0
2021_03_20	   17561	     445	      25	       1
2021_03_21	   17587	     446	      26	       1
2021_03_22	   17609	     446	      22	       0
2021_03_23	   17632	     446	      23	       0
2021_03_24	   17654	     446	      22	       0
2021_03_25	   17677	     447	      23	       1
2021_03_26	   17699	     447	      22	       0
2021_03_27	   17722	     447	      23	       0
2021_03_28	   17745	     448	      23	       1
2021_03_29	   17769	     448	      24	       0
2021_03_30	   17794	     448	      25	       0
2021_03_31	   17818	     448	      24	       0
2021_04_01	   17843	     448	      25	       0
2021_04_02	   17867	     448	      24	       0
2021_04_03	   17892	     448	      25	       0
2021_04_04	   17917	     449	      25	       1
2021_04_05	   17929	     449	      12	       0
2021_04_06	   17942	     449	      13	       0
2021_04_07	   17954	     449	      12	       0
2021_04_08	   17967	     449	      13	       0
2021_04_09	   17979	     449	      12	       0
2021_04_10	   17992	     449	      13	       0
2021_04_11	   18005	     450	      13	       1
2021_04_12	   18021	     450	      16	       0
2021_04_13	   18038	     450	      17	       0
2021_04_14	   18054	     450	      16	       0
2021_04_15	   18071	     451	      17	       1
2021_04_16	   18087	     451	      16	       0
2021_04_17	   18104	     451	      17	       0
2021_04_18	   18121	     452	      17	       1
2021_04_19	   18131	     452	      10	       0
2021_04_20	   18141	     452	      10	       0
2021_04_21	   18151	     452	      10	       0
2021_04_22	   18161	     453	      10	       1
2021_04_23	   18171	     453	      10	       0
2021_04_24	   18181	     453	      10	       0
2021_04_25	   18192	     454	      11	       1
2021_04_26	   18222	     454	      30	       0
2021_04_27	   18252	     454	      30	       0
2021_04_28	   18282	     454	      30	       0
2021_04_29	   18312	     454	      30	       0
2021_04_30	   18342	     454	      30	       0
2021_05_01	   18372	     454	      30	       0
2021_05_02	   18402	     455	      30	       1
2021_05_03	   18435	     455	      33	       0
2021_05_04	   18468	     455	      33	       0
2021_05_05	   18502	     455	      34	       0
2021_05_06	   18535	     455	      33	       0
2021_05_07	   18569	     455	      34	       0
2021_05_08	   18602	     455	      33	       0
2021_05_09	   18636	     456	      34	       1
2021_05_10	   18660	     456	      24	       0
2021_05_11	   18684	     456	      24	       0
2021_05_12	   18708	     456	      24	       0
2021_05_13	   18733	     456	      25	       0
2021_05_14	   18757	     456	      24	       0
2021_05_15	   18781	     456	      24	       0
2021_05_16	   18806	     457	      25	       1
2021_05_17	   18850	     457	      44	       0
2021_05_18	   18894	     457	      44	       0
2021_05_19	   18938	     457	      44	       0
2021_05_20	   18982	     457	      44	       0
2021_05_21	   19026	     457	      44	       0
2021_05_22	   19070	     457	      44	       0
2021_05_23	   19114	     458	      44	       1
2021_05_24	   19163	     458	      49	       0
2021_05_25	   19213	     459	      50	       1
2021_05_26	   19263	     460	      50	       1
2021_05_27	   19313	     460	      50	       0
2021_05_28	   19363	     461	      50	       1
2021_05_29	   19413	     462	      50	       1
2021_05_30	   19463	     463	      50	       1
2021_05_31	   19509	     463	      46	       0
2021_06_01	   19555	     463	      46	       0
2021_06_02	   19601	     464	      46	       1
2021_06_03	   19647	     464	      46	       0
2021_06_04	   19693	     465	      46	       1
2021_06_05	   19739	     465	      46	       0
2021_06_06	   19785	     466	      46	       1
2021_06_07	   19821	     467	      36	       1
2021_06_08	   19857	     468	      36	       1
2021_06_09	   19894	     469	      37	       1
2021_06_10	   19930	     471	      36	       2
2021_06_11	   19967	     472	      37	       1
2021_06_12	   20003	     473	      36	       1
2021_06_13	   20040	     475	      37	       2
