#
# COVID-19 Country file (official WHO count)
# Country = Mexico
# Latitude = 19.0
# Population = 133870.027
# Territory = 1964375.0
# LEB = 75.1
# DPA = 775000
# DPA65 = 441750
# GDP = 9586.0
# GDP_PPP = 20236.0
# COVID-19 Mortality = 1716.8
# First_Case = 2020_02_29
# Last_Case = 2021_06_13
# First_Death = 2020_03_20
# Last_Death = 2021_06_13
# Status as of 2021_06_13 = Community transmission
# Vaccine type = Oxford/AstraZeneca, Pfizer/BioNTech, Sputnik V
# Vaccine start = 2020_12_24
#
Date	Conf_Cases	Conf_Deaths	Daily_Cases	Daily_Deaths
2020_02_29	       2	       0	       2	       0
2020_03_01	       2	       0	       0	       0
2020_03_02	       5	       0	       3	       0
2020_03_03	       5	       0	       0	       0
2020_03_04	       5	       0	       0	       0
2020_03_05	       5	       0	       0	       0
2020_03_06	       5	       0	       0	       0
2020_03_07	       5	       0	       0	       0
2020_03_08	       7	       0	       2	       0
2020_03_09	       7	       0	       0	       0
2020_03_10	       7	       0	       0	       0
2020_03_11	       7	       0	       0	       0
2020_03_12	      11	       0	       4	       0
2020_03_13	      12	       0	       1	       0
2020_03_14	      26	       0	      14	       0
2020_03_15	      41	       0	      15	       0
2020_03_16	      53	       0	      12	       0
2020_03_17	      53	       0	       0	       0
2020_03_18	      82	       0	      29	       0
2020_03_19	      93	       0	      11	       0
2020_03_20	     118	       1	      25	       1
2020_03_21	     164	       1	      46	       0
2020_03_22	     164	       1	       0	       0
2020_03_23	     251	       2	      87	       1
2020_03_24	     370	       4	     119	       2
2020_03_25	     370	       4	       0	       0
2020_03_26	     478	       5	     108	       1
2020_03_27	     478	       5	       0	       0
2020_03_28	     589	       8	     111	       3
2020_03_29	     717	      12	     128	       4
2020_03_30	     848	      16	     131	       4
2020_03_31	     993	      20	     145	       4
2020_04_01	    1094	      28	     101	       8
2020_04_02	    1215	      29	     121	       1
2020_04_03	    1378	      37	     163	       8
2020_04_04	    1510	      50	     132	      13
2020_04_05	    1688	      60	     178	      10
2020_04_06	    1890	      79	     202	      19
2020_04_07	    2143	      94	     253	      15
2020_04_08	    2439	     125	     296	      31
2020_04_09	    2785	     141	     346	      16
2020_04_10	    3181	     174	     396	      33
2020_04_11	    3441	     194	     260	      20
2020_04_12	    3844	     233	     403	      39
2020_04_13	    4219	     273	     375	      40
2020_04_14	    4661	     296	     442	      23
2020_04_15	    5014	     332	     353	      36
2020_04_16	    5399	     406	     385	      74
2020_04_17	    5847	     449	     448	      43
2020_04_18	    6297	     486	     450	      37
2020_04_19	    6875	     546	     578	      60
2020_04_20	    7497	     650	     622	     104
2020_04_21	    8261	     686	     764	      36
2020_04_22	    8772	     712	     511	      26
2020_04_23	    9501	     857	     729	     145
2020_04_24	   10544	     970	    1043	     113
2020_04_25	   11633	    1069	    1089	      99
2020_04_26	   12872	    1221	    1239	     152
2020_04_27	   13842	    1305	     970	      84
2020_04_28	   14677	    1351	     835	      46
2020_04_29	   15529	    1434	     852	      83
2020_04_30	   16752	    1569	    1223	     135
2020_05_01	   17799	    1732	    1047	     163
2020_05_02	   19224	    1859	    1425	     127
2020_05_03	   20739	    1972	    1515	     113
2020_05_04	   22088	    2061	    1349	      89
2020_05_05	   23471	    2154	    1383	      93
2020_05_06	   24905	    2271	    1434	     117
2020_05_07	   26025	    2507	    1120	     236
2020_05_08	   27634	    2704	    1609	     197
2020_05_09	   29616	    2961	    1982	     257
2020_05_10	   31522	    3160	    1906	     199
2020_05_11	   33460	    3353	    1938	     193
2020_05_12	   35022	    3465	    1562	     112
2020_05_13	   36327	    3573	    1305	     108
2020_05_14	   38324	    3926	    1997	     353
2020_05_15	   40186	    4220	    1862	     294
2020_05_16	   42595	    4477	    2409	     257
2020_05_17	   45032	    4767	    2437	     290
2020_05_18	   47144	    5045	    2112	     278
2020_05_19	   49219	    5177	    2075	     132
2020_05_20	   51633	    5332	    2414	     155
2020_05_21	   54346	    5666	    2713	     334
2020_05_22	   56594	    6090	    2248	     424
2020_05_23	   59567	    6510	    2973	     420
2020_05_24	   62527	    6989	    2960	     479
2020_05_25	   65856	    7179	    3329	     190
2020_05_26	   68620	    7394	    2764	     215
2020_05_27	   71105	    7633	    2485	     239
2020_05_28	   74560	    8134	    3455	     501
2020_05_29	   78023	    8597	    3463	     463
2020_05_30	   81400	    9044	    3377	     447
2020_05_31	   84627	    9415	    3227	     371
2020_06_01	   87512	    9779	    2885	     364
2020_06_02	   90664	    9930	    3152	     151
2020_06_03	   93435	   10167	    2771	     237
2020_06_04	   97326	   10637	    3891	     470
2020_06_05	  101238	   11728	    3912	    1091
2020_06_06	  105680	   12545	    4442	     817
2020_06_07	  110026	   13170	    4346	     625
2020_06_08	  113619	   13511	    3593	     341
2020_06_09	  117103	   13699	    3484	     188
2020_06_10	  120102	   14053	    2999	     354
2020_06_11	  124301	   14649	    4199	     596
2020_06_12	  129184	   15357	    4883	     708
2020_06_13	  133974	   15944	    4790	     587
2020_06_14	  139196	   16448	    5222	     504
2020_06_15	  142690	   16872	    3494	     424
2020_06_16	  146837	   17141	    4147	     269
2020_06_17	  150264	   17580	    3427	     439
2020_06_18	  154863	   18310	    4599	     730
2020_06_19	  159793	   19080	    4930	     770
2020_06_20	  165455	   19747	    5662	     667
2020_06_21	  170485	   20394	    5030	     647
2020_06_22	  175202	   20781	    4717	     387
2020_06_23	  180545	   21825	    5343	    1044
2020_06_24	  185122	   22584	    4577	     759
2020_06_25	  191410	   23377	    6288	     793
2020_06_26	  196847	   24324	    5437	     947
2020_06_27	  202951	   25060	    6104	     736
2020_06_28	  208392	   25779	    5441	     719
2020_06_29	  212802	   26381	    4410	     602
2020_06_30	  216852	   26648	    4050	     267
2020_07_01	  220657	   27121	    3805	     473
2020_07_02	  226089	   27769	    5432	     648
2020_07_03	  231770	   28510	    5681	     741
2020_07_04	  238511	   29189	    6741	     679
2020_07_05	  245251	   29843	    6740	     654
2020_07_06	  252165	   30366	    6914	     523
2020_07_07	  256848	   30639	    4683	     273
2020_07_08	  261750	   31119	    4902	     480
2020_07_09	  268008	   32014	    6258	     895
2020_07_10	  275003	   32796	    6995	     782
2020_07_11	  282283	   33526	    7280	     730
2020_07_12	  289174	   34191	    6891	     665
2020_07_13	  295268	   34730	    6094	     539
2020_07_14	  299750	   35006	    4482	     276
2020_07_15	  304435	   35491	    4685	     485
2020_07_16	  311486	   36327	    7051	     836
2020_07_17	  317635	   36906	    6149	     579
2020_07_18	  324041	   37574	    6406	     668
2020_07_19	  331298	   38310	    7257	     736
2020_07_20	  338913	   38888	    7615	     578
2020_07_21	  344224	   39184	    5311	     296
2020_07_22	  349396	   39485	    5172	     301
2020_07_23	  356255	   40400	    6859	     915
2020_07_24	  362274	   41190	    6019	     790
2020_07_25	  370712	   41908	    8438	     718
2020_07_26	  370712	   41908	       0	       0
2020_07_27	  385036	   43374	   14324	    1466
2020_07_28	  390516	   43680	    5480	     306
2020_07_29	  395489	   44022	    4973	     342
2020_07_30	  402697	   44876	    7208	     854
2020_07_31	  408449	   45361	    5752	     485
2020_08_01	  416179	   46000	    7730	     639
2020_08_02	  424637	   46688	    8458	     688
2020_08_03	  434193	   47472	    9556	     784
2020_08_04	  439046	   47746	    4853	     274
2020_08_05	  443813	   48012	    4767	     266
2020_08_06	  449961	   48869	    6148	     857
2020_08_07	  456100	   49698	    6139	     829
2020_08_08	  462690	   50517	    6590	     819
2020_08_09	  469407	   51311	    6717	     794
2020_08_10	  475902	   52006	    6495	     695
2020_08_11	  480278	   52298	    4376	     292
2020_08_12	  485836	   53003	    5558	     705
2020_08_13	  492522	   53929	    6686	     926
2020_08_14	  498380	   54666	    5858	     737
2020_08_15	  505751	   55293	    7371	     627
2020_08_16	  511369	   55908	    5618	     615
2020_08_17	  516849	   56436	    5480	     528
2020_08_18	  522330	   56965	    5481	     529
2020_08_19	  527811	   57494	    5481	     529
2020_08_20	  533291	   58023	    5480	     529
2020_08_21	  538772	   58552	    5481	     529
2020_08_22	  544253	   59081	    5481	     529
2020_08_23	  549734	   59610	    5481	     529
2020_08_24	  554877	   60115	    5143	     505
2020_08_25	  560020	   60620	    5143	     505
2020_08_26	  565164	   61125	    5144	     505
2020_08_27	  570307	   61630	    5143	     505
2020_08_28	  575451	   62135	    5144	     505
2020_08_29	  580594	   62640	    5143	     505
2020_08_30	  585738	   63146	    5144	     506
2020_08_31	  591074	   63675	    5336	     529
2020_09_01	  596410	   64204	    5336	     529
2020_09_02	  601746	   64733	    5336	     529
2020_09_03	  607082	   65263	    5336	     530
2020_09_04	  612418	   65792	    5336	     529
2020_09_05	  617754	   66321	    5336	     529
2020_09_06	  623090	   66851	    5336	     530
2020_09_07	  628119	   67327	    5029	     476
2020_09_08	  633149	   67803	    5030	     476
2020_09_09	  638179	   68279	    5030	     476
2020_09_10	  643209	   68755	    5030	     476
2020_09_11	  648239	   69231	    5030	     476
2020_09_12	  653269	   69707	    5030	     476
2020_09_13	  658299	   70183	    5030	     476
2020_09_14	  662678	   70557	    4379	     374
2020_09_15	  667057	   70931	    4379	     374
2020_09_16	  671436	   71305	    4379	     374
2020_09_17	  675816	   71680	    4380	     375
2020_09_18	  680195	   72054	    4379	     374
2020_09_19	  684574	   72428	    4379	     374
2020_09_20	  688954	   72803	    4380	     375
2020_09_21	  693511	   73237	    4557	     434
2020_09_22	  698069	   73671	    4558	     434
2020_09_23	  702627	   74106	    4558	     435
2020_09_24	  707184	   74540	    4557	     434
2020_09_25	  711742	   74975	    4558	     435
2020_09_26	  716300	   75409	    4558	     434
2020_09_27	  720858	   75844	    4558	     435
2020_09_28	  725462	   76222	    4604	     378
2020_09_29	  730067	   76600	    4605	     378
2020_09_30	  734671	   76978	    4604	     378
2020_10_01	  739276	   77357	    4605	     379
2020_10_02	  743880	   77735	    4604	     378
2020_10_03	  748485	   78113	    4605	     378
2020_10_04	  753090	   78492	    4605	     379
2020_10_05	  761184	   79208	    8094	     716
2020_10_06	  769278	   79924	    8094	     716
2020_10_07	  777373	   80641	    8095	     717
2020_10_08	  785467	   81357	    8094	     716
2020_10_09	  793562	   82074	    8095	     717
2020_10_10	  801656	   82790	    8094	     716
2020_10_11	  809751	   83507	    8095	     717
2020_10_12	  815676	   83887	    5925	     380
2020_10_13	  821601	   84267	    5925	     380
2020_10_14	  827526	   84647	    5925	     380
2020_10_15	  833451	   85027	    5925	     380
2020_10_16	  839376	   85407	    5925	     380
2020_10_17	  845301	   85787	    5925	     380
2020_10_18	  851227	   86167	    5926	     380
2020_10_19	  856931	   86560	    5704	     393
2020_10_20	  862636	   86954	    5705	     394
2020_10_21	  868341	   87348	    5705	     394
2020_10_22	  874045	   87742	    5704	     394
2020_10_23	  879750	   88136	    5705	     394
2020_10_24	  885455	   88530	    5705	     394
2020_10_25	  891160	   88924	    5705	     394
2020_10_26	  895110	   89261	    3950	     337
2020_10_27	  899060	   89599	    3950	     338
2020_10_28	  903010	   89937	    3950	     338
2020_10_29	  906960	   90275	    3950	     338
2020_10_30	  910910	   90613	    3950	     338
2020_10_31	  914860	   90951	    3950	     338
2020_11_01	  918811	   91289	    3951	     338
2020_11_02	  923999	   91722	    5188	     433
2020_11_03	  929187	   92155	    5188	     433
2020_11_04	  934375	   92589	    5188	     434
2020_11_05	  939563	   93022	    5188	     433
2020_11_06	  944751	   93456	    5188	     434
2020_11_07	  949939	   93889	    5188	     433
2020_11_08	  955128	   94323	    5189	     434
2020_11_09	  961165	   94794	    6037	     471
2020_11_10	  967203	   95266	    6038	     472
2020_11_11	  973241	   95737	    6038	     471
2020_11_12	  979279	   96209	    6038	     472
2020_11_13	  985317	   96680	    6038	     471
2020_11_14	  991355	   97152	    6038	     472
2020_11_15	  997393	   97624	    6038	     472
2020_11_16	 1001475	   98081	    4082	     457
2020_11_17	 1005557	   98538	    4082	     457
2020_11_18	 1009639	   98995	    4082	     457
2020_11_19	 1013722	   99452	    4083	     457
2020_11_20	 1017804	   99909	    4082	     457
2020_11_21	 1021886	  100366	    4082	     457
2020_11_22	 1025969	  100823	    4083	     457
2020_11_23	 1035212	  101401	    9243	     578
2020_11_24	 1044456	  101980	    9244	     579
2020_11_25	 1053700	  102558	    9244	     578
2020_11_26	 1062943	  103137	    9243	     579
2020_11_27	 1072187	  103715	    9244	     578
2020_11_28	 1081431	  104294	    9244	     579
2020_11_29	 1090675	  104873	    9244	     579
2020_11_30	 1100117	  105443	    9442	     570
2020_12_01	 1109559	  106013	    9442	     570
2020_12_02	 1119001	  106583	    9442	     570
2020_12_03	 1128443	  107153	    9442	     570
2020_12_04	 1137885	  107723	    9442	     570
2020_12_05	 1147327	  108293	    9442	     570
2020_12_06	 1156770	  108863	    9443	     570
2020_12_07	 1167142	  109456	   10372	     593
2020_12_08	 1177515	  110050	   10373	     594
2020_12_09	 1187888	  110644	   10373	     594
2020_12_10	 1198260	  111237	   10372	     593
2020_12_11	 1208633	  111831	   10373	     594
2020_12_12	 1219006	  112425	   10373	     594
2020_12_13	 1229379	  113019	   10373	     594
2020_12_14	 1239688	  113623	   10309	     604
2020_12_15	 1249998	  114227	   10310	     604
2020_12_16	 1260307	  114831	   10309	     604
2020_12_17	 1270617	  115436	   10310	     605
2020_12_18	 1280926	  116040	   10309	     604
2020_12_19	 1291236	  116644	   10310	     604
2020_12_20	 1301546	  117249	   10310	     605
2020_12_21	 1311645	  117904	   10099	     655
2020_12_22	 1321745	  118559	   10100	     655
2020_12_23	 1331844	  119215	   10099	     656
2020_12_24	 1341944	  119870	   10100	     655
2020_12_25	 1352043	  120526	   10099	     656
2020_12_26	 1362143	  121181	   10100	     655
2020_12_27	 1372243	  121837	   10100	     656
2020_12_28	 1381520	  122504	    9277	     667
2020_12_29	 1390797	  123171	    9277	     667
2020_12_30	 1400075	  123838	    9278	     667
2020_12_31	 1409352	  124505	    9277	     667
2021_01_01	 1418630	  125172	    9278	     667
2021_01_02	 1427907	  125839	    9277	     667
2021_01_03	 1437185	  126507	    9278	     668
2021_01_04	 1447291	  127301	   10106	     794
2021_01_05	 1457398	  128096	   10107	     795
2021_01_06	 1467504	  128890	   10106	     794
2021_01_07	 1477611	  129685	   10107	     795
2021_01_08	 1487717	  130479	   10106	     794
2021_01_09	 1497824	  131274	   10107	     795
2021_01_10	 1507931	  132069	   10107	     795
2021_01_11	 1522474	  133062	   14543	     993
2021_01_12	 1537017	  134055	   14543	     993
2021_01_13	 1551561	  135048	   14544	     993
2021_01_14	 1566104	  136042	   14543	     994
2021_01_15	 1580648	  137035	   14544	     993
2021_01_16	 1595191	  138028	   14543	     993
2021_01_17	 1609735	  139022	   14544	     994
2021_01_18	 1627242	  140249	   17507	    1227
2021_01_19	 1644750	  141476	   17508	    1227
2021_01_20	 1662258	  142704	   17508	    1228
2021_01_21	 1679766	  143931	   17508	    1227
2021_01_22	 1697274	  145159	   17508	    1228
2021_01_23	 1714782	  146386	   17508	    1227
2021_01_24	 1732290	  147614	   17508	    1228
2021_01_25	 1747947	  148894	   15657	    1280
2021_01_26	 1763605	  150175	   15658	    1281
2021_01_27	 1779262	  151456	   15657	    1281
2021_01_28	 1794920	  152736	   15658	    1280
2021_01_29	 1810577	  154017	   15657	    1281
2021_01_30	 1826235	  155298	   15658	    1281
2021_01_31	 1841893	  156579	   15658	    1281
2021_02_01	 1852032	  157680	   10139	    1101
2021_02_02	 1862172	  158782	   10140	    1102
2021_02_03	 1872312	  159883	   10140	    1101
2021_02_04	 1882451	  160985	   10139	    1102
2021_02_05	 1892591	  162086	   10140	    1101
2021_02_06	 1902731	  163188	   10140	    1102
2021_02_07	 1912871	  164290	   10140	    1102
2021_02_08	 1922311	  165471	    9440	    1181
2021_02_09	 1931751	  166652	    9440	    1181
2021_02_10	 1941192	  167833	    9441	    1181
2021_02_11	 1950632	  169014	    9440	    1181
2021_02_12	 1960073	  170195	    9441	    1181
2021_02_13	 1969513	  171376	    9440	    1181
2021_02_14	 1978954	  172557	    9441	    1181
2021_02_15	 1986316	  173472	    7362	     915
2021_02_16	 1993678	  174387	    7362	     915
2021_02_17	 2001041	  175303	    7363	     916
2021_02_18	 2008403	  176218	    7362	     915
2021_02_19	 2015766	  177134	    7363	     916
2021_02_20	 2023128	  178049	    7362	     915
2021_02_21	 2030491	  178965	    7363	     916
2021_02_22	 2037118	  179752	    6627	     787
2021_02_23	 2043745	  180539	    6627	     787
2021_02_24	 2050372	  181326	    6627	     787
2021_02_25	 2057000	  182113	    6628	     787
2021_02_26	 2063627	  182900	    6627	     787
2021_02_27	 2070254	  183687	    6627	     787
2021_02_28	 2076882	  184474	    6628	     787
2021_03_01	 2082942	  185203	    6060	     729
2021_03_02	 2089002	  185932	    6060	     729
2021_03_03	 2095063	  186661	    6061	     729
2021_03_04	 2101123	  187390	    6060	     729
2021_03_05	 2107184	  188119	    6061	     729
2021_03_06	 2113244	  188848	    6060	     729
2021_03_07	 2119305	  189578	    6061	     730
2021_03_08	 2124800	  190188	    5495	     610
2021_03_09	 2130295	  190798	    5495	     610
2021_03_10	 2135790	  191409	    5495	     611
2021_03_11	 2141285	  192019	    5495	     610
2021_03_12	 2146780	  192630	    5495	     611
2021_03_13	 2152275	  193240	    5495	     610
2021_03_14	 2157771	  193851	    5496	     611
2021_03_15	 2162076	  194332	    4305	     481
2021_03_16	 2166382	  194813	    4306	     481
2021_03_17	 2170687	  195294	    4305	     481
2021_03_18	 2174993	  195775	    4306	     481
2021_03_19	 2179298	  196256	    4305	     481
2021_03_20	 2183604	  196737	    4306	     481
2021_03_21	 2187910	  197219	    4306	     482
2021_03_22	 2192472	  197739	    4562	     520
2021_03_23	 2197034	  198259	    4562	     520
2021_03_24	 2201596	  198780	    4562	     521
2021_03_25	 2206158	  199300	    4562	     520
2021_03_26	 2210720	  199821	    4562	     521
2021_03_27	 2215282	  200341	    4562	     520
2021_03_28	 2219845	  200862	    4563	     521
2021_03_29	 2223775	  201289	    3930	     427
2021_03_30	 2227705	  201716	    3930	     427
2021_03_31	 2231635	  202144	    3930	     428
2021_04_01	 2235566	  202571	    3931	     427
2021_04_02	 2239496	  202999	    3930	     428
2021_04_03	 2243426	  203426	    3930	     427
2021_04_04	 2247357	  203854	    3931	     428
2021_04_05	 2250886	  204306	    3529	     452
2021_04_06	 2254416	  204758	    3530	     452
2021_04_07	 2257945	  205210	    3529	     452
2021_04_08	 2261475	  205663	    3530	     453
2021_04_09	 2265004	  206115	    3529	     452
2021_04_10	 2268534	  206567	    3530	     452
2021_04_11	 2272064	  207020	    3530	     453
2021_04_12	 2276046	  207687	    3982	     667
2021_04_13	 2280028	  208355	    3982	     668
2021_04_14	 2284010	  209022	    3982	     667
2021_04_15	 2287992	  209690	    3982	     668
2021_04_16	 2291974	  210357	    3982	     667
2021_04_17	 2295956	  211025	    3982	     668
2021_04_18	 2299939	  211693	    3983	     668
2021_04_19	 2303294	  212094	    3355	     401
2021_04_20	 2306650	  212496	    3356	     402
2021_04_21	 2310006	  212897	    3356	     401
2021_04_22	 2313362	  213299	    3356	     402
2021_04_23	 2316718	  213700	    3356	     401
2021_04_24	 2320074	  214102	    3356	     402
2021_04_25	 2323430	  214504	    3356	     402
2021_04_26	 2326476	  214847	    3046	     343
2021_04_27	 2329522	  215190	    3046	     343
2021_04_28	 2332569	  215533	    3047	     343
2021_04_29	 2335615	  215877	    3046	     344
2021_04_30	 2338662	  216220	    3047	     343
2021_05_01	 2341708	  216563	    3046	     343
2021_05_02	 2344755	  216907	    3047	     344
2021_05_03	 2347200	  217157	    2445	     250
2021_05_04	 2349646	  217407	    2446	     250
2021_05_05	 2352091	  217657	    2445	     250
2021_05_06	 2354537	  217907	    2446	     250
2021_05_07	 2356982	  218157	    2445	     250
2021_05_08	 2359428	  218407	    2446	     250
2021_05_09	 2361874	  218657	    2446	     250
2021_05_10	 2364177	  218871	    2303	     214
2021_05_11	 2366480	  219086	    2303	     215
2021_05_12	 2368783	  219300	    2303	     214
2021_05_13	 2371086	  219515	    2303	     215
2021_05_14	 2373389	  219729	    2303	     214
2021_05_15	 2375692	  219944	    2303	     215
2021_05_16	 2377995	  220159	    2303	     215
2021_05_17	 2380102	  220315	    2107	     156
2021_05_18	 2382209	  220472	    2107	     157
2021_05_19	 2384316	  220629	    2107	     157
2021_05_20	 2386423	  220785	    2107	     156
2021_05_21	 2388530	  220942	    2107	     157
2021_05_22	 2390637	  221099	    2107	     157
2021_05_23	 2392744	  221256	    2107	     157
2021_05_24	 2395034	  221515	    2290	     259
2021_05_25	 2397325	  221774	    2291	     259
2021_05_26	 2399615	  222034	    2290	     260
2021_05_27	 2401906	  222293	    2291	     259
2021_05_28	 2404196	  222553	    2290	     260
2021_05_29	 2406487	  222812	    2291	     259
2021_05_30	 2408778	  223072	    2291	     260
2021_05_31	 2411757	  223857	    2979	     785
2021_06_01	 2414736	  224642	    2979	     785
2021_06_02	 2417715	  225427	    2979	     785
2021_06_03	 2420694	  226212	    2979	     785
2021_06_04	 2423673	  226997	    2979	     785
2021_06_05	 2426652	  227782	    2979	     785
2021_06_06	 2429631	  228568	    2979	     786
2021_06_07	 2432372	  228747	    2741	     179
2021_06_08	 2435113	  228926	    2741	     179
2021_06_09	 2437854	  229105	    2741	     179
2021_06_10	 2440596	  229285	    2742	     180
2021_06_11	 2443337	  229464	    2741	     179
2021_06_12	 2446078	  229643	    2741	     179
2021_06_13	 2448820	  229823	    2742	     180
