#
# COVID-19 Country file (official WHO count)
# Country = Morocco
# Latitude = 32.0
# Population = 37070.718
# Territory = 446550.0
# LEB = 76.7
# DPA = 184000
# DPA65 = 123280
# GDP = 3212.0
# GDP_PPP = 8951.0
# COVID-19 Mortality = 248.4
# First_Case = 2020_03_03
# Last_Case = 2021_06_13
# First_Death = 2020_03_11
# Last_Death = 2021_06_13
# Status as of 2021_06_13 = Community transmission
# Vaccine type = Oxford/AstraZeneca, Sinopharm/Beijing
# Vaccine start = 2021_02_19
#
Date	Conf_Cases	Conf_Deaths	Daily_Cases	Daily_Deaths
2020_03_03	       1	       0	       1	       0
2020_03_04	       1	       0	       0	       0
2020_03_05	       2	       0	       1	       0
2020_03_06	       2	       0	       0	       0
2020_03_07	       2	       0	       0	       0
2020_03_08	       2	       0	       0	       0
2020_03_09	       2	       0	       0	       0
2020_03_10	       2	       0	       0	       0
2020_03_11	       3	       1	       1	       1
2020_03_12	       5	       1	       2	       0
2020_03_13	       6	       1	       1	       0
2020_03_14	       7	       1	       1	       0
2020_03_15	      18	       1	      11	       0
2020_03_16	      28	       1	      10	       0
2020_03_17	      38	       2	      10	       1
2020_03_18	      38	       2	       0	       0
2020_03_19	      49	       2	      11	       0
2020_03_20	      61	       2	      12	       0
2020_03_21	      74	       3	      13	       1
2020_03_22	      86	       3	      12	       0
2020_03_23	     115	       4	      29	       1
2020_03_24	     143	       4	      28	       0
2020_03_25	     170	       5	      27	       1
2020_03_26	     225	       6	      55	       1
2020_03_27	     275	      10	      50	       4
2020_03_28	     358	      23	      83	      13
2020_03_29	     437	      26	      79	       3
2020_03_30	     516	      27	      79	       1
2020_03_31	     574	      33	      58	       6
2020_04_01	     638	      36	      64	       3
2020_04_02	     676	      39	      38	       3
2020_04_03	     735	      47	      59	       8
2020_04_04	     844	      50	     109	       3
2020_04_05	     960	      66	     116	      16
2020_04_06	    1113	      71	     153	       5
2020_04_07	    1141	      83	      28	      12
2020_04_08	    1184	      90	      43	       7
2020_04_09	    1275	      93	      91	       3
2020_04_10	    1377	      97	     102	       4
2020_04_11	    1448	     107	      71	      10
2020_04_12	    1545	     111	      97	       4
2020_04_13	    1661	     118	     116	       7
2020_04_14	    1763	     126	     102	       8
2020_04_15	    1888	     126	     125	       0
2020_04_16	    2024	     127	     136	       1
2020_04_17	    2283	     130	     259	       3
2020_04_18	    2564	     135	     281	       5
2020_04_19	    2685	     137	     121	       2
2020_04_20	    2855	     141	     170	       4
2020_04_21	    3046	     143	     191	       2
2020_04_22	    3209	     145	     163	       2
2020_04_23	    3446	     149	     237	       4
2020_04_24	    3568	     155	     122	       6
2020_04_25	    3758	     158	     190	       3
2020_04_26	    3897	     159	     139	       1
2020_04_27	    4065	     161	     168	       2
2020_04_28	    4120	     162	      55	       1
2020_04_29	    4252	     165	     132	       3
2020_04_30	    4359	     168	     107	       3
2020_05_01	    4423	     170	      64	       2
2020_05_02	    4569	     171	     146	       1
2020_05_03	    4729	     173	     160	       2
2020_05_04	    4903	     174	     174	       1
2020_05_05	    5053	     179	     150	       5
2020_05_06	    5219	     181	     166	       2
2020_05_07	    5408	     183	     189	       2
2020_05_08	    5548	     183	     140	       0
2020_05_09	    5711	     186	     163	       3
2020_05_10	    5910	     186	     199	       0
2020_05_11	    6063	     188	     153	       2
2020_05_12	    6360	     188	     297	       0
2020_05_13	    6418	     188	      58	       0
2020_05_14	    6512	     188	      94	       0
2020_05_15	    6607	     190	      95	       2
2020_05_16	    6652	     190	      45	       0
2020_05_17	    6741	     192	      89	       2
2020_05_18	    6870	     192	     129	       0
2020_05_19	    6972	     193	     102	       1
2020_05_20	    7023	     193	      51	       0
2020_05_21	    7133	     194	     110	       1
2020_05_22	    7211	     196	      78	       2
2020_05_23	    7332	     197	     121	       1
2020_05_24	    7406	     198	      74	       1
2020_05_25	    7433	     199	      27	       1
2020_05_26	    7532	     200	      99	       1
2020_05_27	    7577	     202	      45	       2
2020_05_28	    7601	     202	      24	       0
2020_05_29	    7643	     202	      42	       0
2020_05_30	    7714	     202	      71	       0
2020_05_31	    7780	     204	      66	       2
2020_06_01	    7807	     205	      27	       1
2020_06_02	    7833	     205	      26	       0
2020_06_03	    7866	     206	      33	       1
2020_06_04	    7922	     206	      56	       0
2020_06_05	    8003	     208	      81	       2
2020_06_06	    8071	     208	      68	       0
2020_06_07	    8151	     208	      80	       0
2020_06_08	    8224	     208	      73	       0
2020_06_09	    8302	     208	      78	       0
2020_06_10	    8437	     210	     135	       2
2020_06_11	    8508	     211	      71	       1
2020_06_12	    8537	     211	      29	       0
2020_06_13	    8610	     212	      73	       1
2020_06_14	    8692	     212	      82	       0
2020_06_15	    8793	     212	     101	       0
2020_06_16	    8885	     212	      92	       0
2020_06_17	    8931	     212	      46	       0
2020_06_18	    8997	     213	      66	       1
2020_06_19	    9074	     213	      77	       0
2020_06_20	    9613	     213	     539	       0
2020_06_21	    9839	     213	     226	       0
2020_06_22	    9977	     214	     138	       1
2020_06_23	   10172	     214	     195	       0
2020_06_24	   10344	     214	     172	       0
2020_06_25	   10907	     216	     563	       2
2020_06_26	   11338	     217	     431	       1
2020_06_27	   11633	     218	     295	       1
2020_06_28	   11877	     220	     244	       2
2020_06_29	   12052	     221	     175	       1
2020_06_30	   12290	     225	     238	       4
2020_07_01	   12533	     228	     243	       3
2020_07_02	   12636	     228	     103	       0
2020_07_03	   12969	     229	     333	       1
2020_07_04	   13288	     230	     319	       1
2020_07_05	   13822	     232	     534	       2
2020_07_06	   14215	     235	     393	       3
2020_07_07	   14379	     237	     164	       2
2020_07_08	   14607	     240	     228	       3
2020_07_09	   14771	     242	     164	       2
2020_07_10	   15079	     242	     308	       0
2020_07_11	   15443	     244	     364	       2
2020_07_12	   15542	     245	      99	       1
2020_07_13	   15745	     250	     203	       5
2020_07_14	   15936	     255	     191	       5
2020_07_15	   16097	     257	     161	       2
2020_07_16	   16262	     259	     165	       2
2020_07_17	   16545	     263	     283	       4
2020_07_18	   16726	     264	     181	       1
2020_07_19	   17015	     269	     289	       5
2020_07_20	   17236	     273	     221	       4
2020_07_21	   17562	     276	     326	       3
2020_07_22	   17742	     280	     180	       4
2020_07_23	   17962	     285	     220	       5
2020_07_24	   18264	     292	     302	       7
2020_07_25	   18834	     299	     570	       7
2020_07_26	   18834	     299	       0	       0
2020_07_27	   20278	     313	    1444	      14
2020_07_28	   20887	     316	     609	       3
2020_07_29	   21387	     327	     500	      11
2020_07_30	   22213	     334	     826	       7
2020_07_31	   23259	     346	    1046	      12
2020_08_01	   24322	     353	    1063	       7
2020_08_02	   25051	     367	     729	      14
2020_08_03	   25537	     382	     486	      15
2020_08_04	   26196	     401	     659	      19
2020_08_05	   27217	     417	    1021	      16
2020_08_06	   28500	     435	    1283	      18
2020_08_07	   29644	     449	    1144	      14
2020_08_08	   30662	     461	    1018	      12
2020_08_09	   32007	     480	    1345	      19
2020_08_10	   32007	     480	       0	       0
2020_08_11	   34063	     516	    2056	      36
2020_08_12	   35195	     533	    1132	      17
2020_08_13	   36694	     556	    1499	      23
2020_08_14	   37935	     584	    1241	      28
2020_08_15	   39241	     611	    1306	      27
2020_08_16	   41017	     632	    1776	      21
2020_08_17	   42416	     664	    1399	      32
2020_08_18	   43815	     696	    1399	      32
2020_08_19	   45214	     728	    1399	      32
2020_08_20	   46614	     761	    1400	      33
2020_08_21	   48013	     793	    1399	      32
2020_08_22	   49412	     825	    1399	      32
2020_08_23	   50812	     858	    1400	      33
2020_08_24	   52132	     889	    1320	      31
2020_08_25	   53453	     920	    1321	      31
2020_08_26	   54773	     952	    1320	      32
2020_08_27	   56094	     983	    1321	      31
2020_08_28	   57414	    1015	    1320	      32
2020_08_29	   58735	    1046	    1321	      31
2020_08_30	   60056	    1078	    1321	      32
2020_08_31	   61499	    1113	    1443	      35
2020_09_01	   62942	    1149	    1443	      36
2020_09_02	   64386	    1185	    1444	      36
2020_09_03	   65829	    1221	    1443	      36
2020_09_04	   67273	    1257	    1444	      36
2020_09_05	   68716	    1293	    1443	      36
2020_09_06	   70160	    1329	    1444	      36
2020_09_07	   72199	    1361	    2039	      32
2020_09_08	   74238	    1393	    2039	      32
2020_09_09	   76277	    1425	    2039	      32
2020_09_10	   78317	    1457	    2040	      32
2020_09_11	   80356	    1489	    2039	      32
2020_09_12	   82395	    1521	    2039	      32
2020_09_13	   84435	    1553	    2040	      32
2020_09_14	   86632	    1587	    2197	      34
2020_09_15	   88829	    1622	    2197	      35
2020_09_16	   91026	    1656	    2197	      34
2020_09_17	   93224	    1691	    2198	      35
2020_09_18	   95421	    1725	    2197	      34
2020_09_19	   97618	    1760	    2197	      35
2020_09_20	   99816	    1795	    2198	      35
2020_09_21	  102019	    1830	    2203	      35
2020_09_22	  104223	    1865	    2204	      35
2020_09_23	  106426	    1900	    2203	      35
2020_09_24	  108630	    1935	    2204	      35
2020_09_25	  110833	    1970	    2203	      35
2020_09_26	  113037	    2005	    2204	      35
2020_09_27	  115241	    2041	    2204	      36
2020_09_28	  117524	    2077	    2283	      36
2020_09_29	  119808	    2113	    2284	      36
2020_09_30	  122092	    2149	    2284	      36
2020_10_01	  124376	    2185	    2284	      36
2020_10_02	  126660	    2221	    2284	      36
2020_10_03	  128944	    2257	    2284	      36
2020_10_04	  131228	    2293	    2284	      36
2020_10_05	  133887	    2332	    2659	      39
2020_10_06	  136546	    2372	    2659	      40
2020_10_07	  139205	    2412	    2659	      40
2020_10_08	  141864	    2452	    2659	      40
2020_10_09	  144523	    2492	    2659	      40
2020_10_10	  147182	    2532	    2659	      40
2020_10_11	  149841	    2572	    2659	      40
2020_10_12	  153542	    2629	    3701	      57
2020_10_13	  157243	    2687	    3701	      58
2020_10_14	  160944	    2745	    3701	      58
2020_10_15	  164645	    2802	    3701	      57
2020_10_16	  168346	    2860	    3701	      58
2020_10_17	  172047	    2918	    3701	      58
2020_10_18	  175749	    2976	    3702	      58
2020_10_19	  179177	    3032	    3428	      56
2020_10_20	  182605	    3089	    3428	      57
2020_10_21	  186033	    3146	    3428	      57
2020_10_22	  189461	    3202	    3428	      56
2020_10_23	  192889	    3259	    3428	      57
2020_10_24	  196317	    3316	    3428	      57
2020_10_25	  199745	    3373	    3428	      57
2020_10_26	  202507	    3419	    2762	      46
2020_10_27	  205270	    3465	    2763	      46
2020_10_28	  208033	    3511	    2763	      46
2020_10_29	  210795	    3557	    2762	      46
2020_10_30	  213558	    3603	    2763	      46
2020_10_31	  216321	    3649	    2763	      46
2020_11_01	  219084	    3695	    2763	      46
2020_11_02	  223812	    3766	    4728	      71
2020_11_03	  228541	    3838	    4729	      72
2020_11_04	  233270	    3910	    4729	      72
2020_11_05	  237998	    3981	    4728	      71
2020_11_06	  242727	    4053	    4729	      72
2020_11_07	  247456	    4125	    4729	      72
2020_11_08	  252185	    4197	    4729	      72
2020_11_09	  257331	    4268	    5146	      71
2020_11_10	  262478	    4339	    5147	      71
2020_11_11	  267624	    4411	    5146	      72
2020_11_12	  272771	    4482	    5147	      71
2020_11_13	  277917	    4554	    5146	      72
2020_11_14	  283064	    4625	    5147	      71
2020_11_15	  288211	    4697	    5147	      72
2020_11_16	  292889	    4776	    4678	      79
2020_11_17	  297568	    4856	    4679	      80
2020_11_18	  302247	    4936	    4679	      80
2020_11_19	  306925	    5016	    4678	      80
2020_11_20	  311604	    5096	    4679	      80
2020_11_21	  316283	    5176	    4679	      80
2020_11_22	  320962	    5256	    4679	      80
2020_11_23	  325065	    5325	    4103	      69
2020_11_24	  329169	    5394	    4104	      69
2020_11_25	  333273	    5463	    4104	      69
2020_11_26	  337376	    5532	    4103	      69
2020_11_27	  341480	    5601	    4104	      69
2020_11_28	  345584	    5670	    4104	      69
2020_11_29	  349688	    5739	    4104	      69
2020_11_30	  353552	    5802	    3864	      63
2020_12_01	  357416	    5866	    3864	      64
2020_12_02	  361280	    5929	    3864	      63
2020_12_03	  365145	    5993	    3865	      64
2020_12_04	  369009	    6056	    3864	      63
2020_12_05	  372873	    6120	    3864	      64
2020_12_06	  376738	    6184	    3865	      64
2020_12_07	  379717	    6241	    2979	      57
2020_12_08	  382697	    6299	    2980	      58
2020_12_09	  385677	    6357	    2980	      58
2020_12_10	  388657	    6415	    2980	      58
2020_12_11	  391637	    6473	    2980	      58
2020_12_12	  394617	    6531	    2980	      58
2020_12_13	  397597	    6589	    2980	      58
2020_12_14	  400115	    6634	    2518	      45
2020_12_15	  402633	    6680	    2518	      46
2020_12_16	  405152	    6726	    2519	      46
2020_12_17	  407670	    6771	    2518	      45
2020_12_18	  410189	    6817	    2519	      46
2020_12_19	  412707	    6863	    2518	      46
2020_12_20	  415226	    6909	    2519	      46
2020_12_21	  417416	    6951	    2190	      42
2020_12_22	  419607	    6993	    2191	      42
2020_12_23	  421798	    7035	    2191	      42
2020_12_24	  423989	    7077	    2191	      42
2020_12_25	  426180	    7119	    2191	      42
2020_12_26	  428371	    7161	    2191	      42
2020_12_27	  430562	    7204	    2191	      43
2020_12_28	  432216	    7239	    1654	      35
2020_12_29	  433870	    7274	    1654	      35
2020_12_30	  435524	    7310	    1654	      36
2020_12_31	  437178	    7345	    1654	      35
2021_01_01	  438832	    7381	    1654	      36
2021_01_02	  440486	    7416	    1654	      35
2021_01_03	  442141	    7452	    1655	      36
2021_01_04	  443497	    7488	    1356	      36
2021_01_05	  444854	    7525	    1357	      37
2021_01_06	  446210	    7562	    1356	      37
2021_01_07	  447567	    7598	    1357	      36
2021_01_08	  448923	    7635	    1356	      37
2021_01_09	  450280	    7672	    1357	      37
2021_01_10	  451637	    7709	    1357	      37
2021_01_11	  452669	    7737	    1032	      28
2021_01_12	  453702	    7766	    1033	      29
2021_01_13	  454734	    7795	    1032	      29
2021_01_14	  455767	    7824	    1033	      29
2021_01_15	  456799	    7853	    1032	      29
2021_01_16	  457832	    7882	    1033	      29
2021_01_17	  458865	    7911	    1033	      29
2021_01_18	  459851	    7942	     986	      31
2021_01_19	  460837	    7973	     986	      31
2021_01_20	  461823	    8004	     986	      31
2021_01_21	  462810	    8035	     987	      31
2021_01_22	  463796	    8066	     986	      31
2021_01_23	  464782	    8097	     986	      31
2021_01_24	  465769	    8128	     987	      31
2021_01_25	  466472	    8146	     703	      18
2021_01_26	  467175	    8165	     703	      19
2021_01_27	  467878	    8184	     703	      19
2021_01_28	  468581	    8202	     703	      18
2021_01_29	  469284	    8221	     703	      19
2021_01_30	  469987	    8240	     703	      19
2021_01_31	  470691	    8259	     704	      19
2021_02_01	  471301	    8276	     610	      17
2021_02_02	  471912	    8293	     611	      17
2021_02_03	  472523	    8311	     611	      18
2021_02_04	  473133	    8328	     610	      17
2021_02_05	  473744	    8346	     611	      18
2021_02_06	  474355	    8363	     611	      17
2021_02_07	  474966	    8381	     611	      18
2021_02_08	  475418	    8392	     452	      11
2021_02_09	  475871	    8403	     453	      11
2021_02_10	  476324	    8414	     453	      11
2021_02_11	  476776	    8426	     452	      12
2021_02_12	  477229	    8437	     453	      11
2021_02_13	  477682	    8448	     453	      11
2021_02_14	  478135	    8460	     453	      12
2021_02_15	  478536	    8472	     401	      12
2021_02_16	  478938	    8485	     402	      13
2021_02_17	  479340	    8497	     402	      12
2021_02_18	  479742	    8510	     402	      13
2021_02_19	  480144	    8522	     402	      12
2021_02_20	  480546	    8535	     402	      13
2021_02_21	  480948	    8548	     402	      13
2021_02_22	  481299	    8557	     351	       9
2021_02_23	  481651	    8567	     352	      10
2021_02_24	  482003	    8576	     352	       9
2021_02_25	  482354	    8586	     351	      10
2021_02_26	  482706	    8595	     352	       9
2021_02_27	  483058	    8605	     352	      10
2021_02_28	  483410	    8615	     352	      10
2021_03_01	  483776	    8623	     366	       8
2021_03_02	  484142	    8632	     366	       9
2021_03_03	  484508	    8641	     366	       9
2021_03_04	  484875	    8649	     367	       8
2021_03_05	  485241	    8658	     366	       9
2021_03_06	  485607	    8667	     366	       9
2021_03_07	  485974	    8676	     367	       9
2021_03_08	  486353	    8682	     379	       6
2021_03_09	  486733	    8688	     380	       6
2021_03_10	  487113	    8694	     380	       6
2021_03_11	  487492	    8700	     379	       6
2021_03_12	  487872	    8706	     380	       6
2021_03_13	  488252	    8712	     380	       6
2021_03_14	  488632	    8718	     380	       6
2021_03_15	  489036	    8724	     404	       6
2021_03_16	  489440	    8730	     404	       6
2021_03_17	  489845	    8737	     405	       7
2021_03_18	  490249	    8743	     404	       6
2021_03_19	  490654	    8750	     405	       7
2021_03_20	  491058	    8756	     404	       6
2021_03_21	  491463	    8763	     405	       7
2021_03_22	  491876	    8768	     413	       5
2021_03_23	  492290	    8773	     414	       5
2021_03_24	  492703	    8778	     413	       5
2021_03_25	  493117	    8783	     414	       5
2021_03_26	  493530	    8788	     413	       5
2021_03_27	  493944	    8793	     414	       5
2021_03_28	  494358	    8798	     414	       5
2021_03_29	  494854	    8804	     496	       6
2021_03_30	  495350	    8810	     496	       6
2021_03_31	  495846	    8816	     496	       6
2021_04_01	  496343	    8823	     497	       7
2021_04_02	  496839	    8829	     496	       6
2021_04_03	  497335	    8835	     496	       6
2021_04_04	  497832	    8842	     497	       7
2021_04_05	  498382	    8849	     550	       7
2021_04_06	  498933	    8856	     551	       7
2021_04_07	  499484	    8863	     551	       7
2021_04_08	  500035	    8870	     551	       7
2021_04_09	  500586	    8877	     551	       7
2021_04_10	  501137	    8884	     551	       7
2021_04_11	  501688	    8891	     551	       7
2021_04_12	  502225	    8898	     537	       7
2021_04_13	  502762	    8906	     537	       8
2021_04_14	  503299	    8913	     537	       7
2021_04_15	  503836	    8921	     537	       8
2021_04_16	  504373	    8928	     537	       7
2021_04_17	  504910	    8936	     537	       8
2021_04_18	  505447	    8944	     537	       8
2021_04_19	  505959	    8950	     512	       6
2021_04_20	  506472	    8956	     513	       6
2021_04_21	  506985	    8962	     513	       6
2021_04_22	  507498	    8969	     513	       7
2021_04_23	  508011	    8975	     513	       6
2021_04_24	  508524	    8981	     513	       6
2021_04_25	  509037	    8988	     513	       7
2021_04_26	  509397	    8993	     360	       5
2021_04_27	  509758	    8998	     361	       5
2021_04_28	  510119	    9004	     361	       6
2021_04_29	  510479	    9009	     360	       5
2021_04_30	  510840	    9015	     361	       6
2021_05_01	  511201	    9020	     361	       5
2021_05_02	  511562	    9026	     361	       6
2021_05_03	  511857	    9031	     295	       5
2021_05_04	  512152	    9036	     295	       5
2021_05_05	  512447	    9042	     295	       6
2021_05_06	  512742	    9047	     295	       5
2021_05_07	  513037	    9053	     295	       6
2021_05_08	  513332	    9058	     295	       5
2021_05_09	  513628	    9064	     296	       6
2021_05_10	  513797	    9068	     169	       4
2021_05_11	  513967	    9073	     170	       5
2021_05_12	  514137	    9078	     170	       5
2021_05_13	  514307	    9083	     170	       5
2021_05_14	  514477	    9088	     170	       5
2021_05_15	  514647	    9093	     170	       5
2021_05_16	  514817	    9098	     170	       5
2021_05_17	  515102	    9101	     285	       3
2021_05_18	  515387	    9104	     285	       3
2021_05_19	  515672	    9107	     285	       3
2021_05_20	  515957	    9110	     285	       3
2021_05_21	  516242	    9113	     285	       3
2021_05_22	  516527	    9116	     285	       3
2021_05_23	  516812	    9119	     285	       3
2021_05_24	  517105	    9121	     293	       2
2021_05_25	  517399	    9124	     294	       3
2021_05_26	  517693	    9127	     294	       3
2021_05_27	  517986	    9129	     293	       2
2021_05_28	  518280	    9132	     294	       3
2021_05_29	  518574	    9135	     294	       3
2021_05_30	  518868	    9138	     294	       3
2021_05_31	  519200	    9143	     332	       5
2021_06_01	  519532	    9148	     332	       5
2021_06_02	  519865	    9153	     333	       5
2021_06_03	  520197	    9158	     332	       5
2021_06_04	  520530	    9163	     333	       5
2021_06_05	  520862	    9168	     332	       5
2021_06_06	  521195	    9173	     333	       5
2021_06_07	  521541	    9177	     346	       4
2021_06_08	  521887	    9182	     346	       5
2021_06_09	  522234	    9187	     347	       5
2021_06_10	  522580	    9192	     346	       5
2021_06_11	  522927	    9197	     347	       5
2021_06_12	  523273	    9202	     346	       5
2021_06_13	  523620	    9207	     347	       5
