#
# COVID-19 Country file (official WHO count)
# Country = Nicaragua
# Latitude = 12.0
# Population = 6416.568
# Territory = 130373.0
# LEB = 74.5
# DPA = 33000
# DPA65 = 15510
# GDP = 2057.0
# GDP_PPP = 5544.0
# COVID-19 Mortality = 29.3
# First_Case = 2020_03_20
# Last_Case = 2021_06_13
# First_Death = 2020_03_28
# Last_Death = 2021_06_13
# Status as of 2021_06_13 = Community transmission
# Vaccine type = Unknown
# Vaccine start = NA
#
Date	Conf_Cases	Conf_Deaths	Daily_Cases	Daily_Deaths
2020_03_20	       1	       0	       1	       0
2020_03_21	       1	       0	       0	       0
2020_03_22	       2	       0	       1	       0
2020_03_23	       2	       0	       0	       0
2020_03_24	       2	       0	       0	       0
2020_03_25	       2	       0	       0	       0
2020_03_26	       2	       0	       0	       0
2020_03_27	       2	       0	       0	       0
2020_03_28	       2	       1	       0	       1
2020_03_29	       4	       1	       2	       0
2020_03_30	       4	       1	       0	       0
2020_03_31	       4	       1	       0	       0
2020_04_01	       4	       1	       0	       0
2020_04_02	       5	       1	       1	       0
2020_04_03	       5	       1	       0	       0
2020_04_04	       5	       1	       0	       0
2020_04_05	       5	       1	       0	       0
2020_04_06	       5	       1	       0	       0
2020_04_07	       6	       1	       1	       0
2020_04_08	       6	       1	       0	       0
2020_04_09	       6	       1	       0	       0
2020_04_10	       6	       1	       0	       0
2020_04_11	       7	       1	       1	       0
2020_04_12	       7	       1	       0	       0
2020_04_13	       9	       1	       2	       0
2020_04_14	       9	       1	       0	       0
2020_04_15	       9	       1	       0	       0
2020_04_16	       9	       1	       0	       0
2020_04_17	       9	       1	       0	       0
2020_04_18	       9	       1	       0	       0
2020_04_19	       9	       1	       0	       0
2020_04_20	       9	       1	       0	       0
2020_04_21	       9	       2	       0	       1
2020_04_22	      10	       2	       1	       0
2020_04_23	      10	       2	       0	       0
2020_04_24	      10	       2	       0	       0
2020_04_25	      11	       3	       1	       1
2020_04_26	      11	       3	       0	       0
2020_04_27	      13	       3	       2	       0
2020_04_28	      13	       3	       0	       0
2020_04_29	      13	       3	       0	       0
2020_04_30	      13	       3	       0	       0
2020_05_01	      14	       4	       1	       1
2020_05_02	      14	       4	       0	       0
2020_05_03	      14	       4	       0	       0
2020_05_04	      14	       4	       0	       0
2020_05_05	      15	       5	       1	       1
2020_05_06	      15	       5	       0	       0
2020_05_07	      16	       5	       1	       0
2020_05_08	      16	       5	       0	       0
2020_05_09	      16	       5	       0	       0
2020_05_10	      16	       5	       0	       0
2020_05_11	      16	       5	       0	       0
2020_05_12	      16	       5	       0	       0
2020_05_13	      16	       5	       0	       0
2020_05_14	      25	       8	       9	       3
2020_05_15	      25	       8	       0	       0
2020_05_16	      25	       8	       0	       0
2020_05_17	      25	       8	       0	       0
2020_05_18	      25	       8	       0	       0
2020_05_19	      25	       8	       0	       0
2020_05_20	      25	       8	       0	       0
2020_05_21	     279	      17	     254	       9
2020_05_22	     279	      17	       0	       0
2020_05_23	     279	      17	       0	       0
2020_05_24	     279	      17	       0	       0
2020_05_25	     279	      17	       0	       0
2020_05_26	     279	      17	       0	       0
2020_05_27	     279	      17	       0	       0
2020_05_28	     759	      35	     480	      18
2020_05_29	     885	      35	     126	       0
2020_05_30	     885	      35	       0	       0
2020_05_31	     885	      35	       0	       0
2020_06_01	     885	      35	       0	       0
2020_06_02	     885	      35	       0	       0
2020_06_03	     950	      35	      65	       0
2020_06_04	    1309	      46	     359	      11
2020_06_05	    1309	      46	       0	       0
2020_06_06	    1309	      46	       0	       0
2020_06_07	    1309	      46	       0	       0
2020_06_08	    1309	      46	       0	       0
2020_06_09	    1309	      46	       0	       0
2020_06_10	    1309	      46	       0	       0
2020_06_11	    1655	      55	     346	       9
2020_06_12	    1655	      55	       0	       0
2020_06_13	    1655	      55	       0	       0
2020_06_14	    1655	      55	       0	       0
2020_06_15	    1655	      55	       0	       0
2020_06_16	    1655	      55	       0	       0
2020_06_17	    1655	      55	       0	       0
2020_06_18	    2014	      64	     359	       9
2020_06_19	    2014	      64	       0	       0
2020_06_20	    2014	      64	       0	       0
2020_06_21	    2014	      64	       0	       0
2020_06_22	    2014	      64	       0	       0
2020_06_23	    2014	      64	       0	       0
2020_06_24	    2014	      64	       0	       0
2020_06_25	    2014	      74	       0	      10
2020_06_26	    2014	      74	       0	       0
2020_06_27	    2014	      74	       0	       0
2020_06_28	    2014	      74	       0	       0
2020_06_29	    2014	      74	       0	       0
2020_06_30	    2014	      74	       0	       0
2020_07_01	    2014	      74	       0	       0
2020_07_02	    2182	      83	     168	       9
2020_07_03	    2182	      83	       0	       0
2020_07_04	    2182	      83	       0	       0
2020_07_05	    2182	      83	       0	       0
2020_07_06	    2182	      83	       0	       0
2020_07_07	    2182	      83	       0	       0
2020_07_08	    2182	      83	       0	       0
2020_07_09	    2411	      91	     229	       8
2020_07_10	    2411	      91	       0	       0
2020_07_11	    2411	      91	       0	       0
2020_07_12	    2411	      91	       0	       0
2020_07_13	    2411	      91	       0	       0
2020_07_14	    2411	      91	       0	       0
2020_07_15	    2712	      99	     301	       8
2020_07_16	    2712	      99	       0	       0
2020_07_17	    2712	      99	       0	       0
2020_07_18	    2712	      99	       0	       0
2020_07_19	    2712	      99	       0	       0
2020_07_20	    2712	      99	       0	       0
2020_07_21	    2712	      99	       0	       0
2020_07_22	    3004	     108	     292	       9
2020_07_23	    3004	     108	       0	       0
2020_07_24	    3004	     108	       0	       0
2020_07_25	    3004	     108	       0	       0
2020_07_26	    3004	     108	       0	       0
2020_07_27	    3004	     108	       0	       0
2020_07_28	    3004	     108	       0	       0
2020_07_29	    3080	     116	      76	       8
2020_07_30	    3080	     116	       0	       0
2020_07_31	    3080	     116	       0	       0
2020_08_01	    3080	     116	       0	       0
2020_08_02	    3080	     116	       0	       0
2020_08_03	    3080	     116	       0	       0
2020_08_04	    3080	     116	       0	       0
2020_08_05	    3266	     123	     186	       7
2020_08_06	    3266	     123	       0	       0
2020_08_07	    3266	     123	       0	       0
2020_08_08	    3266	     123	       0	       0
2020_08_09	    3266	     123	       0	       0
2020_08_10	    3266	     123	       0	       0
2020_08_11	    3266	     123	       0	       0
2020_08_12	    3413	     128	     147	       5
2020_08_13	    3413	     128	       0	       0
2020_08_14	    3413	     128	       0	       0
2020_08_15	    3413	     128	       0	       0
2020_08_16	    3413	     128	       0	       0
2020_08_17	    3431	     128	      18	       0
2020_08_18	    3449	     129	      18	       1
2020_08_19	    3467	     130	      18	       1
2020_08_20	    3485	     130	      18	       0
2020_08_21	    3503	     131	      18	       1
2020_08_22	    3521	     132	      18	       1
2020_08_23	    3540	     133	      19	       1
2020_08_24	    3557	     133	      17	       0
2020_08_25	    3574	     134	      17	       1
2020_08_26	    3591	     134	      17	       0
2020_08_27	    3608	     135	      17	       1
2020_08_28	    3625	     135	      17	       0
2020_08_29	    3642	     136	      17	       1
2020_08_30	    3659	     137	      17	       1
2020_08_31	    3675	     137	      16	       0
2020_09_01	    3691	     138	      16	       1
2020_09_02	    3707	     138	      16	       0
2020_09_03	    3724	     139	      17	       1
2020_09_04	    3740	     139	      16	       0
2020_09_05	    3756	     140	      16	       1
2020_09_06	    3773	     141	      17	       1
2020_09_07	    3787	     141	      14	       0
2020_09_08	    3802	     141	      15	       0
2020_09_09	    3817	     142	      15	       1
2020_09_10	    3832	     142	      15	       0
2020_09_11	    3847	     143	      15	       1
2020_09_12	    3862	     143	      15	       0
2020_09_13	    3877	     144	      15	       1
2020_09_14	    3891	     144	      14	       0
2020_09_15	    3906	     144	      15	       0
2020_09_16	    3920	     145	      14	       1
2020_09_17	    3935	     145	      15	       0
2020_09_18	    3949	     146	      14	       1
2020_09_19	    3964	     146	      15	       0
2020_09_20	    3979	     147	      15	       1
2020_09_21	    3991	     147	      12	       0
2020_09_22	    4003	     147	      12	       0
2020_09_23	    4015	     147	      12	       0
2020_09_24	    4028	     148	      13	       1
2020_09_25	    4040	     148	      12	       0
2020_09_26	    4052	     148	      12	       0
2020_09_27	    4065	     149	      13	       1
2020_09_28	    4076	     149	      11	       0
2020_09_29	    4088	     149	      12	       0
2020_09_30	    4099	     149	      11	       0
2020_10_01	    4111	     150	      12	       1
2020_10_02	    4122	     150	      11	       0
2020_10_03	    4134	     150	      12	       0
2020_10_04	    4146	     151	      12	       1
2020_10_05	    4157	     151	      11	       0
2020_10_06	    4168	     151	      11	       0
2020_10_07	    4179	     151	      11	       0
2020_10_08	    4191	     152	      12	       1
2020_10_09	    4202	     152	      11	       0
2020_10_10	    4213	     152	      11	       0
2020_10_11	    4225	     153	      12	       1
2020_10_12	    4235	     153	      10	       0
2020_10_13	    4245	     153	      10	       0
2020_10_14	    4255	     153	      10	       0
2020_10_15	    4266	     153	      11	       0
2020_10_16	    4276	     153	      10	       0
2020_10_17	    4286	     153	      10	       0
2020_10_18	    4297	     154	      11	       1
2020_10_19	    4306	     154	       9	       0
2020_10_20	    4315	     154	       9	       0
2020_10_21	    4324	     154	       9	       0
2020_10_22	    4334	     154	      10	       0
2020_10_23	    4343	     154	       9	       0
2020_10_24	    4352	     154	       9	       0
2020_10_25	    4362	     155	      10	       1
2020_10_26	    4370	     155	       8	       0
2020_10_27	    4379	     155	       9	       0
2020_10_28	    4388	     155	       9	       0
2020_10_29	    4397	     155	       9	       0
2020_10_30	    4406	     155	       9	       0
2020_10_31	    4415	     155	       9	       0
2020_11_01	    4424	     156	       9	       1
2020_11_02	    4432	     156	       8	       0
2020_11_03	    4440	     156	       8	       0
2020_11_04	    4448	     156	       8	       0
2020_11_05	    4456	     156	       8	       0
2020_11_06	    4464	     156	       8	       0
2020_11_07	    4472	     156	       8	       0
2020_11_08	    4480	     157	       8	       1
2020_11_09	    4487	     157	       7	       0
2020_11_10	    4495	     157	       8	       0
2020_11_11	    4502	     157	       7	       0
2020_11_12	    4510	     157	       8	       0
2020_11_13	    4517	     157	       7	       0
2020_11_14	    4525	     157	       8	       0
2020_11_15	    4533	     158	       8	       1
2020_11_16	    4540	     158	       7	       0
2020_11_17	    4547	     158	       7	       0
2020_11_18	    4554	     158	       7	       0
2020_11_19	    4561	     158	       7	       0
2020_11_20	    4568	     158	       7	       0
2020_11_21	    4575	     158	       7	       0
2020_11_22	    4583	     159	       8	       1
2020_11_23	    4589	     159	       6	       0
2020_11_24	    4596	     159	       7	       0
2020_11_25	    4602	     159	       6	       0
2020_11_26	    4609	     159	       7	       0
2020_11_27	    4615	     159	       6	       0
2020_11_28	    4622	     159	       7	       0
2020_11_29	    4629	     160	       7	       1
2020_11_30	    4635	     160	       6	       0
2020_12_01	    4641	     160	       6	       0
2020_12_02	    4647	     160	       6	       0
2020_12_03	    4653	     160	       6	       0
2020_12_04	    4659	     160	       6	       0
2020_12_05	    4665	     160	       6	       0
2020_12_06	    4671	     161	       6	       1
2020_12_07	    4676	     161	       5	       0
2020_12_08	    4681	     161	       5	       0
2020_12_09	    4687	     161	       6	       0
2020_12_10	    4692	     161	       5	       0
2020_12_11	    4698	     161	       6	       0
2020_12_12	    4703	     161	       5	       0
2020_12_13	    4709	     162	       6	       1
2020_12_14	    4714	     162	       5	       0
2020_12_15	    4720	     162	       6	       0
2020_12_16	    4725	     162	       5	       0
2020_12_17	    4731	     162	       6	       0
2020_12_18	    4736	     162	       5	       0
2020_12_19	    4742	     162	       6	       0
2020_12_20	    4748	     163	       6	       1
2020_12_21	    4754	     163	       6	       0
2020_12_22	    4760	     163	       6	       0
2020_12_23	    4766	     163	       6	       0
2020_12_24	    4772	     163	       6	       0
2020_12_25	    4778	     163	       6	       0
2020_12_26	    4784	     163	       6	       0
2020_12_27	    4790	     164	       6	       1
2020_12_28	    4795	     164	       5	       0
2020_12_29	    4801	     164	       6	       0
2020_12_30	    4806	     164	       5	       0
2020_12_31	    4812	     164	       6	       0
2021_01_01	    4817	     164	       5	       0
2021_01_02	    4823	     164	       6	       0
2021_01_03	    4829	     165	       6	       1
2021_01_04	    4834	     165	       5	       0
2021_01_05	    4839	     165	       5	       0
2021_01_06	    4845	     165	       6	       0
2021_01_07	    4850	     165	       5	       0
2021_01_08	    4856	     165	       6	       0
2021_01_09	    4861	     165	       5	       0
2021_01_10	    4867	     166	       6	       1
2021_01_11	    4874	     166	       7	       0
2021_01_12	    4881	     166	       7	       0
2021_01_13	    4888	     166	       7	       0
2021_01_14	    4895	     166	       7	       0
2021_01_15	    4902	     166	       7	       0
2021_01_16	    4909	     166	       7	       0
2021_01_17	    4916	     167	       7	       1
2021_01_18	    4921	     167	       5	       0
2021_01_19	    4926	     167	       5	       0
2021_01_20	    4931	     167	       5	       0
2021_01_21	    4937	     167	       6	       0
2021_01_22	    4942	     167	       5	       0
2021_01_23	    4947	     167	       5	       0
2021_01_24	    4953	     168	       6	       1
2021_01_25	    4958	     168	       5	       0
2021_01_26	    4964	     168	       6	       0
2021_01_27	    4969	     168	       5	       0
2021_01_28	    4975	     168	       6	       0
2021_01_29	    4980	     168	       5	       0
2021_01_30	    4986	     168	       6	       0
2021_01_31	    4992	     169	       6	       1
2021_02_01	    4997	     169	       5	       0
2021_02_02	    5002	     169	       5	       0
2021_02_03	    5007	     169	       5	       0
2021_02_04	    5012	     169	       5	       0
2021_02_05	    5017	     169	       5	       0
2021_02_06	    5022	     169	       5	       0
2021_02_07	    5027	     170	       5	       1
2021_02_08	    5032	     170	       5	       0
2021_02_09	    5037	     170	       5	       0
2021_02_10	    5042	     170	       5	       0
2021_02_11	    5048	     170	       6	       0
2021_02_12	    5053	     170	       5	       0
2021_02_13	    5058	     170	       5	       0
2021_02_14	    5064	     171	       6	       1
2021_02_15	    5070	     171	       6	       0
2021_02_16	    5076	     171	       6	       0
2021_02_17	    5082	     171	       6	       0
2021_02_18	    5088	     171	       6	       0
2021_02_19	    5094	     171	       6	       0
2021_02_20	    5100	     171	       6	       0
2021_02_21	    5106	     172	       6	       1
2021_02_22	    5111	     172	       5	       0
2021_02_23	    5116	     172	       5	       0
2021_02_24	    5121	     172	       5	       0
2021_02_25	    5126	     172	       5	       0
2021_02_26	    5131	     172	       5	       0
2021_02_27	    5136	     172	       5	       0
2021_02_28	    5142	     173	       6	       1
2021_03_01	    5146	     173	       4	       0
2021_03_02	    5151	     173	       5	       0
2021_03_03	    5156	     173	       5	       0
2021_03_04	    5161	     173	       5	       0
2021_03_05	    5166	     173	       5	       0
2021_03_06	    5171	     173	       5	       0
2021_03_07	    5176	     174	       5	       1
2021_03_08	    5181	     174	       5	       0
2021_03_09	    5187	     174	       6	       0
2021_03_10	    5193	     174	       6	       0
2021_03_11	    5198	     174	       5	       0
2021_03_12	    5204	     174	       6	       0
2021_03_13	    5210	     174	       6	       0
2021_03_14	    5216	     175	       6	       1
2021_03_15	    5221	     175	       5	       0
2021_03_16	    5226	     175	       5	       0
2021_03_17	    5231	     175	       5	       0
2021_03_18	    5236	     175	       5	       0
2021_03_19	    5241	     175	       5	       0
2021_03_20	    5246	     175	       5	       0
2021_03_21	    5251	     176	       5	       1
2021_03_22	    5256	     176	       5	       0
2021_03_23	    5261	     176	       5	       0
2021_03_24	    5266	     176	       5	       0
2021_03_25	    5272	     176	       6	       0
2021_03_26	    5277	     176	       5	       0
2021_03_27	    5282	     176	       5	       0
2021_03_28	    5288	     177	       6	       1
2021_03_29	    5293	     177	       5	       0
2021_03_30	    5298	     177	       5	       0
2021_03_31	    5304	     177	       6	       0
2021_04_01	    5309	     177	       5	       0
2021_04_02	    5315	     177	       6	       0
2021_04_03	    5320	     177	       5	       0
2021_04_04	    5326	     178	       6	       1
2021_04_05	    5331	     178	       5	       0
2021_04_06	    5337	     178	       6	       0
2021_04_07	    5343	     178	       6	       0
2021_04_08	    5348	     178	       5	       0
2021_04_09	    5354	     178	       6	       0
2021_04_10	    5360	     178	       6	       0
2021_04_11	    5366	     179	       6	       1
2021_04_12	    5371	     179	       5	       0
2021_04_13	    5377	     179	       6	       0
2021_04_14	    5383	     179	       6	       0
2021_04_15	    5389	     179	       6	       0
2021_04_16	    5395	     179	       6	       0
2021_04_17	    5401	     179	       6	       0
2021_04_18	    5407	     180	       6	       1
2021_04_19	    5413	     180	       6	       0
2021_04_20	    5419	     180	       6	       0
2021_04_21	    5425	     180	       6	       0
2021_04_22	    5431	     180	       6	       0
2021_04_23	    5437	     180	       6	       0
2021_04_24	    5443	     180	       6	       0
2021_04_25	    5450	     181	       7	       1
2021_04_26	    5456	     181	       6	       0
2021_04_27	    5463	     181	       7	       0
2021_04_28	    5470	     181	       7	       0
2021_04_29	    5477	     181	       7	       0
2021_04_30	    5484	     181	       7	       0
2021_05_01	    5491	     181	       7	       0
2021_05_02	    5498	     182	       7	       1
2021_05_03	    5509	     182	      11	       0
2021_05_04	    5520	     182	      11	       0
2021_05_05	    5531	     182	      11	       0
2021_05_06	    5542	     182	      11	       0
2021_05_07	    5553	     182	      11	       0
2021_05_08	    5564	     182	      11	       0
2021_05_09	    5575	     183	      11	       1
2021_05_10	    5585	     183	      10	       0
2021_05_11	    5596	     183	      11	       0
2021_05_12	    5606	     183	      10	       0
2021_05_13	    5617	     183	      11	       0
2021_05_14	    5627	     183	      10	       0
2021_05_15	    5638	     183	      11	       0
2021_05_16	    5649	     184	      11	       1
2021_05_17	    5660	     184	      11	       0
2021_05_18	    5672	     184	      12	       0
2021_05_19	    5684	     184	      12	       0
2021_05_20	    5695	     184	      11	       0
2021_05_21	    5707	     184	      12	       0
2021_05_22	    5719	     184	      12	       0
2021_05_23	    5731	     185	      12	       1
2021_05_24	    5745	     185	      14	       0
2021_05_25	    5760	     185	      15	       0
2021_05_26	    5774	     185	      14	       0
2021_05_27	    5789	     185	      15	       0
2021_05_28	    5803	     185	      14	       0
2021_05_29	    5818	     185	      15	       0
2021_05_30	    5833	     186	      15	       1
2021_05_31	    5849	     186	      16	       0
2021_06_01	    5866	     186	      17	       0
2021_06_02	    5882	     186	      16	       0
2021_06_03	    5899	     186	      17	       0
2021_06_04	    5915	     186	      16	       0
2021_06_05	    5932	     186	      17	       0
2021_06_06	    5949	     187	      17	       1
2021_06_07	    5968	     187	      19	       0
2021_06_08	    5987	     187	      19	       0
2021_06_09	    6007	     187	      20	       0
2021_06_10	    6026	     187	      19	       0
2021_06_11	    6046	     187	      20	       0
2021_06_12	    6065	     187	      19	       0
2021_06_13	    6085	     188	      20	       1
