#
# COVID-19 Country file (official WHO count)
# Country = Nigeria
# Latitude = 9.0
# Population = 206152.701
# Territory = 923768.0
# LEB = 54.7
# DPA = 2342000
# DPA65 = 444980
# GDP = 2073.0
# GDP_PPP = 6021.0
# COVID-19 Mortality = 10.3
# First_Case = 2020_02_28
# Last_Case = 2021_06_13
# First_Death = 2020_03_26
# Last_Death = 2021_06_06
# Status as of 2021_06_13 = Community transmission
# Vaccine type = Oxford/AstraZeneca
# Vaccine start = 2021_03_04
#
Date	Conf_Cases	Conf_Deaths	Daily_Cases	Daily_Deaths
2020_02_28	       1	       0	       1	       0
2020_02_29	       1	       0	       0	       0
2020_03_01	       1	       0	       0	       0
2020_03_02	       1	       0	       0	       0
2020_03_03	       1	       0	       0	       0
2020_03_04	       1	       0	       0	       0
2020_03_05	       1	       0	       0	       0
2020_03_06	       1	       0	       0	       0
2020_03_07	       1	       0	       0	       0
2020_03_08	       1	       0	       0	       0
2020_03_09	       2	       0	       1	       0
2020_03_10	       2	       0	       0	       0
2020_03_11	       2	       0	       0	       0
2020_03_12	       2	       0	       0	       0
2020_03_13	       2	       0	       0	       0
2020_03_14	       2	       0	       0	       0
2020_03_15	       2	       0	       0	       0
2020_03_16	       2	       0	       0	       0
2020_03_17	       2	       0	       0	       0
2020_03_18	       2	       0	       0	       0
2020_03_19	       8	       0	       6	       0
2020_03_20	      12	       0	       4	       0
2020_03_21	      12	       0	       0	       0
2020_03_22	      22	       0	      10	       0
2020_03_23	      22	       0	       0	       0
2020_03_24	      22	       0	       0	       0
2020_03_25	      42	       0	      20	       0
2020_03_26	      46	       1	       4	       1
2020_03_27	      65	       1	      19	       0
2020_03_28	      65	       1	       0	       0
2020_03_29	      65	       1	       0	       0
2020_03_30	      65	       1	       0	       0
2020_03_31	     111	       1	      46	       0
2020_04_01	     111	       1	       0	       0
2020_04_02	     139	       2	      28	       1
2020_04_03	     174	       2	      35	       0
2020_04_04	     190	       2	      16	       0
2020_04_05	     210	       4	      20	       2
2020_04_06	     208	       4	      -2	       0
2020_04_07	     232	       5	      24	       1
2020_04_08	     254	       6	      22	       1
2020_04_09	     276	       6	      22	       0
2020_04_10	     288	       7	      12	       1
2020_04_11	     305	       7	      17	       0
2020_04_12	     318	      10	      13	       3
2020_04_13	     323	      10	       5	       0
2020_04_14	     343	      10	      20	       0
2020_04_15	     343	      10	       0	       0
2020_04_16	     373	      11	      30	       1
2020_04_17	     373	      11	       0	       0
2020_04_18	     373	      11	       0	       0
2020_04_19	     373	      11	       0	       0
2020_04_20	     541	      19	     168	       8
2020_04_21	     541	      19	       0	       0
2020_04_22	     541	      19	       0	       0
2020_04_23	     541	      19	       0	       0
2020_04_24	     981	      31	     440	      12
2020_04_25	    1095	      32	     114	       1
2020_04_26	    1182	      35	      87	       3
2020_04_27	    1273	      40	      91	       5
2020_04_28	    1337	      40	      64	       0
2020_04_29	    1337	      40	       0	       0
2020_04_30	    1532	      44	     195	       4
2020_05_01	    1932	      58	     400	      14
2020_05_02	    2170	      68	     238	      10
2020_05_03	    2388	      85	     218	      17
2020_05_04	    2388	      85	       0	       0
2020_05_05	    2802	      93	     414	       8
2020_05_06	    2950	      98	     148	       5
2020_05_07	    3145	     103	     195	       5
2020_05_08	    3526	     107	     381	       4
2020_05_09	    3912	     117	     386	      10
2020_05_10	    4151	     128	     239	      11
2020_05_11	    4399	     143	     248	      15
2020_05_12	    4641	     150	     242	       7
2020_05_13	    4787	     158	     146	       8
2020_05_14	    4971	     164	     184	       6
2020_05_15	    5162	     167	     191	       3
2020_05_16	    5450	     171	     288	       4
2020_05_17	    5621	     176	     171	       5
2020_05_18	    5959	     182	     338	       6
2020_05_19	    6175	     191	     216	       9
2020_05_20	    6401	     192	     226	       1
2020_05_21	    6677	     200	     276	       8
2020_05_22	    7016	     211	     339	      11
2020_05_23	    7261	     221	     245	      10
2020_05_24	    7526	     221	     265	       0
2020_05_25	    7839	     226	     313	       5
2020_05_26	    8068	     233	     229	       7
2020_05_27	    8344	     249	     276	      16
2020_05_28	    8733	     254	     389	       5
2020_05_29	    8915	     259	     182	       5
2020_05_30	    9302	     261	     387	       2
2020_05_31	    9855	     273	     553	      12
2020_06_01	   10162	     287	     307	      14
2020_06_02	   10578	     299	     416	      12
2020_06_03	   10819	     314	     241	      15
2020_06_04	   11166	     315	     347	       1
2020_06_05	   11516	     323	     350	       8
2020_06_06	   11844	     333	     328	      10
2020_06_07	   12233	     342	     389	       9
2020_06_08	   12486	     354	     253	      12
2020_06_09	   12801	     361	     315	       7
2020_06_10	   13464	     365	     663	       4
2020_06_11	   13873	     382	     409	      17
2020_06_12	   14554	     387	     681	       5
2020_06_13	   14554	     387	       0	       0
2020_06_14	   15181	     399	     627	      12
2020_06_15	   16085	     420	     904	      21
2020_06_16	   16658	     424	     573	       4
2020_06_17	   17148	     424	     490	       0
2020_06_18	   17735	     469	     587	      45
2020_06_19	   18480	     475	     745	       6
2020_06_20	   19147	     487	     667	      12
2020_06_21	   19808	     506	     661	      19
2020_06_22	   20244	     518	     436	      12
2020_06_23	   20919	     525	     675	       7
2020_06_24	   21371	     533	     452	       8
2020_06_25	   22020	     542	     649	       9
2020_06_26	   22614	     549	     594	       7
2020_06_27	   23298	     554	     684	       5
2020_06_28	   24077	     558	     779	       4
2020_06_29	   24567	     565	     490	       7
2020_06_30	   25133	     573	     566	       8
2020_07_01	   25694	     590	     561	      17
2020_07_02	   26484	     603	     790	      13
2020_07_03	   27110	     616	     626	      13
2020_07_04	   27564	     628	     454	      12
2020_07_05	   28167	     634	     603	       6
2020_07_06	   28711	     645	     544	      11
2020_07_07	   29286	     654	     575	       9
2020_07_08	   29789	     669	     503	      15
2020_07_09	   30249	     684	     460	      15
2020_07_10	   30748	     689	     499	       5
2020_07_11	   31323	     709	     575	      20
2020_07_12	   31987	     724	     664	      15
2020_07_13	   32558	     740	     571	      16
2020_07_14	   33153	     744	     595	       4
2020_07_15	   33616	     754	     463	      10
2020_07_16	   34259	     760	     643	       6
2020_07_17	   34854	     769	     595	       9
2020_07_18	   35454	     772	     600	       3
2020_07_19	   36107	     778	     653	       6
2020_07_20	   36663	     789	     556	      11
2020_07_21	   37225	     801	     562	      12
2020_07_22	   37801	     805	     576	       4
2020_07_23	   38344	     813	     543	       8
2020_07_24	   38948	     833	     604	      20
2020_07_25	   39539	     845	     591	      12
2020_07_26	   39539	     845	       0	       0
2020_07_27	   40532	     858	     993	      13
2020_07_28	   41180	     860	     648	       2
2020_07_29	   41804	     868	     624	       8
2020_07_30	   42208	     873	     404	       5
2020_07_31	   42689	     878	     481	       5
2020_08_01	   43151	     879	     462	       1
2020_08_02	   43537	     883	     386	       4
2020_08_03	   43841	     888	     304	       5
2020_08_04	   44129	     896	     288	       8
2020_08_05	   44433	     910	     304	      14
2020_08_06	   44890	     927	     457	      17
2020_08_07	   45244	     930	     354	       3
2020_08_08	   45687	     936	     443	       6
2020_08_09	   46140	     942	     453	       6
2020_08_10	   46577	     945	     437	       3
2020_08_11	   46867	     950	     290	       5
2020_08_12	   47290	     956	     423	       6
2020_08_13	   47743	     956	     453	       0
2020_08_14	   48116	     966	     373	      10
2020_08_15	   48445	     973	     329	       7
2020_08_16	   48770	     974	     325	       1
2020_08_17	   49217	     977	     447	       3
2020_08_18	   49665	     980	     448	       3
2020_08_19	   50113	     983	     448	       3
2020_08_20	   50561	     987	     448	       4
2020_08_21	   51009	     990	     448	       3
2020_08_22	   51457	     993	     448	       3
2020_08_23	   51905	     997	     448	       4
2020_08_24	   52165	     999	     260	       2
2020_08_25	   52425	    1001	     260	       2
2020_08_26	   52685	    1003	     260	       2
2020_08_27	   52946	    1005	     261	       2
2020_08_28	   53206	    1007	     260	       2
2020_08_29	   53466	    1009	     260	       2
2020_08_30	   53727	    1011	     261	       2
2020_08_31	   53895	    1017	     168	       6
2020_09_01	   54063	    1023	     168	       6
2020_09_02	   54231	    1029	     168	       6
2020_09_03	   54400	    1035	     169	       6
2020_09_04	   54568	    1041	     168	       6
2020_09_05	   54736	    1047	     168	       6
2020_09_06	   54905	    1054	     169	       7
2020_09_07	   55086	    1057	     181	       3
2020_09_08	   55268	    1060	     182	       3
2020_09_09	   55450	    1064	     182	       4
2020_09_10	   55631	    1067	     181	       3
2020_09_11	   55813	    1071	     182	       4
2020_09_12	   55995	    1074	     182	       3
2020_09_13	   56177	    1078	     182	       4
2020_09_14	   56315	    1080	     138	       2
2020_09_15	   56453	    1082	     138	       2
2020_09_16	   56591	    1085	     138	       3
2020_09_17	   56730	    1087	     139	       2
2020_09_18	   56868	    1090	     138	       3
2020_09_19	   57006	    1092	     138	       2
2020_09_20	   57145	    1095	     139	       3
2020_09_21	   57295	    1096	     150	       1
2020_09_22	   57445	    1098	     150	       2
2020_09_23	   57596	    1099	     151	       1
2020_09_24	   57746	    1101	     150	       2
2020_09_25	   57897	    1102	     151	       1
2020_09_26	   58047	    1104	     150	       2
2020_09_27	   58198	    1106	     151	       2
2020_09_28	   58353	    1107	     155	       1
2020_09_29	   58509	    1108	     156	       1
2020_09_30	   58664	    1109	     155	       1
2020_10_01	   58820	    1110	     156	       1
2020_10_02	   58975	    1111	     155	       1
2020_10_03	   59131	    1112	     156	       1
2020_10_04	   59287	    1113	     156	       1
2020_10_05	   59403	    1113	     116	       0
2020_10_06	   59520	    1113	     117	       0
2020_10_07	   59636	    1113	     116	       0
2020_10_08	   59753	    1114	     117	       1
2020_10_09	   59869	    1114	     116	       0
2020_10_10	   59986	    1114	     117	       0
2020_10_11	   60103	    1115	     117	       1
2020_10_12	   60310	    1116	     207	       1
2020_10_13	   60518	    1117	     208	       1
2020_10_14	   60726	    1119	     208	       2
2020_10_15	   60934	    1120	     208	       1
2020_10_16	   61142	    1122	     208	       2
2020_10_17	   61350	    1123	     208	       1
2020_10_18	   61558	    1125	     208	       2
2020_10_19	   61637	    1126	      79	       1
2020_10_20	   61716	    1127	      79	       1
2020_10_21	   61795	    1128	      79	       1
2020_10_22	   61874	    1129	      79	       1
2020_10_23	   61953	    1130	      79	       1
2020_10_24	   62032	    1131	      79	       1
2020_10_25	   62111	    1132	      79	       1
2020_10_26	   62217	    1133	     106	       1
2020_10_27	   62323	    1135	     106	       2
2020_10_28	   62429	    1137	     106	       2
2020_10_29	   62535	    1138	     106	       1
2020_10_30	   62641	    1140	     106	       2
2020_10_31	   62747	    1142	     106	       2
2020_11_01	   62853	    1144	     106	       2
2020_11_02	   62986	    1145	     133	       1
2020_11_03	   63120	    1147	     134	       2
2020_11_04	   63254	    1149	     134	       2
2020_11_05	   63388	    1150	     134	       1
2020_11_06	   63522	    1152	     134	       2
2020_11_07	   63656	    1154	     134	       2
2020_11_08	   63790	    1156	     134	       2
2020_11_09	   63962	    1157	     172	       1
2020_11_10	   64134	    1158	     172	       1
2020_11_11	   64306	    1159	     172	       1
2020_11_12	   64479	    1160	     173	       1
2020_11_13	   64651	    1161	     172	       1
2020_11_14	   64823	    1162	     172	       1
2020_11_15	   64996	    1163	     173	       1
2020_11_16	   65172	    1163	     176	       0
2020_11_17	   65348	    1163	     176	       0
2020_11_18	   65524	    1164	     176	       1
2020_11_19	   65700	    1164	     176	       0
2020_11_20	   65876	    1165	     176	       1
2020_11_21	   66052	    1165	     176	       0
2020_11_22	   66228	    1166	     176	       1
2020_11_23	   66385	    1166	     157	       0
2020_11_24	   66542	    1167	     157	       1
2020_11_25	   66700	    1168	     158	       1
2020_11_26	   66857	    1168	     157	       0
2020_11_27	   67015	    1169	     158	       1
2020_11_28	   67172	    1170	     157	       1
2020_11_29	   67330	    1171	     158	       1
2020_11_30	   67559	    1172	     229	       1
2020_12_01	   67789	    1173	     230	       1
2020_12_02	   68018	    1174	     229	       1
2020_12_03	   68248	    1176	     230	       2
2020_12_04	   68477	    1177	     229	       1
2020_12_05	   68707	    1178	     230	       1
2020_12_06	   68937	    1180	     230	       2
2020_12_07	   69482	    1182	     545	       2
2020_12_08	   70028	    1184	     546	       2
2020_12_09	   70574	    1186	     546	       2
2020_12_10	   71119	    1188	     545	       2
2020_12_11	   71665	    1190	     546	       2
2020_12_12	   72211	    1192	     546	       2
2020_12_13	   72757	    1194	     546	       2
2020_12_14	   73496	    1197	     739	       3
2020_12_15	   74235	    1200	     739	       3
2020_12_16	   74975	    1204	     740	       4
2020_12_17	   75714	    1207	     739	       3
2020_12_18	   76454	    1211	     740	       4
2020_12_19	   77193	    1214	     739	       3
2020_12_20	   77933	    1218	     740	       4
2020_12_21	   78739	    1222	     806	       4
2020_12_22	   79545	    1226	     806	       4
2020_12_23	   80351	    1230	     806	       4
2020_12_24	   81157	    1234	     806	       4
2020_12_25	   81963	    1238	     806	       4
2020_12_26	   82769	    1242	     806	       4
2020_12_27	   83576	    1247	     807	       5
2020_12_28	   84374	    1254	     798	       7
2020_12_29	   85172	    1262	     798	       8
2020_12_30	   85970	    1270	     798	       8
2020_12_31	   86768	    1278	     798	       8
2021_01_01	   87566	    1286	     798	       8
2021_01_02	   88364	    1294	     798	       8
2021_01_03	   89163	    1302	     799	       8
2021_01_04	   90350	    1307	    1187	       5
2021_01_05	   91538	    1313	    1188	       6
2021_01_06	   92726	    1319	    1188	       6
2021_01_07	   93914	    1324	    1188	       5
2021_01_08	   95102	    1330	    1188	       6
2021_01_09	   96290	    1336	    1188	       6
2021_01_10	   97478	    1342	    1188	       6
2021_01_11	   99115	    1353	    1637	      11
2021_01_12	  100753	    1364	    1638	      11
2021_01_13	  102391	    1375	    1638	      11
2021_01_14	  104029	    1386	    1638	      11
2021_01_15	  105667	    1397	    1638	      11
2021_01_16	  107305	    1408	    1638	      11
2021_01_17	  108943	    1420	    1638	      12
2021_01_18	  110608	    1430	    1665	      10
2021_01_19	  112274	    1441	    1666	      11
2021_01_20	  113939	    1452	    1665	      11
2021_01_21	  115605	    1462	    1666	      10
2021_01_22	  117270	    1473	    1665	      11
2021_01_23	  118936	    1484	    1666	      11
2021_01_24	  120602	    1495	    1666	      11
2021_01_25	  122024	    1506	    1422	      11
2021_01_26	  123446	    1518	    1422	      12
2021_01_27	  124868	    1530	    1422	      12
2021_01_28	  126290	    1542	    1422	      12
2021_01_29	  127712	    1554	    1422	      12
2021_01_30	  129134	    1566	    1422	      12
2021_01_31	  130557	    1578	    1423	      12
2021_02_01	  131797	    1587	    1240	       9
2021_02_02	  133038	    1597	    1241	      10
2021_02_03	  134279	    1607	    1241	      10
2021_02_04	  135519	    1617	    1240	      10
2021_02_05	  136760	    1627	    1241	      10
2021_02_06	  138001	    1637	    1241	      10
2021_02_07	  139242	    1647	    1241	      10
2021_02_08	  140159	    1661	     917	      14
2021_02_09	  141076	    1675	     917	      14
2021_02_10	  141994	    1689	     918	      14
2021_02_11	  142911	    1704	     917	      15
2021_02_12	  143829	    1718	     918	      14
2021_02_13	  144746	    1732	     917	      14
2021_02_14	  145664	    1747	     918	      15
2021_02_15	  146505	    1759	     841	      12
2021_02_16	  147346	    1771	     841	      12
2021_02_17	  148187	    1783	     841	      12
2021_02_18	  149029	    1795	     842	      12
2021_02_19	  149870	    1807	     841	      12
2021_02_20	  150711	    1819	     841	      12
2021_02_21	  151553	    1831	     842	      12
2021_02_22	  152105	    1841	     552	      10
2021_02_23	  152657	    1852	     552	      11
2021_02_24	  153209	    1862	     552	      10
2021_02_25	  153761	    1873	     552	      11
2021_02_26	  154313	    1883	     552	      10
2021_02_27	  154865	    1894	     552	      11
2021_02_28	  155417	    1905	     552	      11
2021_03_01	  155819	    1913	     402	       8
2021_03_02	  156222	    1921	     403	       8
2021_03_03	  156625	    1930	     403	       9
2021_03_04	  157028	    1938	     403	       8
2021_03_05	  157431	    1947	     403	       9
2021_03_06	  157834	    1955	     403	       8
2021_03_07	  158237	    1964	     403	       9
2021_03_08	  158565	    1971	     328	       7
2021_03_09	  158894	    1978	     329	       7
2021_03_10	  159222	    1985	     328	       7
2021_03_11	  159551	    1992	     329	       7
2021_03_12	  159879	    1999	     328	       7
2021_03_13	  160208	    2006	     329	       7
2021_03_14	  160537	    2013	     329	       7
2021_03_15	  160696	    2015	     159	       2
2021_03_16	  160855	    2017	     159	       2
2021_03_17	  161014	    2020	     159	       3
2021_03_18	  161173	    2022	     159	       2
2021_03_19	  161332	    2025	     159	       3
2021_03_20	  161491	    2027	     159	       2
2021_03_21	  161651	    2030	     160	       3
2021_03_22	  161770	    2031	     119	       1
2021_03_23	  161890	    2033	     120	       2
2021_03_24	  162010	    2034	     120	       1
2021_03_25	  162129	    2036	     119	       2
2021_03_26	  162249	    2037	     120	       1
2021_03_27	  162369	    2039	     120	       2
2021_03_28	  162489	    2041	     120	       2
2021_03_29	  162578	    2043	      89	       2
2021_03_30	  162667	    2045	      89	       2
2021_03_31	  162756	    2048	      89	       3
2021_04_01	  162845	    2050	      89	       2
2021_04_02	  162934	    2053	      89	       3
2021_04_03	  163023	    2055	      89	       2
2021_04_04	  163113	    2058	      90	       3
2021_04_05	  163202	    2058	      89	       0
2021_04_06	  163291	    2058	      89	       0
2021_04_07	  163380	    2058	      89	       0
2021_04_08	  163469	    2059	      89	       1
2021_04_09	  163558	    2059	      89	       0
2021_04_10	  163647	    2059	      89	       0
2021_04_11	  163736	    2060	      89	       1
2021_04_12	  163794	    2060	      58	       0
2021_04_13	  163853	    2060	      59	       0
2021_04_14	  163912	    2060	      59	       0
2021_04_15	  163970	    2060	      58	       0
2021_04_16	  164029	    2060	      59	       0
2021_04_17	  164088	    2060	      59	       0
2021_04_18	  164147	    2061	      59	       1
2021_04_19	  164223	    2061	      76	       0
2021_04_20	  164300	    2061	      77	       0
2021_04_21	  164377	    2061	      77	       0
2021_04_22	  164453	    2061	      76	       0
2021_04_23	  164530	    2061	      77	       0
2021_04_24	  164607	    2061	      77	       0
2021_04_25	  164684	    2061	      77	       0
2021_04_26	  164751	    2061	      67	       0
2021_04_27	  164818	    2061	      67	       0
2021_04_28	  164885	    2061	      67	       0
2021_04_29	  164952	    2062	      67	       1
2021_04_30	  165019	    2062	      67	       0
2021_05_01	  165086	    2062	      67	       0
2021_05_02	  165153	    2063	      67	       1
2021_05_03	  165185	    2063	      32	       0
2021_05_04	  165218	    2063	      33	       0
2021_05_05	  165251	    2063	      33	       0
2021_05_06	  165283	    2064	      32	       1
2021_05_07	  165316	    2064	      33	       0
2021_05_08	  165349	    2064	      33	       0
2021_05_09	  165382	    2065	      33	       1
2021_05_10	  165427	    2065	      45	       0
2021_05_11	  165473	    2065	      46	       0
2021_05_12	  165519	    2065	      46	       0
2021_05_13	  165564	    2065	      45	       0
2021_05_14	  165610	    2065	      46	       0
2021_05_15	  165656	    2065	      46	       0
2021_05_16	  165702	    2066	      46	       1
2021_05_17	  165741	    2066	      39	       0
2021_05_18	  165781	    2066	      40	       0
2021_05_19	  165820	    2066	      39	       0
2021_05_20	  165860	    2066	      40	       0
2021_05_21	  165899	    2066	      39	       0
2021_05_22	  165939	    2066	      40	       0
2021_05_23	  165979	    2067	      40	       1
2021_05_24	  166022	    2067	      43	       0
2021_05_25	  166066	    2068	      44	       1
2021_05_26	  166110	    2068	      44	       0
2021_05_27	  166153	    2069	      43	       1
2021_05_28	  166197	    2069	      44	       0
2021_05_29	  166241	    2070	      44	       1
2021_05_30	  166285	    2071	      44	       1
2021_05_31	  166352	    2077	      67	       6
2021_06_01	  166419	    2084	      67	       7
2021_06_02	  166486	    2090	      67	       6
2021_06_03	  166554	    2097	      68	       7
2021_06_04	  166621	    2103	      67	       6
2021_06_05	  166688	    2110	      67	       7
2021_06_06	  166756	    2117	      68	       7
2021_06_07	  166799	    2117	      43	       0
2021_06_08	  166842	    2117	      43	       0
2021_06_09	  166885	    2117	      43	       0
2021_06_10	  166929	    2117	      44	       0
2021_06_11	  166972	    2117	      43	       0
2021_06_12	  167015	    2117	      43	       0
2021_06_13	  167059	    2117	      44	       0
