#
# COVID-19 Country file (official WHO count)
# Country = Northern Mariana Islands (Commonwealth of the)
# Latitude = 15.0
# Population = 55.347
# Territory = 464.0
# LEB = -999.0
# DPA = -999
# DPA65 = -999
# GDP = 23259.0
# GDP_PPP = 13300.0
# COVID-19 Mortality = 36.1
# First_Case = 2020_03_29
# Last_Case = 2021_06_13
# First_Death = 2020_04_03
# Last_Death = 2020_04_08
# Status as of 2021_06_13 = Pending
# Vaccine type = Unknown
# Vaccine start = NA
#
Date	Conf_Cases	Conf_Deaths	Daily_Cases	Daily_Deaths
2020_03_29	       2	       0	       2	       0
2020_03_30	       2	       0	       0	       0
2020_03_31	       2	       0	       0	       0
2020_04_01	       2	       0	       0	       0
2020_04_02	       6	       0	       4	       0
2020_04_03	       8	       1	       2	       1
2020_04_04	       8	       1	       0	       0
2020_04_05	       8	       1	       0	       0
2020_04_06	       8	       1	       0	       0
2020_04_07	       8	       1	       0	       0
2020_04_08	       8	       2	       0	       1
2020_04_09	      11	       2	       3	       0
2020_04_10	      11	       2	       0	       0
2020_04_11	      11	       2	       0	       0
2020_04_12	      11	       2	       0	       0
2020_04_13	      11	       2	       0	       0
2020_04_14	      11	       2	       0	       0
2020_04_15	      13	       2	       2	       0
2020_04_16	      13	       2	       0	       0
2020_04_17	      13	       2	       0	       0
2020_04_18	      14	       2	       1	       0
2020_04_19	      14	       2	       0	       0
2020_04_20	      14	       2	       0	       0
2020_04_21	      14	       2	       0	       0
2020_04_22	      14	       2	       0	       0
2020_04_23	      14	       2	       0	       0
2020_04_24	      14	       2	       0	       0
2020_04_25	      14	       2	       0	       0
2020_04_26	      14	       2	       0	       0
2020_04_27	      14	       2	       0	       0
2020_04_28	      14	       2	       0	       0
2020_04_29	      14	       2	       0	       0
2020_04_30	      14	       2	       0	       0
2020_05_01	      14	       2	       0	       0
2020_05_02	      14	       2	       0	       0
2020_05_03	      14	       2	       0	       0
2020_05_04	      14	       2	       0	       0
2020_05_05	      14	       2	       0	       0
2020_05_06	      14	       2	       0	       0
2020_05_07	      15	       2	       1	       0
2020_05_08	      15	       2	       0	       0
2020_05_09	      15	       2	       0	       0
2020_05_10	      16	       2	       1	       0
2020_05_11	      16	       2	       0	       0
2020_05_12	      19	       2	       3	       0
2020_05_13	      19	       2	       0	       0
2020_05_14	      19	       2	       0	       0
2020_05_15	      19	       2	       0	       0
2020_05_16	      19	       2	       0	       0
2020_05_17	      21	       2	       2	       0
2020_05_18	      21	       2	       0	       0
2020_05_19	      21	       2	       0	       0
2020_05_20	      21	       2	       0	       0
2020_05_21	      21	       2	       0	       0
2020_05_22	      22	       2	       1	       0
2020_05_23	      22	       2	       0	       0
2020_05_24	      22	       2	       0	       0
2020_05_25	      22	       2	       0	       0
2020_05_26	      22	       2	       0	       0
2020_05_27	      22	       2	       0	       0
2020_05_28	      22	       2	       0	       0
2020_05_29	      22	       2	       0	       0
2020_05_30	      22	       2	       0	       0
2020_05_31	      22	       2	       0	       0
2020_06_01	      22	       2	       0	       0
2020_06_02	      22	       2	       0	       0
2020_06_03	      23	       2	       1	       0
2020_06_04	      24	       2	       1	       0
2020_06_05	      26	       2	       2	       0
2020_06_06	      26	       2	       0	       0
2020_06_07	      26	       2	       0	       0
2020_06_08	      27	       2	       1	       0
2020_06_09	      28	       2	       1	       0
2020_06_10	      30	       2	       2	       0
2020_06_11	      30	       2	       0	       0
2020_06_12	      30	       2	       0	       0
2020_06_13	      30	       2	       0	       0
2020_06_14	      30	       2	       0	       0
2020_06_15	      30	       2	       0	       0
2020_06_16	      30	       2	       0	       0
2020_06_17	      30	       2	       0	       0
2020_06_18	      30	       2	       0	       0
2020_06_19	      30	       2	       0	       0
2020_06_20	      30	       2	       0	       0
2020_06_21	      30	       2	       0	       0
2020_06_22	      30	       2	       0	       0
2020_06_23	      30	       2	       0	       0
2020_06_24	      30	       2	       0	       0
2020_06_25	      30	       2	       0	       0
2020_06_26	      30	       2	       0	       0
2020_06_27	      30	       2	       0	       0
2020_06_28	      30	       2	       0	       0
2020_06_29	      30	       2	       0	       0
2020_06_30	      30	       2	       0	       0
2020_07_01	      30	       2	       0	       0
2020_07_02	      30	       2	       0	       0
2020_07_03	      31	       2	       1	       0
2020_07_04	      31	       2	       0	       0
2020_07_05	      31	       2	       0	       0
2020_07_06	      31	       2	       0	       0
2020_07_07	      31	       2	       0	       0
2020_07_08	      31	       2	       0	       0
2020_07_09	      31	       2	       0	       0
2020_07_10	      31	       2	       0	       0
2020_07_11	      31	       2	       0	       0
2020_07_12	      33	       2	       2	       0
2020_07_13	      33	       2	       0	       0
2020_07_14	      33	       2	       0	       0
2020_07_15	      36	       2	       3	       0
2020_07_16	      36	       2	       0	       0
2020_07_17	      37	       2	       1	       0
2020_07_18	      37	       2	       0	       0
2020_07_19	      37	       2	       0	       0
2020_07_20	      37	       2	       0	       0
2020_07_21	      37	       2	       0	       0
2020_07_22	      38	       2	       1	       0
2020_07_23	      38	       2	       0	       0
2020_07_24	      38	       2	       0	       0
2020_07_25	      38	       2	       0	       0
2020_07_26	      38	       2	       0	       0
2020_07_27	      40	       2	       2	       0
2020_07_28	      40	       2	       0	       0
2020_07_29	      40	       2	       0	       0
2020_07_30	      40	       2	       0	       0
2020_07_31	      42	       2	       2	       0
2020_08_01	      42	       2	       0	       0
2020_08_02	      44	       2	       2	       0
2020_08_03	      45	       2	       1	       0
2020_08_04	      46	       2	       1	       0
2020_08_05	      46	       2	       0	       0
2020_08_06	      46	       2	       0	       0
2020_08_07	      47	       2	       1	       0
2020_08_08	      47	       2	       0	       0
2020_08_09	      48	       2	       1	       0
2020_08_10	      48	       2	       0	       0
2020_08_11	      49	       2	       1	       0
2020_08_12	      49	       2	       0	       0
2020_08_13	      49	       2	       0	       0
2020_08_14	      49	       2	       0	       0
2020_08_15	      50	       2	       1	       0
2020_08_16	      50	       2	       0	       0
2020_08_17	      50	       2	       0	       0
2020_08_18	      51	       2	       1	       0
2020_08_19	      51	       2	       0	       0
2020_08_20	      52	       2	       1	       0
2020_08_21	      52	       2	       0	       0
2020_08_22	      53	       2	       1	       0
2020_08_23	      54	       2	       1	       0
2020_08_24	      54	       2	       0	       0
2020_08_25	      54	       2	       0	       0
2020_08_26	      54	       2	       0	       0
2020_08_27	      55	       2	       1	       0
2020_08_28	      55	       2	       0	       0
2020_08_29	      55	       2	       0	       0
2020_08_30	      56	       2	       1	       0
2020_08_31	      56	       2	       0	       0
2020_09_01	      56	       2	       0	       0
2020_09_02	      56	       2	       0	       0
2020_09_03	      57	       2	       1	       0
2020_09_04	      57	       2	       0	       0
2020_09_05	      57	       2	       0	       0
2020_09_06	      58	       2	       1	       0
2020_09_07	      58	       2	       0	       0
2020_09_08	      58	       2	       0	       0
2020_09_09	      58	       2	       0	       0
2020_09_10	      59	       2	       1	       0
2020_09_11	      59	       2	       0	       0
2020_09_12	      59	       2	       0	       0
2020_09_13	      60	       2	       1	       0
2020_09_14	      61	       2	       1	       0
2020_09_15	      62	       2	       1	       0
2020_09_16	      63	       2	       1	       0
2020_09_17	      64	       2	       1	       0
2020_09_18	      65	       2	       1	       0
2020_09_19	      66	       2	       1	       0
2020_09_20	      68	       2	       2	       0
2020_09_21	      68	       2	       0	       0
2020_09_22	      68	       2	       0	       0
2020_09_23	      68	       2	       0	       0
2020_09_24	      69	       2	       1	       0
2020_09_25	      69	       2	       0	       0
2020_09_26	      69	       2	       0	       0
2020_09_27	      70	       2	       1	       0
2020_09_28	      70	       2	       0	       0
2020_09_29	      70	       2	       0	       0
2020_09_30	      71	       2	       1	       0
2020_10_01	      71	       2	       0	       0
2020_10_02	      72	       2	       1	       0
2020_10_03	      72	       2	       0	       0
2020_10_04	      73	       2	       1	       0
2020_10_05	      73	       2	       0	       0
2020_10_06	      74	       2	       1	       0
2020_10_07	      74	       2	       0	       0
2020_10_08	      75	       2	       1	       0
2020_10_09	      75	       2	       0	       0
2020_10_10	      76	       2	       1	       0
2020_10_11	      77	       2	       1	       0
2020_10_12	      78	       2	       1	       0
2020_10_13	      79	       2	       1	       0
2020_10_14	      80	       2	       1	       0
2020_10_15	      82	       2	       2	       0
2020_10_16	      83	       2	       1	       0
2020_10_17	      84	       2	       1	       0
2020_10_18	      86	       2	       2	       0
2020_10_19	      86	       2	       0	       0
2020_10_20	      87	       2	       1	       0
2020_10_21	      88	       2	       1	       0
2020_10_22	      89	       2	       1	       0
2020_10_23	      90	       2	       1	       0
2020_10_24	      91	       2	       1	       0
2020_10_25	      92	       2	       1	       0
2020_10_26	      92	       2	       0	       0
2020_10_27	      93	       2	       1	       0
2020_10_28	      93	       2	       0	       0
2020_10_29	      94	       2	       1	       0
2020_10_30	      94	       2	       0	       0
2020_10_31	      95	       2	       1	       0
2020_11_01	      96	       2	       1	       0
2020_11_02	      96	       2	       0	       0
2020_11_03	      96	       2	       0	       0
2020_11_04	      96	       2	       0	       0
2020_11_05	      97	       2	       1	       0
2020_11_06	      97	       2	       0	       0
2020_11_07	      97	       2	       0	       0
2020_11_08	      98	       2	       1	       0
2020_11_09	      98	       2	       0	       0
2020_11_10	      99	       2	       1	       0
2020_11_11	      99	       2	       0	       0
2020_11_12	     100	       2	       1	       0
2020_11_13	     100	       2	       0	       0
2020_11_14	     101	       2	       1	       0
2020_11_15	     102	       2	       1	       0
2020_11_16	     102	       2	       0	       0
2020_11_17	     102	       2	       0	       0
2020_11_18	     102	       2	       0	       0
2020_11_19	     103	       2	       1	       0
2020_11_20	     103	       2	       0	       0
2020_11_21	     103	       2	       0	       0
2020_11_22	     104	       2	       1	       0
2020_11_23	     104	       2	       0	       0
2020_11_24	     104	       2	       0	       0
2020_11_25	     104	       2	       0	       0
2020_11_26	     104	       2	       0	       0
2020_11_27	     104	       2	       0	       0
2020_11_28	     104	       2	       0	       0
2020_11_29	     105	       2	       1	       0
2020_11_30	     105	       2	       0	       0
2020_12_01	     106	       2	       1	       0
2020_12_02	     106	       2	       0	       0
2020_12_03	     107	       2	       1	       0
2020_12_04	     107	       2	       0	       0
2020_12_05	     108	       2	       1	       0
2020_12_06	     109	       2	       1	       0
2020_12_07	     109	       2	       0	       0
2020_12_08	     110	       2	       1	       0
2020_12_09	     110	       2	       0	       0
2020_12_10	     111	       2	       1	       0
2020_12_11	     111	       2	       0	       0
2020_12_12	     112	       2	       1	       0
2020_12_13	     113	       2	       1	       0
2020_12_14	     113	       2	       0	       0
2020_12_15	     113	       2	       0	       0
2020_12_16	     114	       2	       1	       0
2020_12_17	     114	       2	       0	       0
2020_12_18	     115	       2	       1	       0
2020_12_19	     115	       2	       0	       0
2020_12_20	     116	       2	       1	       0
2020_12_21	     116	       2	       0	       0
2020_12_22	     117	       2	       1	       0
2020_12_23	     118	       2	       1	       0
2020_12_24	     119	       2	       1	       0
2020_12_25	     120	       2	       1	       0
2020_12_26	     121	       2	       1	       0
2020_12_27	     122	       2	       1	       0
2020_12_28	     122	       2	       0	       0
2020_12_29	     122	       2	       0	       0
2020_12_30	     122	       2	       0	       0
2020_12_31	     122	       2	       0	       0
2021_01_01	     122	       2	       0	       0
2021_01_02	     122	       2	       0	       0
2021_01_03	     122	       2	       0	       0
2021_01_04	     122	       2	       0	       0
2021_01_05	     122	       2	       0	       0
2021_01_06	     123	       2	       1	       0
2021_01_07	     123	       2	       0	       0
2021_01_08	     124	       2	       1	       0
2021_01_09	     124	       2	       0	       0
2021_01_10	     125	       2	       1	       0
2021_01_11	     125	       2	       0	       0
2021_01_12	     125	       2	       0	       0
2021_01_13	     126	       2	       1	       0
2021_01_14	     126	       2	       0	       0
2021_01_15	     127	       2	       1	       0
2021_01_16	     127	       2	       0	       0
2021_01_17	     128	       2	       1	       0
2021_01_18	     128	       2	       0	       0
2021_01_19	     129	       2	       1	       0
2021_01_20	     129	       2	       0	       0
2021_01_21	     130	       2	       1	       0
2021_01_22	     130	       2	       0	       0
2021_01_23	     131	       2	       1	       0
2021_01_24	     132	       2	       1	       0
2021_01_25	     132	       2	       0	       0
2021_01_26	     132	       2	       0	       0
2021_01_27	     132	       2	       0	       0
2021_01_28	     132	       2	       0	       0
2021_01_29	     132	       2	       0	       0
2021_01_30	     132	       2	       0	       0
2021_01_31	     132	       2	       0	       0
2021_02_01	     132	       2	       0	       0
2021_02_02	     132	       2	       0	       0
2021_02_03	     132	       2	       0	       0
2021_02_04	     132	       2	       0	       0
2021_02_05	     132	       2	       0	       0
2021_02_06	     132	       2	       0	       0
2021_02_07	     133	       2	       1	       0
2021_02_08	     133	       2	       0	       0
2021_02_09	     133	       2	       0	       0
2021_02_10	     133	       2	       0	       0
2021_02_11	     133	       2	       0	       0
2021_02_12	     133	       2	       0	       0
2021_02_13	     133	       2	       0	       0
2021_02_14	     134	       2	       1	       0
2021_02_15	     135	       2	       1	       0
2021_02_16	     136	       2	       1	       0
2021_02_17	     137	       2	       1	       0
2021_02_18	     139	       2	       2	       0
2021_02_19	     140	       2	       1	       0
2021_02_20	     141	       2	       1	       0
2021_02_21	     143	       2	       2	       0
2021_02_22	     143	       2	       0	       0
2021_02_23	     143	       2	       0	       0
2021_02_24	     143	       2	       0	       0
2021_02_25	     143	       2	       0	       0
2021_02_26	     143	       2	       0	       0
2021_02_27	     143	       2	       0	       0
2021_02_28	     143	       2	       0	       0
2021_03_01	     143	       2	       0	       0
2021_03_02	     143	       2	       0	       0
2021_03_03	     143	       2	       0	       0
2021_03_04	     144	       2	       1	       0
2021_03_05	     144	       2	       0	       0
2021_03_06	     144	       2	       0	       0
2021_03_07	     145	       2	       1	       0
2021_03_08	     145	       2	       0	       0
2021_03_09	     146	       2	       1	       0
2021_03_10	     147	       2	       1	       0
2021_03_11	     147	       2	       0	       0
2021_03_12	     148	       2	       1	       0
2021_03_13	     149	       2	       1	       0
2021_03_14	     150	       2	       1	       0
2021_03_15	     151	       2	       1	       0
2021_03_16	     152	       2	       1	       0
2021_03_17	     153	       2	       1	       0
2021_03_18	     154	       2	       1	       0
2021_03_19	     155	       2	       1	       0
2021_03_20	     156	       2	       1	       0
2021_03_21	     157	       2	       1	       0
2021_03_22	     157	       2	       0	       0
2021_03_23	     157	       2	       0	       0
2021_03_24	     157	       2	       0	       0
2021_03_25	     158	       2	       1	       0
2021_03_26	     158	       2	       0	       0
2021_03_27	     158	       2	       0	       0
2021_03_28	     159	       2	       1	       0
2021_03_29	     159	       2	       0	       0
2021_03_30	     159	       2	       0	       0
2021_03_31	     159	       2	       0	       0
2021_04_01	     159	       2	       0	       0
2021_04_02	     159	       2	       0	       0
2021_04_03	     159	       2	       0	       0
2021_04_04	     159	       2	       0	       0
2021_04_05	     159	       2	       0	       0
2021_04_06	     159	       2	       0	       0
2021_04_07	     159	       2	       0	       0
2021_04_08	     159	       2	       0	       0
2021_04_09	     159	       2	       0	       0
2021_04_10	     159	       2	       0	       0
2021_04_11	     160	       2	       1	       0
2021_04_12	     160	       2	       0	       0
2021_04_13	     160	       2	       0	       0
2021_04_14	     160	       2	       0	       0
2021_04_15	     161	       2	       1	       0
2021_04_16	     161	       2	       0	       0
2021_04_17	     161	       2	       0	       0
2021_04_18	     162	       2	       1	       0
2021_04_19	     162	       2	       0	       0
2021_04_20	     162	       2	       0	       0
2021_04_21	     162	       2	       0	       0
2021_04_22	     163	       2	       1	       0
2021_04_23	     163	       2	       0	       0
2021_04_24	     163	       2	       0	       0
2021_04_25	     164	       2	       1	       0
2021_04_26	     164	       2	       0	       0
2021_04_27	     165	       2	       1	       0
2021_04_28	     165	       2	       0	       0
2021_04_29	     166	       2	       1	       0
2021_04_30	     166	       2	       0	       0
2021_05_01	     167	       2	       1	       0
2021_05_02	     168	       2	       1	       0
2021_05_03	     168	       2	       0	       0
2021_05_04	     168	       2	       0	       0
2021_05_05	     168	       2	       0	       0
2021_05_06	     168	       2	       0	       0
2021_05_07	     168	       2	       0	       0
2021_05_08	     168	       2	       0	       0
2021_05_09	     169	       2	       1	       0
2021_05_10	     169	       2	       0	       0
2021_05_11	     170	       2	       1	       0
2021_05_12	     170	       2	       0	       0
2021_05_13	     171	       2	       1	       0
2021_05_14	     171	       2	       0	       0
2021_05_15	     172	       2	       1	       0
2021_05_16	     173	       2	       1	       0
2021_05_17	     174	       2	       1	       0
2021_05_18	     175	       2	       1	       0
2021_05_19	     176	       2	       1	       0
2021_05_20	     177	       2	       1	       0
2021_05_21	     178	       2	       1	       0
2021_05_22	     179	       2	       1	       0
2021_05_23	     181	       2	       2	       0
2021_05_24	     181	       2	       0	       0
2021_05_25	     181	       2	       0	       0
2021_05_26	     181	       2	       0	       0
2021_05_27	     182	       2	       1	       0
2021_05_28	     182	       2	       0	       0
2021_05_29	     182	       2	       0	       0
2021_05_30	     183	       2	       1	       0
2021_05_31	     183	       2	       0	       0
2021_06_01	     183	       2	       0	       0
2021_06_02	     183	       2	       0	       0
2021_06_03	     183	       2	       0	       0
2021_06_04	     183	       2	       0	       0
2021_06_05	     183	       2	       0	       0
2021_06_06	     183	       2	       0	       0
2021_06_07	     183	       2	       0	       0
2021_06_08	     183	       2	       0	       0
2021_06_09	     183	       2	       0	       0
2021_06_10	     183	       2	       0	       0
2021_06_11	     183	       2	       0	       0
2021_06_12	     183	       2	       0	       0
2021_06_13	     183	       2	       0	       0
