#
# COVID-19 Country file (official WHO count)
# Country = Norway
# Latitude = 60.0
# Population = 5449.693
# Territory = 323802.0
# LEB = 82.4
# DPA = 43000
# DPA65 = 36550
# GDP = 78322.0
# GDP_PPP = 71916.0
# COVID-19 Mortality = 144.8
# First_Case = 2020_02_27
# Last_Case = 2021_06_13
# First_Death = 2020_03_14
# Last_Death = 2021_06_13
# Status as of 2021_06_13 = Clusters of cases
# Vaccine type = Moderna, Oxford/AstraZeneca, Pfizer/BioNTech
# Vaccine start = 2020_12_27
#
Date	Conf_Cases	Conf_Deaths	Daily_Cases	Daily_Deaths
2020_02_27	       1	       0	       1	       0
2020_02_28	       4	       0	       3	       0
2020_02_29	       6	       0	       2	       0
2020_03_01	      15	       0	       9	       0
2020_03_02	      19	       0	       4	       0
2020_03_03	      25	       0	       6	       0
2020_03_04	      33	       0	       8	       0
2020_03_05	      56	       0	      23	       0
2020_03_06	      86	       0	      30	       0
2020_03_07	     113	       0	      27	       0
2020_03_08	     147	       0	      34	       0
2020_03_09	     169	       0	      22	       0
2020_03_10	     192	       0	      23	       0
2020_03_11	     277	       0	      85	       0
2020_03_12	     277	       0	       0	       0
2020_03_13	     489	       0	     212	       0
2020_03_14	     750	       1	     261	       1
2020_03_15	     907	       1	     157	       0
2020_03_16	    1077	       1	     170	       0
2020_03_17	    1169	       3	      92	       2
2020_03_18	    1308	       3	     139	       0
2020_03_19	    1423	       3	     115	       0
2020_03_20	    1552	       6	     129	       3
2020_03_21	    1742	       7	     190	       1
2020_03_22	    1926	       7	     184	       0
2020_03_23	    2132	       7	     206	       0
2020_03_24	    2371	       8	     239	       1
2020_03_25	    2566	      10	     195	       2
2020_03_26	    2916	      12	     350	       2
2020_03_27	    3156	      14	     240	       2
2020_03_28	    3581	      16	     425	       2
2020_03_29	    3845	      20	     264	       4
2020_03_30	    4102	      22	     257	       2
2020_03_31	    4226	      26	     124	       4
2020_04_01	    4447	      28	     221	       2
2020_04_02	    4665	      32	     218	       4
2020_04_03	    4935	      42	     270	      10
2020_04_04	    5208	      44	     273	       2
2020_04_05	    5510	      50	     302	       6
2020_04_06	    5640	      58	     130	       8
2020_04_07	    5755	      59	     115	       1
2020_04_08	    5863	      69	     108	      10
2020_04_09	    6010	      80	     147	      11
2020_04_10	    6160	      88	     150	       8
2020_04_11	    6244	      92	      84	       4
2020_04_12	    6320	      98	      76	       6
2020_04_13	    6415	     103	      95	       5
2020_04_14	    6488	     114	      73	      11
2020_04_15	    6566	     127	      78	      13
2020_04_16	    6677	     130	     111	       3
2020_04_17	    6791	     136	     114	       6
2020_04_18	    6791	     136	       0	       0
2020_04_19	    6984	     148	     193	      12
2020_04_20	    7068	     154	      84	       6
2020_04_21	    7113	     154	      45	       0
2020_04_22	    7166	     163	      53	       9
2020_04_23	    7250	     169	      84	       6
2020_04_24	    7345	     180	      95	      11
2020_04_25	    7408	     191	      63	      11
2020_04_26	    7467	     193	      59	       2
2020_04_27	    7505	     193	      38	       0
2020_04_28	    7533	     193	      28	       0
2020_04_29	    7605	     195	      72	       2
2020_04_30	    7667	     202	      62	       7
2020_05_01	    7710	     204	      43	       2
2020_05_02	    7759	     204	      49	       0
2020_05_03	    7759	     204	       0	       0
2020_05_04	    7809	     208	      50	       4
2020_05_05	    7847	     208	      38	       0
2020_05_06	    7903	     209	      56	       1
2020_05_07	    7953	     209	      50	       0
2020_05_08	    7995	     209	      42	       0
2020_05_09	    8034	     213	      39	       4
2020_05_10	    8069	     213	      35	       0
2020_05_11	    8099	     217	      30	       4
2020_05_12	    8106	     224	       7	       7
2020_05_13	    8135	     228	      29	       4
2020_05_14	    8158	     229	      23	       1
2020_05_15	    8175	     232	      17	       3
2020_05_16	    8197	     232	      22	       0
2020_05_17	    8197	     232	       0	       0
2020_05_18	    8197	     232	       0	       0
2020_05_19	    8249	     233	      52	       1
2020_05_20	    8257	     233	       8	       0
2020_05_21	    8268	     234	      11	       1
2020_05_22	    8268	     234	       0	       0
2020_05_23	    8309	     235	      41	       1
2020_05_24	    8309	     235	       0	       0
2020_05_25	    8309	     235	       0	       0
2020_05_26	    8352	     235	      43	       0
2020_05_27	    8364	     235	      12	       0
2020_05_28	    8383	     235	      19	       0
2020_05_29	    8401	     236	      18	       1
2020_05_30	    8411	     236	      10	       0
2020_05_31	    8411	     236	       0	       0
2020_06_01	    8411	     236	       0	       0
2020_06_02	    8411	     236	       0	       0
2020_06_03	    8446	     237	      35	       1
2020_06_04	    8446	     237	       0	       0
2020_06_05	    8477	     238	      31	       1
2020_06_06	    8504	     238	      27	       0
2020_06_07	    8504	     238	       0	       0
2020_06_08	    8504	     238	       0	       0
2020_06_09	    8547	     239	      43	       1
2020_06_10	    8563	     239	      16	       0
2020_06_11	    8576	     239	      13	       0
2020_06_12	    8594	     242	      18	       3
2020_06_13	    8606	     242	      12	       0
2020_06_14	    8606	     242	       0	       0
2020_06_15	    8606	     242	       0	       0
2020_06_16	    8631	     242	      25	       0
2020_06_17	    8631	     242	       0	       0
2020_06_18	    8660	     243	      29	       1
2020_06_19	    8692	     244	      32	       1
2020_06_20	    8692	     244	       0	       0
2020_06_21	    8708	     244	      16	       0
2020_06_22	    8708	     244	       0	       0
2020_06_23	    8745	     248	      37	       4
2020_06_24	    8751	     248	       6	       0
2020_06_25	    8777	     249	      26	       1
2020_06_26	    8793	     249	      16	       0
2020_06_27	    8815	     249	      22	       0
2020_06_28	    8815	     249	       0	       0
2020_06_29	    8815	     249	       0	       0
2020_06_30	    8855	     249	      40	       0
2020_07_01	    8865	     250	      10	       1
2020_07_02	    8887	     251	      22	       1
2020_07_03	    8902	     251	      15	       0
2020_07_04	    8895	     251	      -7	       0
2020_07_05	    8895	     251	       0	       0
2020_07_06	    8895	     251	       0	       0
2020_07_07	    8930	     251	      35	       0
2020_07_08	    8936	     251	       6	       0
2020_07_09	    8947	     251	      11	       0
2020_07_10	    8954	     252	       7	       1
2020_07_11	    8965	     252	      11	       0
2020_07_12	    8965	     252	       0	       0
2020_07_13	    8965	     252	       0	       0
2020_07_14	    8981	     253	      16	       1
2020_07_15	    8984	     253	       3	       0
2020_07_16	    9001	     253	      17	       0
2020_07_17	    9011	     254	      10	       1
2020_07_18	    9015	     255	       4	       1
2020_07_19	    9015	     255	       0	       0
2020_07_20	    9015	     255	       0	       0
2020_07_21	    9028	     255	      13	       0
2020_07_22	    9038	     255	      10	       0
2020_07_23	    9053	     255	      15	       0
2020_07_24	    9062	     255	       9	       0
2020_07_25	    9085	     255	      23	       0
2020_07_26	    9085	     255	       0	       0
2020_07_27	    9085	     255	       0	       0
2020_07_28	    9117	     255	      32	       0
2020_07_29	    9132	     255	      15	       0
2020_07_30	    9150	     255	      18	       0
2020_07_31	    9172	     255	      22	       0
2020_08_01	    9208	     255	      36	       0
2020_08_02	    9208	     255	       0	       0
2020_08_03	    9208	     255	       0	       0
2020_08_04	    9268	     256	      60	       1
2020_08_05	    9333	     256	      65	       0
2020_08_06	    9362	     256	      29	       0
2020_08_07	    9409	     256	      47	       0
2020_08_08	    9468	     256	      59	       0
2020_08_09	    9468	     256	       0	       0
2020_08_10	    9468	     256	       0	       0
2020_08_11	    9638	     256	     170	       0
2020_08_12	    9684	     256	      46	       0
2020_08_13	    9750	     256	      66	       0
2020_08_14	    9783	     257	      33	       1
2020_08_15	    9850	     261	      67	       4
2020_08_16	    9850	     261	       0	       0
2020_08_17	    9899	     261	      49	       0
2020_08_18	    9949	     261	      50	       0
2020_08_19	    9998	     262	      49	       1
2020_08_20	   10048	     262	      50	       0
2020_08_21	   10097	     263	      49	       1
2020_08_22	   10147	     263	      50	       0
2020_08_23	   10197	     264	      50	       1
2020_08_24	   10246	     264	      49	       0
2020_08_25	   10295	     264	      49	       0
2020_08_26	   10345	     264	      50	       0
2020_08_27	   10394	     264	      49	       0
2020_08_28	   10444	     264	      50	       0
2020_08_29	   10493	     264	      49	       0
2020_08_30	   10543	     264	      50	       0
2020_08_31	   10625	     264	      82	       0
2020_09_01	   10707	     264	      82	       0
2020_09_02	   10790	     264	      83	       0
2020_09_03	   10872	     264	      82	       0
2020_09_04	   10955	     264	      83	       0
2020_09_05	   11037	     264	      82	       0
2020_09_06	   11120	     264	      83	       0
2020_09_07	   11226	     264	     106	       0
2020_09_08	   11333	     264	     107	       0
2020_09_09	   11439	     264	     106	       0
2020_09_10	   11546	     264	     107	       0
2020_09_11	   11652	     264	     106	       0
2020_09_12	   11759	     264	     107	       0
2020_09_13	   11866	     265	     107	       1
2020_09_14	   11977	     265	     111	       0
2020_09_15	   12088	     265	     111	       0
2020_09_16	   12199	     265	     111	       0
2020_09_17	   12311	     266	     112	       1
2020_09_18	   12422	     266	     111	       0
2020_09_19	   12533	     266	     111	       0
2020_09_20	   12645	     267	     112	       1
2020_09_21	   12753	     267	     108	       0
2020_09_22	   12862	     267	     109	       0
2020_09_23	   12971	     268	     109	       1
2020_09_24	   13079	     268	     108	       0
2020_09_25	   13188	     269	     109	       1
2020_09_26	   13297	     269	     109	       0
2020_09_27	   13406	     270	     109	       1
2020_09_28	   13512	     270	     106	       0
2020_09_29	   13618	     271	     106	       1
2020_09_30	   13724	     272	     106	       1
2020_10_01	   13830	     272	     106	       0
2020_10_02	   13936	     273	     106	       1
2020_10_03	   14042	     274	     106	       1
2020_10_04	   14149	     275	     107	       1
2020_10_05	   14302	     275	     153	       0
2020_10_06	   14455	     275	     153	       0
2020_10_07	   14608	     275	     153	       0
2020_10_08	   14761	     275	     153	       0
2020_10_09	   14914	     275	     153	       0
2020_10_10	   15067	     275	     153	       0
2020_10_11	   15221	     275	     154	       0
2020_10_12	   15351	     275	     130	       0
2020_10_13	   15482	     275	     131	       0
2020_10_14	   15613	     276	     131	       1
2020_10_15	   15743	     276	     130	       0
2020_10_16	   15874	     277	     131	       1
2020_10_17	   16005	     277	     131	       0
2020_10_18	   16136	     278	     131	       1
2020_10_19	   16389	     278	     253	       0
2020_10_20	   16642	     278	     253	       0
2020_10_21	   16895	     278	     253	       0
2020_10_22	   17148	     278	     253	       0
2020_10_23	   17401	     278	     253	       0
2020_10_24	   17654	     278	     253	       0
2020_10_25	   17908	     279	     254	       1
2020_10_26	   18144	     279	     236	       0
2020_10_27	   18380	     279	     236	       0
2020_10_28	   18617	     280	     237	       1
2020_10_29	   18853	     280	     236	       0
2020_10_30	   19090	     281	     237	       1
2020_10_31	   19326	     281	     236	       0
2020_11_01	   19563	     282	     237	       1
2020_11_02	   20086	     282	     523	       0
2020_11_03	   20609	     282	     523	       0
2020_11_04	   21132	     283	     523	       1
2020_11_05	   21655	     283	     523	       0
2020_11_06	   22178	     284	     523	       1
2020_11_07	   22701	     284	     523	       0
2020_11_08	   23225	     285	     524	       1
2020_11_09	   23796	     286	     571	       1
2020_11_10	   24368	     287	     572	       1
2020_11_11	   24939	     288	     571	       1
2020_11_12	   25511	     290	     572	       2
2020_11_13	   26082	     291	     571	       1
2020_11_14	   26654	     292	     572	       1
2020_11_15	   27226	     294	     572	       2
2020_11_16	   27827	     295	     601	       1
2020_11_17	   28429	     297	     602	       2
2020_11_18	   29031	     299	     602	       2
2020_11_19	   29632	     300	     601	       1
2020_11_20	   30234	     302	     602	       2
2020_11_21	   30836	     304	     602	       2
2020_11_22	   31438	     306	     602	       2
2020_11_23	   31910	     309	     472	       3
2020_11_24	   32383	     312	     473	       3
2020_11_25	   32856	     315	     473	       3
2020_11_26	   33328	     318	     472	       3
2020_11_27	   33801	     321	     473	       3
2020_11_28	   34274	     324	     473	       3
2020_11_29	   34747	     328	     473	       4
2020_11_30	   35121	     331	     374	       3
2020_12_01	   35496	     335	     375	       4
2020_12_02	   35871	     339	     375	       4
2020_12_03	   36246	     342	     375	       3
2020_12_04	   36621	     346	     375	       4
2020_12_05	   36996	     350	     375	       4
2020_12_06	   37371	     354	     375	       4
2020_12_07	   37749	     358	     378	       4
2020_12_08	   38128	     363	     379	       5
2020_12_09	   38507	     368	     379	       5
2020_12_10	   38885	     372	     378	       4
2020_12_11	   39264	     377	     379	       5
2020_12_12	   39643	     382	     379	       5
2020_12_13	   40022	     387	     379	       5
2020_12_14	   40415	     389	     393	       2
2020_12_15	   40808	     391	     393	       2
2020_12_16	   41201	     394	     393	       3
2020_12_17	   41595	     396	     394	       2
2020_12_18	   41988	     399	     393	       3
2020_12_19	   42381	     401	     393	       2
2020_12_20	   42775	     404	     394	       3
2020_12_21	   43083	     406	     308	       2
2020_12_22	   43391	     408	     308	       2
2020_12_23	   43699	     411	     308	       3
2020_12_24	   44007	     413	     308	       2
2020_12_25	   44315	     416	     308	       3
2020_12_26	   44623	     418	     308	       2
2020_12_27	   44932	     421	     309	       3
2020_12_28	   45410	     423	     478	       2
2020_12_29	   45888	     425	     478	       2
2020_12_30	   46366	     427	     478	       2
2020_12_31	   46844	     429	     478	       2
2021_01_01	   47322	     431	     478	       2
2021_01_02	   47800	     433	     478	       2
2021_01_03	   48278	     436	     478	       3
2021_01_04	   49065	     441	     787	       5
2021_01_05	   49853	     446	     788	       5
2021_01_06	   50641	     451	     788	       5
2021_01_07	   51428	     456	     787	       5
2021_01_08	   52216	     461	     788	       5
2021_01_09	   53004	     466	     788	       5
2021_01_10	   53792	     471	     788	       5
2021_01_11	   54355	     477	     563	       6
2021_01_12	   54918	     484	     563	       7
2021_01_13	   55481	     490	     563	       6
2021_01_14	   56044	     497	     563	       7
2021_01_15	   56607	     503	     563	       6
2021_01_16	   57170	     510	     563	       7
2021_01_17	   57734	     517	     564	       7
2021_01_18	   58138	     520	     404	       3
2021_01_19	   58542	     524	     404	       4
2021_01_20	   58947	     528	     405	       4
2021_01_21	   59351	     532	     404	       4
2021_01_22	   59756	     536	     405	       4
2021_01_23	   60160	     540	     404	       4
2021_01_24	   60565	     544	     405	       4
2021_01_25	   60852	     546	     287	       2
2021_01_26	   61139	     549	     287	       3
2021_01_27	   61426	     552	     287	       3
2021_01_28	   61713	     554	     287	       2
2021_01_29	   62000	     557	     287	       3
2021_01_30	   62287	     560	     287	       3
2021_01_31	   62575	     563	     288	       3
2021_02_01	   62847	     565	     272	       2
2021_02_02	   63120	     568	     273	       3
2021_02_03	   63392	     571	     272	       3
2021_02_04	   63665	     573	     273	       2
2021_02_05	   63937	     576	     272	       3
2021_02_06	   64210	     579	     273	       3
2021_02_07	   64483	     582	     273	       3
2021_02_08	   64733	     583	     250	       1
2021_02_09	   64983	     584	     250	       1
2021_02_10	   65234	     586	     251	       2
2021_02_11	   65484	     587	     250	       1
2021_02_12	   65735	     589	     251	       2
2021_02_13	   65985	     590	     250	       1
2021_02_14	   66236	     592	     251	       2
2021_02_15	   66503	     594	     267	       2
2021_02_16	   66770	     596	     267	       2
2021_02_17	   67037	     598	     267	       2
2021_02_18	   67305	     600	     268	       2
2021_02_19	   67572	     602	     267	       2
2021_02_20	   67839	     604	     267	       2
2021_02_21	   68107	     607	     268	       3
2021_02_22	   68382	     609	     275	       2
2021_02_23	   68657	     611	     275	       2
2021_02_24	   68932	     613	     275	       2
2021_02_25	   69208	     615	     276	       2
2021_02_26	   69483	     617	     275	       2
2021_02_27	   69758	     619	     275	       2
2021_02_28	   70034	     622	     276	       3
2021_03_01	   70528	     623	     494	       1
2021_03_02	   71022	     624	     494	       1
2021_03_03	   71516	     626	     494	       2
2021_03_04	   72010	     627	     494	       1
2021_03_05	   72504	     629	     494	       2
2021_03_06	   72998	     630	     494	       1
2021_03_07	   73493	     632	     495	       2
2021_03_08	   74142	     633	     649	       1
2021_03_09	   74792	     634	     650	       1
2021_03_10	   75441	     635	     649	       1
2021_03_11	   76091	     636	     650	       1
2021_03_12	   76740	     637	     649	       1
2021_03_13	   77390	     638	     650	       1
2021_03_14	   78040	     639	     650	       1
2021_03_15	   78970	     640	     930	       1
2021_03_16	   79900	     641	     930	       1
2021_03_17	   80831	     642	     931	       1
2021_03_18	   81761	     644	     930	       2
2021_03_19	   82692	     645	     931	       1
2021_03_20	   83622	     646	     930	       1
2021_03_21	   84553	     648	     931	       2
2021_03_22	   85464	     649	     911	       1
2021_03_23	   86376	     650	     912	       1
2021_03_24	   87287	     651	     911	       1
2021_03_25	   88199	     652	     912	       1
2021_03_26	   89110	     653	     911	       1
2021_03_27	   90022	     654	     912	       1
2021_03_28	   90934	     656	     912	       2
2021_03_29	   91767	     658	     833	       2
2021_03_30	   92601	     660	     834	       2
2021_03_31	   93435	     663	     834	       3
2021_04_01	   94268	     665	     833	       2
2021_04_02	   95102	     668	     834	       3
2021_04_03	   95936	     670	     834	       2
2021_04_04	   96770	     673	     834	       3
2021_04_05	   97511	     674	     741	       1
2021_04_06	   98252	     676	     741	       2
2021_04_07	   98993	     677	     741	       1
2021_04_08	   99735	     679	     742	       2
2021_04_09	  100476	     680	     741	       1
2021_04_10	  101217	     682	     741	       2
2021_04_11	  101959	     684	     742	       2
2021_04_12	  102568	     687	     609	       3
2021_04_13	  103177	     690	     609	       3
2021_04_14	  103786	     694	     609	       4
2021_04_15	  104395	     697	     609	       3
2021_04_16	  105004	     701	     609	       4
2021_04_17	  105613	     704	     609	       3
2021_04_18	  106223	     708	     610	       4
2021_04_19	  106702	     712	     479	       4
2021_04_20	  107182	     716	     480	       4
2021_04_21	  107662	     720	     480	       4
2021_04_22	  108141	     724	     479	       4
2021_04_23	  108621	     728	     480	       4
2021_04_24	  109101	     732	     480	       4
2021_04_25	  109581	     736	     480	       4
2021_04_26	  110003	     738	     422	       2
2021_04_27	  110426	     741	     423	       3
2021_04_28	  110849	     744	     423	       3
2021_04_29	  111271	     747	     422	       3
2021_04_30	  111694	     750	     423	       3
2021_05_01	  112117	     753	     423	       3
2021_05_02	  112540	     756	     423	       3
2021_05_03	  112950	     757	     410	       1
2021_05_04	  113360	     759	     410	       2
2021_05_05	  113770	     760	     410	       1
2021_05_06	  114180	     762	     410	       2
2021_05_07	  114590	     763	     410	       1
2021_05_08	  115000	     765	     410	       2
2021_05_09	  115410	     767	     410	       2
2021_05_10	  115819	     768	     409	       1
2021_05_11	  116228	     769	     409	       1
2021_05_12	  116637	     770	     409	       1
2021_05_13	  117047	     771	     410	       1
2021_05_14	  117456	     772	     409	       1
2021_05_15	  117865	     773	     409	       1
2021_05_16	  118275	     774	     410	       1
2021_05_17	  118629	     775	     354	       1
2021_05_18	  118983	     776	     354	       1
2021_05_19	  119337	     777	     354	       1
2021_05_20	  119691	     778	     354	       1
2021_05_21	  120045	     779	     354	       1
2021_05_22	  120399	     780	     354	       1
2021_05_23	  120754	     781	     355	       1
2021_05_24	  121221	     781	     467	       0
2021_05_25	  121689	     781	     468	       0
2021_05_26	  122157	     781	     468	       0
2021_05_27	  122625	     782	     468	       1
2021_05_28	  123093	     782	     468	       0
2021_05_29	  123561	     782	     468	       0
2021_05_30	  124029	     783	     468	       1
2021_05_31	  124334	     783	     305	       0
2021_06_01	  124640	     783	     306	       0
2021_06_02	  124946	     783	     306	       0
2021_06_03	  125251	     784	     305	       1
2021_06_04	  125557	     784	     306	       0
2021_06_05	  125863	     784	     306	       0
2021_06_06	  126169	     785	     306	       1
2021_06_07	  126384	     785	     215	       0
2021_06_08	  126599	     786	     215	       1
2021_06_09	  126814	     786	     215	       0
2021_06_10	  127030	     787	     216	       1
2021_06_11	  127245	     787	     215	       0
2021_06_12	  127460	     788	     215	       1
2021_06_13	  127676	     789	     216	       1
