#
# COVID-19 Country file (official WHO count)
# Country = Panama
# Latitude = 9.0
# Population = 4289.330
# Territory = 75417.0
# LEB = 78.5
# DPA = 22000
# DPA65 = 12320
# GDP = 15636.0
# GDP_PPP = 26103.0
# COVID-19 Mortality = 1498.4
# First_Case = 2020_03_10
# Last_Case = 2021_06_13
# First_Death = 2020_03_11
# Last_Death = 2021_06_13
# Status as of 2021_06_13 = Community transmission
# Vaccine type = Pfizer/BioNTech
# Vaccine start = NA
#
Date	Conf_Cases	Conf_Deaths	Daily_Cases	Daily_Deaths
2020_03_10	       1	       0	       1	       0
2020_03_11	       8	       1	       7	       1
2020_03_12	      10	       1	       2	       0
2020_03_13	      14	       1	       4	       0
2020_03_14	      27	       1	      13	       0
2020_03_15	      27	       1	       0	       0
2020_03_16	      43	       1	      16	       0
2020_03_17	      69	       1	      26	       0
2020_03_18	      69	       1	       0	       0
2020_03_19	      86	       1	      17	       0
2020_03_20	     109	       1	      23	       0
2020_03_21	     137	       1	      28	       0
2020_03_22	     137	       1	       0	       0
2020_03_23	     245	       3	     108	       2
2020_03_24	     345	       6	     100	       3
2020_03_25	     345	       6	       0	       0
2020_03_26	     558	       8	     213	       2
2020_03_27	     558	       8	       0	       0
2020_03_28	     674	       9	     116	       1
2020_03_29	     786	      14	     112	       5
2020_03_30	     901	      17	     115	       3
2020_03_31	     989	      24	      88	       7
2020_04_01	     989	      24	       0	       0
2020_04_02	    1181	      30	     192	       6
2020_04_03	    1317	      32	     136	       2
2020_04_04	    1475	      37	     158	       5
2020_04_05	    1673	      41	     198	       4
2020_04_06	    1801	      46	     128	       5
2020_04_07	    1988	      54	     187	       8
2020_04_08	    2100	      55	     112	       1
2020_04_09	    2249	      59	     149	       4
2020_04_10	    2528	      63	     279	       4
2020_04_11	    2752	      66	     224	       3
2020_04_12	    2974	      74	     222	       8
2020_04_13	    3234	      79	     260	       5
2020_04_14	    3400	      87	     166	       8
2020_04_15	    3472	      94	      72	       7
2020_04_16	    3574	      95	     102	       1
2020_04_17	    3751	     103	     177	       8
2020_04_18	    4016	     109	     265	       6
2020_04_19	    4210	     115	     194	       6
2020_04_20	    4273	     120	      63	       5
2020_04_21	    4467	     126	     194	       6
2020_04_22	    4658	     136	     191	      10
2020_04_23	    4821	     141	     163	       5
2020_04_24	    4992	     144	     171	       3
2020_04_25	    5166	     146	     174	       2
2020_04_26	    5338	     154	     172	       8
2020_04_27	    5538	     159	     200	       5
2020_04_28	    5779	     165	     241	       6
2020_04_29	    6021	     167	     242	       2
2020_04_30	    6200	     176	     179	       9
2020_05_01	    6378	     178	     178	       2
2020_05_02	    6532	     188	     154	      10
2020_05_03	    6720	     192	     188	       4
2020_05_04	    7090	     197	     370	       5
2020_05_05	    7197	     200	     107	       3
2020_05_06	    7387	     203	     190	       3
2020_05_07	    7523	     210	     136	       7
2020_05_08	    7731	     218	     208	       8
2020_05_09	    7868	     225	     137	       7
2020_05_10	    8070	     231	     202	       6
2020_05_11	    8282	     237	     212	       6
2020_05_12	    8448	     244	     166	       7
2020_05_13	    8616	     249	     168	       5
2020_05_14	    8616	     249	       0	       0
2020_05_15	    8944	     256	     328	       7
2020_05_16	    9118	     260	     174	       4
2020_05_17	    9268	     266	     150	       6
2020_05_18	    9449	     269	     181	       3
2020_05_19	    9606	     275	     157	       6
2020_05_20	    9726	     279	     120	       4
2020_05_21	    9867	     281	     141	       2
2020_05_22	    9977	     287	     110	       6
2020_05_23	   10116	     291	     139	       4
2020_05_24	   10267	     295	     151	       4
2020_05_25	   10577	     299	     310	       4
2020_05_26	   10926	     306	     349	       7
2020_05_27	   11183	     310	     257	       4
2020_05_28	   11447	     313	     264	       3
2020_05_29	   11728	     315	     281	       2
2020_05_30	   12131	     320	     403	       5
2020_05_31	   12531	     326	     400	       6
2020_06_01	   13018	     330	     487	       4
2020_06_02	   13463	     336	     445	       6
2020_06_03	   13837	     344	     374	       8
2020_06_04	   14095	     352	     258	       8
2020_06_05	   14609	     357	     514	       5
2020_06_06	   15044	     363	     435	       6
2020_06_07	   15463	     370	     419	       7
2020_06_08	   16004	     386	     541	      16
2020_06_09	   16425	     393	     421	       7
2020_06_10	   16854	     398	     429	       5
2020_06_11	   17233	     403	     379	       5
2020_06_12	   17889	     413	     656	      10
2020_06_13	   18586	     418	     697	       5
2020_06_14	   19211	     421	     625	       3
2020_06_15	   20059	     429	     848	       8
2020_06_16	   20686	     437	     627	       8
2020_06_17	   21422	     448	     736	      11
2020_06_18	   21962	     457	     540	       9
2020_06_19	   22597	     470	     635	      13
2020_06_20	   23351	     475	     754	       5
2020_06_21	   24274	     485	     923	      10
2020_06_22	   25222	     493	     948	       8
2020_06_23	   26030	     501	     808	       8
2020_06_24	   26752	     521	     722	      20
2020_06_25	   27314	     536	     562	      15
2020_06_26	   28030	     547	     716	      11
2020_06_27	   29037	     564	    1007	      17
2020_06_28	   29905	     575	     868	      11
2020_06_29	   30658	     592	     753	      17
2020_06_30	   31686	     604	    1028	      12
2020_07_01	   32785	     620	    1099	      16
2020_07_02	   33550	     631	     765	      11
2020_07_03	   34463	     645	     913	      14
2020_07_04	   35237	     667	     774	      22
2020_07_05	   35995	     698	     758	      31
2020_07_06	   36983	     720	     988	      22
2020_07_07	   38149	     747	    1166	      27
2020_07_08	   39334	     770	    1185	      23
2020_07_09	   40291	     799	     957	      29
2020_07_10	   41251	     819	     960	      20
2020_07_11	   42216	     839	     965	      20
2020_07_12	   43257	     863	    1041	      24
2020_07_13	   44332	     893	    1075	      30
2020_07_14	   45633	     909	    1301	      16
2020_07_15	   47173	     932	    1540	      23
2020_07_16	   48096	     960	     923	      28
2020_07_17	   49243	     982	    1147	      22
2020_07_18	   50373	    1000	    1130	      18
2020_07_19	   51408	    1038	    1035	      38
2020_07_20	   52261	    1071	     853	      33
2020_07_21	   53468	    1096	    1207	      25
2020_07_22	   54426	    1127	     958	      31
2020_07_23	   55153	    1159	     727	      32
2020_07_24	   55906	    1180	     753	      21
2020_07_25	   56817	    1209	     911	      29
2020_07_26	   56817	    1209	       0	       0
2020_07_27	   58864	    1275	    2047	      66
2020_07_28	   60296	    1294	    1432	      19
2020_07_29	   61442	    1322	    1146	      28
2020_07_30	   62223	    1349	     781	      27
2020_07_31	   63269	    1374	    1046	      25
2020_08_01	   64191	    1397	     922	      23
2020_08_02	   65256	    1421	    1065	      24
2020_08_03	   66383	    1449	    1127	      28
2020_08_04	   67453	    1471	    1070	      22
2020_08_05	   68456	    1497	    1003	      26
2020_08_06	   69424	    1522	     968	      25
2020_08_07	   70231	    1553	     807	      31
2020_08_08	   71418	    1574	    1187	      21
2020_08_09	   72560	    1591	    1142	      17
2020_08_10	   73651	    1609	    1091	      18
2020_08_11	   74492	    1639	     841	      30
2020_08_12	   75394	    1664	     902	      25
2020_08_13	   76464	    1680	    1070	      16
2020_08_14	   77377	    1703	     913	      23
2020_08_15	   78446	    1722	    1069	      19
2020_08_16	   79402	    1734	     956	      12
2020_08_17	   80114	    1751	     712	      17
2020_08_18	   80827	    1769	     713	      18
2020_08_19	   81540	    1787	     713	      18
2020_08_20	   82253	    1805	     713	      18
2020_08_21	   82966	    1823	     713	      18
2020_08_22	   83679	    1841	     713	      18
2020_08_23	   84392	    1859	     713	      18
2020_08_24	   85282	    1874	     890	      15
2020_08_25	   86172	    1889	     890	      15
2020_08_26	   87062	    1904	     890	      15
2020_08_27	   87953	    1920	     891	      16
2020_08_28	   88843	    1935	     890	      15
2020_08_29	   89733	    1950	     890	      15
2020_08_30	   90624	    1966	     891	      16
2020_08_31	   91334	    1979	     710	      13
2020_09_01	   92044	    1993	     710	      14
2020_09_02	   92754	    2007	     710	      14
2020_09_03	   93465	    2021	     711	      14
2020_09_04	   94175	    2035	     710	      14
2020_09_05	   94885	    2049	     710	      14
2020_09_06	   95596	    2063	     711	      14
2020_09_07	   96272	    2074	     676	      11
2020_09_08	   96948	    2085	     676	      11
2020_09_09	   97624	    2096	     676	      11
2020_09_10	   98301	    2107	     677	      11
2020_09_11	   98977	    2118	     676	      11
2020_09_12	   99653	    2129	     676	      11
2020_09_13	  100330	    2140	     677	      11
2020_09_14	  100979	    2152	     649	      12
2020_09_15	  101629	    2165	     650	      13
2020_09_16	  102279	    2178	     650	      13
2020_09_17	  102929	    2190	     650	      12
2020_09_18	  103579	    2203	     650	      13
2020_09_19	  104229	    2216	     650	      13
2020_09_20	  104879	    2229	     650	      13
2020_09_21	  105529	    2240	     650	      11
2020_09_22	  106179	    2252	     650	      12
2020_09_23	  106829	    2264	     650	      12
2020_09_24	  107480	    2275	     651	      11
2020_09_25	  108130	    2287	     650	      12
2020_09_26	  108780	    2299	     650	      12
2020_09_27	  109431	    2311	     651	      12
2020_09_28	  110078	    2324	     647	      13
2020_09_29	  110725	    2338	     647	      14
2020_09_30	  111372	    2351	     647	      13
2020_10_01	  112020	    2365	     648	      14
2020_10_02	  112667	    2378	     647	      13
2020_10_03	  113314	    2392	     647	      14
2020_10_04	  113962	    2406	     648	      14
2020_10_05	  114659	    2415	     697	       9
2020_10_06	  115356	    2425	     697	      10
2020_10_07	  116053	    2435	     697	      10
2020_10_08	  116750	    2444	     697	       9
2020_10_09	  117447	    2454	     697	      10
2020_10_10	  118144	    2464	     697	      10
2020_10_11	  118841	    2474	     697	      10
2020_10_12	  119684	    2486	     843	      12
2020_10_13	  120527	    2499	     843	      13
2020_10_14	  121371	    2512	     844	      13
2020_10_15	  122214	    2525	     843	      13
2020_10_16	  123058	    2538	     844	      13
2020_10_17	  123901	    2551	     843	      13
2020_10_18	  124745	    2564	     844	      13
2020_10_19	  125381	    2573	     636	       9
2020_10_20	  126017	    2583	     636	      10
2020_10_21	  126654	    2593	     637	      10
2020_10_22	  127290	    2603	     636	      10
2020_10_23	  127927	    2613	     637	      10
2020_10_24	  128563	    2623	     636	      10
2020_10_25	  129200	    2633	     637	      10
2020_10_26	  129723	    2640	     523	       7
2020_10_27	  130247	    2648	     524	       8
2020_10_28	  130771	    2656	     524	       8
2020_10_29	  131295	    2664	     524	       8
2020_10_30	  131819	    2672	     524	       8
2020_10_31	  132343	    2680	     524	       8
2020_11_01	  132867	    2688	     524	       8
2020_11_02	  133566	    2699	     699	      11
2020_11_03	  134265	    2711	     699	      12
2020_11_04	  134964	    2723	     699	      12
2020_11_05	  135663	    2734	     699	      11
2020_11_06	  136362	    2746	     699	      12
2020_11_07	  137061	    2758	     699	      12
2020_11_08	  137760	    2770	     699	      12
2020_11_09	  138719	    2782	     959	      12
2020_11_10	  139679	    2794	     960	      12
2020_11_11	  140638	    2806	     959	      12
2020_11_12	  141598	    2819	     960	      13
2020_11_13	  142557	    2831	     959	      12
2020_11_14	  143517	    2843	     960	      12
2020_11_15	  144477	    2856	     960	      13
2020_11_16	  145593	    2866	    1116	      10
2020_11_17	  146709	    2877	    1116	      11
2020_11_18	  147825	    2888	    1116	      11
2020_11_19	  148941	    2899	    1116	      11
2020_11_20	  150057	    2910	    1116	      11
2020_11_21	  151173	    2921	    1116	      11
2020_11_22	  152289	    2932	    1116	      11
2020_11_23	  153639	    2946	    1350	      14
2020_11_24	  154990	    2960	    1351	      14
2020_11_25	  156341	    2974	    1351	      14
2020_11_26	  157691	    2988	    1350	      14
2020_11_27	  159042	    3002	    1351	      14
2020_11_28	  160393	    3016	    1351	      14
2020_11_29	  161744	    3030	    1351	      14
2020_11_30	  163438	    3047	    1694	      17
2020_12_01	  165133	    3065	    1695	      18
2020_12_02	  166828	    3083	    1695	      18
2020_12_03	  168522	    3100	    1694	      17
2020_12_04	  170217	    3118	    1695	      18
2020_12_05	  171912	    3136	    1695	      18
2020_12_06	  173607	    3154	    1695	      18
2020_12_07	  175631	    3176	    2024	      22
2020_12_08	  177656	    3198	    2025	      22
2020_12_09	  179680	    3220	    2024	      22
2020_12_10	  181705	    3242	    2025	      22
2020_12_11	  183729	    3264	    2024	      22
2020_12_12	  185754	    3286	    2025	      22
2020_12_13	  187779	    3309	    2025	      23
2020_12_14	  190426	    3336	    2647	      27
2020_12_15	  193073	    3364	    2647	      28
2020_12_16	  195720	    3392	    2647	      28
2020_12_17	  198368	    3420	    2648	      28
2020_12_18	  201015	    3448	    2647	      28
2020_12_19	  203662	    3476	    2647	      28
2020_12_20	  206310	    3504	    2648	      28
2020_12_21	  209217	    3540	    2907	      36
2020_12_22	  212124	    3576	    2907	      36
2020_12_23	  215031	    3612	    2907	      36
2020_12_24	  217938	    3648	    2907	      36
2020_12_25	  220845	    3684	    2907	      36
2020_12_26	  223752	    3720	    2907	      36
2020_12_27	  226660	    3756	    2908	      36
2020_12_28	  229956	    3800	    3296	      44
2020_12_29	  233252	    3844	    3296	      44
2020_12_30	  236548	    3888	    3296	      44
2020_12_31	  239844	    3932	    3296	      44
2021_01_01	  243140	    3976	    3296	      44
2021_01_02	  246436	    4020	    3296	      44
2021_01_03	  249733	    4064	    3297	      44
2021_01_04	  253062	    4106	    3329	      42
2021_01_05	  256391	    4149	    3329	      43
2021_01_06	  259720	    4192	    3329	      43
2021_01_07	  263049	    4234	    3329	      42
2021_01_08	  266378	    4277	    3329	      43
2021_01_09	  269707	    4320	    3329	      43
2021_01_10	  273037	    4363	    3330	      43
2021_01_11	  275973	    4409	    2936	      46
2021_01_12	  278909	    4456	    2936	      47
2021_01_13	  281846	    4502	    2937	      46
2021_01_14	  284782	    4549	    2936	      47
2021_01_15	  287719	    4595	    2937	      46
2021_01_16	  290655	    4642	    2936	      47
2021_01_17	  293592	    4689	    2937	      47
2021_01_18	  295620	    4730	    2028	      41
2021_01_19	  297649	    4772	    2029	      42
2021_01_20	  299678	    4813	    2029	      41
2021_01_21	  301706	    4855	    2028	      42
2021_01_22	  303735	    4896	    2029	      41
2021_01_23	  305764	    4938	    2029	      42
2021_01_24	  307793	    4980	    2029	      42
2021_01_25	  309287	    5014	    1494	      34
2021_01_26	  310781	    5048	    1494	      34
2021_01_27	  312275	    5083	    1494	      35
2021_01_28	  313770	    5117	    1495	      34
2021_01_29	  315264	    5152	    1494	      35
2021_01_30	  316758	    5186	    1494	      34
2021_01_31	  318253	    5221	    1495	      35
2021_02_01	  319286	    5250	    1033	      29
2021_02_02	  320319	    5279	    1033	      29
2021_02_03	  321353	    5308	    1034	      29
2021_02_04	  322386	    5338	    1033	      30
2021_02_05	  323420	    5367	    1034	      29
2021_02_06	  324453	    5396	    1033	      29
2021_02_07	  325487	    5426	    1034	      30
2021_02_08	  326272	    5450	     785	      24
2021_02_09	  327057	    5474	     785	      24
2021_02_10	  327843	    5498	     786	      24
2021_02_11	  328628	    5522	     785	      24
2021_02_12	  329414	    5546	     786	      24
2021_02_13	  330199	    5570	     785	      24
2021_02_14	  330985	    5595	     786	      25
2021_02_15	  331607	    5611	     622	      16
2021_02_16	  332229	    5628	     622	      17
2021_02_17	  332851	    5644	     622	      16
2021_02_18	  333473	    5661	     622	      17
2021_02_19	  334095	    5677	     622	      16
2021_02_20	  334717	    5694	     622	      17
2021_02_21	  335339	    5711	     622	      17
2021_02_22	  335973	    5726	     634	      15
2021_02_23	  336608	    5742	     635	      16
2021_02_24	  337242	    5757	     634	      15
2021_02_25	  337877	    5773	     635	      16
2021_02_26	  338511	    5788	     634	      15
2021_02_27	  339146	    5804	     635	      16
2021_02_28	  339781	    5820	     635	      16
2021_03_01	  340347	    5832	     566	      12
2021_03_02	  340913	    5844	     566	      12
2021_03_03	  341479	    5857	     566	      13
2021_03_04	  342045	    5869	     566	      12
2021_03_05	  342611	    5882	     566	      13
2021_03_06	  343177	    5894	     566	      12
2021_03_07	  343743	    5907	     566	      13
2021_03_08	  344240	    5917	     497	      10
2021_03_09	  344738	    5928	     498	      11
2021_03_10	  345235	    5938	     497	      10
2021_03_11	  345733	    5949	     498	      11
2021_03_12	  346230	    5959	     497	      10
2021_03_13	  346728	    5970	     498	      11
2021_03_14	  347226	    5981	     498	      11
2021_03_15	  347653	    5988	     427	       7
2021_03_16	  348081	    5996	     428	       8
2021_03_17	  348509	    6004	     428	       8
2021_03_18	  348936	    6011	     427	       7
2021_03_19	  349364	    6019	     428	       8
2021_03_20	  349792	    6027	     428	       8
2021_03_21	  350220	    6035	     428	       8
2021_03_22	  350619	    6042	     399	       7
2021_03_23	  351019	    6049	     400	       7
2021_03_24	  351418	    6057	     399	       8
2021_03_25	  351818	    6064	     400	       7
2021_03_26	  352217	    6072	     399	       8
2021_03_27	  352617	    6079	     400	       7
2021_03_28	  353017	    6087	     400	       8
2021_03_29	  353421	    6092	     404	       5
2021_03_30	  353826	    6098	     405	       6
2021_03_31	  354231	    6103	     405	       5
2021_04_01	  354635	    6109	     404	       6
2021_04_02	  355040	    6114	     405	       5
2021_04_03	  355445	    6120	     405	       6
2021_04_04	  355850	    6126	     405	       6
2021_04_05	  356171	    6130	     321	       4
2021_04_06	  356492	    6134	     321	       4
2021_04_07	  356813	    6138	     321	       4
2021_04_08	  357134	    6143	     321	       5
2021_04_09	  357455	    6147	     321	       4
2021_04_10	  357776	    6151	     321	       4
2021_04_11	  358098	    6156	     322	       5
2021_04_12	  358405	    6160	     307	       4
2021_04_13	  358712	    6164	     307	       4
2021_04_14	  359019	    6168	     307	       4
2021_04_15	  359327	    6172	     308	       4
2021_04_16	  359634	    6176	     307	       4
2021_04_17	  359941	    6180	     307	       4
2021_04_18	  360249	    6185	     308	       5
2021_04_19	  360550	    6187	     301	       2
2021_04_20	  360851	    6189	     301	       2
2021_04_21	  361152	    6191	     301	       2
2021_04_22	  361454	    6193	     302	       2
2021_04_23	  361755	    6195	     301	       2
2021_04_24	  362056	    6197	     301	       2
2021_04_25	  362358	    6200	     302	       3
2021_04_26	  362674	    6204	     316	       4
2021_04_27	  362991	    6209	     317	       5
2021_04_28	  363308	    6213	     317	       4
2021_04_29	  363625	    6218	     317	       5
2021_04_30	  363942	    6222	     317	       4
2021_05_01	  364259	    6227	     317	       5
2021_05_02	  364576	    6232	     317	       5
2021_05_03	  364888	    6235	     312	       3
2021_05_04	  365200	    6239	     312	       4
2021_05_05	  365512	    6243	     312	       4
2021_05_06	  365825	    6246	     313	       3
2021_05_07	  366137	    6250	     312	       4
2021_05_08	  366449	    6254	     312	       4
2021_05_09	  366762	    6258	     313	       4
2021_05_10	  367230	    6262	     468	       4
2021_05_11	  367699	    6267	     469	       5
2021_05_12	  368168	    6272	     469	       5
2021_05_13	  368636	    6277	     468	       5
2021_05_14	  369105	    6282	     469	       5
2021_05_15	  369574	    6287	     469	       5
2021_05_16	  370043	    6292	     469	       5
2021_05_17	  370509	    6296	     466	       4
2021_05_18	  370975	    6300	     466	       4
2021_05_19	  371442	    6304	     467	       4
2021_05_20	  371908	    6308	     466	       4
2021_05_21	  372375	    6312	     467	       4
2021_05_22	  372841	    6316	     466	       4
2021_05_23	  373308	    6321	     467	       5
2021_05_24	  373814	    6327	     506	       6
2021_05_25	  374321	    6333	     507	       6
2021_05_26	  374827	    6339	     506	       6
2021_05_27	  375334	    6346	     507	       7
2021_05_28	  375840	    6352	     506	       6
2021_05_29	  376347	    6358	     507	       6
2021_05_30	  376854	    6365	     507	       7
2021_05_31	  377463	    6368	     609	       3
2021_06_01	  378073	    6371	     610	       3
2021_06_02	  378683	    6375	     610	       4
2021_06_03	  379292	    6378	     609	       3
2021_06_04	  379902	    6382	     610	       4
2021_06_05	  380512	    6385	     610	       3
2021_06_06	  381122	    6389	     610	       4
2021_06_07	  381857	    6394	     735	       5
2021_06_08	  382592	    6399	     735	       5
2021_06_09	  383327	    6405	     735	       6
2021_06_10	  384063	    6410	     736	       5
2021_06_11	  384798	    6416	     735	       6
2021_06_12	  385533	    6421	     735	       5
2021_06_13	  386269	    6427	     736	       6
