#
# COVID-19 Country file (official WHO count)
# Country = Republic of Korea
# Latitude = 38.0
# Population = 51506.975
# Territory = 100210.0
# LEB = 83.0
# DPA = 316000
# DPA65 = 246480
# GDP = 30939.0
# GDP_PPP = 41988.0
# COVID-19 Mortality = 38.5
# First_Case = 2020_01_20
# Last_Case = 2021_06_13
# First_Death = 2020_02_20
# Last_Death = 2021_06_13
# Status as of 2021_06_13 = Clusters of cases
# Vaccine type = Unknown
# Vaccine start = NA
#
Date	Conf_Cases	Conf_Deaths	Daily_Cases	Daily_Deaths
2020_01_20	       1	       0	       1	       0
2020_01_21	       1	       0	       0	       0
2020_01_22	       1	       0	       0	       0
2020_01_23	       1	       0	       0	       0
2020_01_24	       2	       0	       1	       0
2020_01_25	       2	       0	       0	       0
2020_01_26	       2	       0	       0	       0
2020_01_27	       4	       0	       2	       0
2020_01_28	       4	       0	       0	       0
2020_01_29	       4	       0	       0	       0
2020_01_30	       4	       0	       0	       0
2020_01_31	      11	       0	       7	       0
2020_02_01	      12	       0	       1	       0
2020_02_02	      15	       0	       3	       0
2020_02_03	      15	       0	       0	       0
2020_02_04	      16	       0	       1	       0
2020_02_05	      18	       0	       2	       0
2020_02_06	      23	       0	       5	       0
2020_02_07	      24	       0	       1	       0
2020_02_08	      24	       0	       0	       0
2020_02_09	      27	       0	       3	       0
2020_02_10	      27	       0	       0	       0
2020_02_11	      28	       0	       1	       0
2020_02_12	      28	       0	       0	       0
2020_02_13	      28	       0	       0	       0
2020_02_14	      28	       0	       0	       0
2020_02_15	      28	       0	       0	       0
2020_02_16	      29	       0	       1	       0
2020_02_17	      30	       0	       1	       0
2020_02_18	      31	       0	       1	       0
2020_02_19	      51	       0	      20	       0
2020_02_20	     104	       1	      53	       1
2020_02_21	     204	       1	     100	       0
2020_02_22	     364	       2	     160	       1
2020_02_23	     602	       5	     238	       3
2020_02_24	     763	       7	     161	       2
2020_02_25	     977	      10	     214	       3
2020_02_26	    1261	      12	     284	       2
2020_02_27	    1766	      13	     505	       1
2020_02_28	    2337	      13	     571	       0
2020_02_29	    3150	      17	     813	       4
2020_03_01	    3736	      18	     586	       1
2020_03_02	    4212	      22	     476	       4
2020_03_03	    4812	      28	     600	       6
2020_03_04	    5328	      32	     516	       4
2020_03_05	    5766	      35	     438	       3
2020_03_06	    6284	      42	     518	       7
2020_03_07	    6767	      44	     483	       2
2020_03_08	    7134	      50	     367	       6
2020_03_09	    7382	      51	     248	       1
2020_03_10	    7513	      54	     131	       3
2020_03_11	    7755	      60	     242	       6
2020_03_12	    7869	      66	     114	       6
2020_03_13	    7979	      66	     110	       0
2020_03_14	    8086	      72	     107	       6
2020_03_15	    8162	      75	      76	       3
2020_03_16	    8236	      75	      74	       0
2020_03_17	    8320	      81	      84	       6
2020_03_18	    8320	      81	       0	       0
2020_03_19	    8413	      84	      93	       3
2020_03_20	    8652	      94	     239	      10
2020_03_21	    8799	     102	     147	       8
2020_03_22	    8897	     104	      98	       2
2020_03_23	    8961	     111	      64	       7
2020_03_24	    9037	     120	      76	       9
2020_03_25	    9137	     126	     100	       6
2020_03_26	    9241	     131	     104	       5
2020_03_27	    9332	     139	      91	       8
2020_03_28	    9478	     144	     146	       5
2020_03_29	    9583	     152	     105	       8
2020_03_30	    9661	     158	      78	       6
2020_03_31	    9786	     162	     125	       4
2020_04_01	    9887	     165	     101	       3
2020_04_02	    9976	     169	      89	       4
2020_04_03	   10062	     174	      86	       5
2020_04_04	   10156	     177	      94	       3
2020_04_05	   10237	     183	      81	       6
2020_04_06	   10284	     186	      47	       3
2020_04_07	   10331	     192	      47	       6
2020_04_08	   10384	     200	      53	       8
2020_04_09	   10423	     204	      39	       4
2020_04_10	   10450	     208	      27	       4
2020_04_11	   10480	     211	      30	       3
2020_04_12	   10512	     214	      32	       3
2020_04_13	   10537	     217	      25	       3
2020_04_14	   10564	     222	      27	       5
2020_04_15	   10591	     225	      27	       3
2020_04_16	   10613	     229	      22	       4
2020_04_17	   10635	     230	      22	       1
2020_04_18	   10653	     232	      18	       2
2020_04_19	   10661	     234	       8	       2
2020_04_20	   10674	     236	      13	       2
2020_04_21	   10683	     237	       9	       1
2020_04_22	   10694	     238	      11	       1
2020_04_23	   10702	     240	       8	       2
2020_04_24	   10708	     240	       6	       0
2020_04_25	   10718	     240	      10	       0
2020_04_26	   10728	     242	      10	       2
2020_04_27	   10738	     243	      10	       1
2020_04_28	   10752	     244	      14	       1
2020_04_29	   10761	     246	       9	       2
2020_04_30	   10765	     247	       4	       1
2020_05_01	   10774	     248	       9	       1
2020_05_02	   10780	     250	       6	       2
2020_05_03	   10793	     250	      13	       0
2020_05_04	   10801	     252	       8	       2
2020_05_05	   10804	     254	       3	       2
2020_05_06	   10806	     255	       2	       1
2020_05_07	   10810	     256	       4	       1
2020_05_08	   10822	     256	      12	       0
2020_05_09	   10840	     256	      18	       0
2020_05_10	   10874	     256	      34	       0
2020_05_11	   10909	     256	      35	       0
2020_05_12	   10936	     258	      27	       2
2020_05_13	   10962	     259	      26	       1
2020_05_14	   10991	     260	      29	       1
2020_05_15	   11018	     260	      27	       0
2020_05_16	   11037	     262	      19	       2
2020_05_17	   11050	     262	      13	       0
2020_05_18	   11065	     263	      15	       1
2020_05_19	   11078	     263	      13	       0
2020_05_20	   11110	     263	      32	       0
2020_05_21	   11122	     264	      12	       1
2020_05_22	   11142	     264	      20	       0
2020_05_23	   11165	     266	      23	       2
2020_05_24	   11190	     266	      25	       0
2020_05_25	   11206	     267	      16	       1
2020_05_26	   11225	     269	      19	       2
2020_05_27	   11265	     269	      40	       0
2020_05_28	   11344	     269	      79	       0
2020_05_29	   11402	     269	      58	       0
2020_05_30	   11441	     269	      39	       0
2020_05_31	   11468	     270	      27	       1
2020_06_01	   11503	     271	      35	       1
2020_06_02	   11541	     272	      38	       1
2020_06_03	   11590	     273	      49	       1
2020_06_04	   11629	     273	      39	       0
2020_06_05	   11668	     273	      39	       0
2020_06_06	   11719	     273	      51	       0
2020_06_07	   11776	     273	      57	       0
2020_06_08	   11814	     273	      38	       0
2020_06_09	   11852	     274	      38	       1
2020_06_10	   11902	     276	      50	       2
2020_06_11	   11947	     276	      45	       0
2020_06_12	   12003	     277	      56	       1
2020_06_13	   12051	     277	      48	       0
2020_06_14	   12085	     277	      34	       0
2020_06_15	   12121	     277	      36	       0
2020_06_16	   12155	     278	      34	       1
2020_06_17	   12198	     279	      43	       1
2020_06_18	   12257	     280	      59	       1
2020_06_19	   12306	     280	      49	       0
2020_06_20	   12373	     280	      67	       0
2020_06_21	   12421	     280	      48	       0
2020_06_22	   12438	     280	      17	       0
2020_06_23	   12484	     281	      46	       1
2020_06_24	   12535	     281	      51	       0
2020_06_25	   12563	     282	      28	       1
2020_06_26	   12602	     282	      39	       0
2020_06_27	   12653	     282	      51	       0
2020_06_28	   12715	     282	      62	       0
2020_06_29	   12757	     282	      42	       0
2020_06_30	   12800	     282	      43	       0
2020_07_01	   12850	     282	      50	       0
2020_07_02	   12904	     282	      54	       0
2020_07_03	   12967	     282	      63	       0
2020_07_04	   13030	     283	      63	       1
2020_07_05	   13091	     283	      61	       0
2020_07_06	   13137	     284	      46	       1
2020_07_07	   13181	     285	      44	       1
2020_07_08	   13244	     285	      63	       0
2020_07_09	   13293	     287	      49	       2
2020_07_10	   13338	     288	      45	       1
2020_07_11	   13373	     288	      35	       0
2020_07_12	   13417	     289	      44	       1
2020_07_13	   13479	     289	      62	       0
2020_07_14	   13512	     289	      33	       0
2020_07_15	   13551	     289	      39	       0
2020_07_16	   13612	     291	      61	       2
2020_07_17	   13672	     293	      60	       2
2020_07_18	   13711	     294	      39	       1
2020_07_19	   13745	     295	      34	       1
2020_07_20	   13771	     296	      26	       1
2020_07_21	   13816	     296	      45	       0
2020_07_22	   13879	     297	      63	       1
2020_07_23	   13938	     297	      59	       0
2020_07_24	   13979	     298	      41	       1
2020_07_25	   14092	     298	     113	       0
2020_07_26	   14092	     298	       0	       0
2020_07_27	   14175	     299	      83	       1
2020_07_28	   14203	     300	      28	       1
2020_07_29	   14251	     300	      48	       0
2020_07_30	   14269	     300	      18	       0
2020_07_31	   14305	     301	      36	       1
2020_08_01	   14336	     301	      31	       0
2020_08_02	   14366	     301	      30	       0
2020_08_03	   14389	     301	      23	       0
2020_08_04	   14423	     301	      34	       0
2020_08_05	   14456	     302	      33	       1
2020_08_06	   14499	     302	      43	       0
2020_08_07	   14519	     303	      20	       1
2020_08_08	   14562	     304	      43	       1
2020_08_09	   14598	     305	      36	       1
2020_08_10	   14626	     305	      28	       0
2020_08_11	   14660	     305	      34	       0
2020_08_12	   14714	     305	      54	       0
2020_08_13	   14770	     305	      56	       0
2020_08_14	   14873	     305	     103	       0
2020_08_15	   15039	     305	     166	       0
2020_08_16	   15318	     305	     279	       0
2020_08_17	   15615	     305	     297	       0
2020_08_18	   15912	     306	     297	       1
2020_08_19	   16209	     306	     297	       0
2020_08_20	   16507	     307	     298	       1
2020_08_21	   16804	     307	     297	       0
2020_08_22	   17101	     308	     297	       1
2020_08_23	   17399	     309	     298	       1
2020_08_24	   17727	     311	     328	       2
2020_08_25	   18056	     313	     329	       2
2020_08_26	   18384	     315	     328	       2
2020_08_27	   18713	     317	     329	       2
2020_08_28	   19041	     319	     328	       2
2020_08_29	   19370	     321	     329	       2
2020_08_30	   19699	     323	     329	       2
2020_08_31	   19910	     324	     211	       1
2020_09_01	   20121	     326	     211	       2
2020_09_02	   20332	     327	     211	       1
2020_09_03	   20543	     329	     211	       2
2020_09_04	   20754	     330	     211	       1
2020_09_05	   20965	     332	     211	       2
2020_09_06	   21177	     334	     212	       2
2020_09_07	   21319	     337	     142	       3
2020_09_08	   21462	     340	     143	       3
2020_09_09	   21605	     344	     143	       4
2020_09_10	   21747	     347	     142	       3
2020_09_11	   21890	     351	     143	       4
2020_09_12	   22033	     354	     143	       3
2020_09_13	   22176	     358	     143	       4
2020_09_14	   22290	     361	     114	       3
2020_09_15	   22404	     365	     114	       4
2020_09_16	   22518	     368	     114	       3
2020_09_17	   22632	     372	     114	       4
2020_09_18	   22746	     375	     114	       3
2020_09_19	   22860	     379	     114	       4
2020_09_20	   22975	     383	     115	       4
2020_09_21	   23065	     385	      90	       2
2020_09_22	   23156	     388	      91	       3
2020_09_23	   23247	     390	      91	       2
2020_09_24	   23338	     393	      91	       3
2020_09_25	   23429	     395	      91	       2
2020_09_26	   23520	     398	      91	       3
2020_09_27	   23611	     401	      91	       3
2020_09_28	   23679	     403	      68	       2
2020_09_29	   23748	     406	      69	       3
2020_09_30	   23816	     409	      68	       3
2020_10_01	   23885	     412	      69	       3
2020_10_02	   23953	     415	      68	       3
2020_10_03	   24022	     418	      69	       3
2020_10_04	   24091	     421	      69	       3
2020_10_05	   24164	     422	      73	       1
2020_10_06	   24238	     424	      74	       2
2020_10_07	   24311	     425	      73	       1
2020_10_08	   24385	     427	      74	       2
2020_10_09	   24458	     428	      73	       1
2020_10_10	   24532	     430	      74	       2
2020_10_11	   24606	     432	      74	       2
2020_10_12	   24709	     434	     103	       2
2020_10_13	   24813	     436	     104	       2
2020_10_14	   24917	     438	     104	       2
2020_10_15	   25021	     440	     104	       2
2020_10_16	   25125	     442	     104	       2
2020_10_17	   25229	     444	     104	       2
2020_10_18	   25333	     447	     104	       3
2020_10_19	   25434	     448	     101	       1
2020_10_20	   25535	     450	     101	       2
2020_10_21	   25637	     452	     102	       2
2020_10_22	   25738	     454	     101	       2
2020_10_23	   25840	     456	     102	       2
2020_10_24	   25941	     458	     101	       2
2020_10_25	   26043	     460	     102	       2
2020_10_26	   26127	     460	      84	       0
2020_10_27	   26212	     461	      85	       1
2020_10_28	   26296	     462	      84	       1
2020_10_29	   26381	     463	      85	       1
2020_10_30	   26465	     464	      84	       1
2020_10_31	   26550	     465	      85	       1
2020_11_01	   26635	     466	      85	       1
2020_11_02	   26748	     467	     113	       1
2020_11_03	   26861	     469	     113	       2
2020_11_04	   26974	     471	     113	       2
2020_11_05	   27087	     472	     113	       1
2020_11_06	   27200	     474	     113	       2
2020_11_07	   27313	     476	     113	       2
2020_11_08	   27427	     478	     114	       2
2020_11_09	   27586	     480	     159	       2
2020_11_10	   27746	     482	     160	       2
2020_11_11	   27906	     484	     160	       2
2020_11_12	   28066	     486	     160	       2
2020_11_13	   28226	     488	     160	       2
2020_11_14	   28386	     490	     160	       2
2020_11_15	   28546	     493	     160	       3
2020_11_16	   28858	     494	     312	       1
2020_11_17	   29170	     496	     312	       2
2020_11_18	   29483	     498	     313	       2
2020_11_19	   29795	     499	     312	       1
2020_11_20	   30108	     501	     313	       2
2020_11_21	   30420	     503	     312	       2
2020_11_22	   30733	     505	     313	       2
2020_11_23	   31165	     507	     432	       2
2020_11_24	   31598	     510	     433	       3
2020_11_25	   32031	     512	     433	       2
2020_11_26	   32464	     515	     433	       3
2020_11_27	   32897	     517	     433	       2
2020_11_28	   33330	     520	     433	       3
2020_11_29	   33763	     523	     433	       3
2020_11_30	   34303	     526	     540	       3
2020_12_01	   34843	     529	     540	       3
2020_12_02	   35384	     532	     541	       3
2020_12_03	   35924	     535	     540	       3
2020_12_04	   36465	     538	     541	       3
2020_12_05	   37005	     541	     540	       3
2020_12_06	   37546	     545	     541	       4
2020_12_07	   38291	     550	     745	       5
2020_12_08	   39037	     555	     746	       5
2020_12_09	   39783	     560	     746	       5
2020_12_10	   40528	     565	     745	       5
2020_12_11	   41274	     570	     746	       5
2020_12_12	   42020	     575	     746	       5
2020_12_13	   42766	     580	     746	       5
2020_12_14	   43751	     593	     985	      13
2020_12_15	   44737	     606	     986	      13
2020_12_16	   45722	     620	     985	      14
2020_12_17	   46708	     633	     986	      13
2020_12_18	   47693	     647	     985	      14
2020_12_19	   48679	     660	     986	      13
2020_12_20	   49665	     674	     986	      14
2020_12_21	   50694	     693	    1029	      19
2020_12_22	   51724	     712	    1030	      19
2020_12_23	   52753	     731	    1029	      19
2020_12_24	   53783	     750	    1030	      19
2020_12_25	   54812	     769	    1029	      19
2020_12_26	   55842	     788	    1030	      19
2020_12_27	   56872	     808	    1030	      20
2020_12_28	   57782	     830	     910	      22
2020_12_29	   58692	     852	     910	      22
2020_12_30	   59602	     874	     910	      22
2020_12_31	   60513	     896	     911	      22
2021_01_01	   61423	     918	     910	      22
2021_01_02	   62333	     940	     910	      22
2021_01_03	   63244	     962	     911	      22
2021_01_04	   64018	     985	     774	      23
2021_01_05	   64792	    1008	     774	      23
2021_01_06	   65566	    1031	     774	      23
2021_01_07	   66340	    1055	     774	      24
2021_01_08	   67114	    1078	     774	      23
2021_01_09	   67888	    1101	     774	      23
2021_01_10	   68663	    1125	     775	      24
2021_01_11	   69188	    1142	     525	      17
2021_01_12	   69713	    1160	     525	      18
2021_01_13	   70238	    1178	     525	      18
2021_01_14	   70764	    1195	     526	      17
2021_01_15	   71289	    1213	     525	      18
2021_01_16	   71814	    1231	     525	      18
2021_01_17	   72340	    1249	     526	      18
2021_01_18	   72732	    1263	     392	      14
2021_01_19	   73124	    1277	     392	      14
2021_01_20	   73516	    1291	     392	      14
2021_01_21	   73908	    1306	     392	      15
2021_01_22	   74300	    1320	     392	      14
2021_01_23	   74692	    1334	     392	      14
2021_01_24	   75084	    1349	     392	      15
2021_01_25	   75529	    1359	     445	      10
2021_01_26	   75975	    1369	     446	      10
2021_01_27	   76420	    1379	     445	      10
2021_01_28	   76866	    1389	     446	      10
2021_01_29	   77311	    1399	     445	      10
2021_01_30	   77757	    1409	     446	      10
2021_01_31	   78203	    1420	     446	      11
2021_02_01	   78587	    1427	     384	       7
2021_02_02	   78972	    1434	     385	       7
2021_02_03	   79357	    1441	     385	       7
2021_02_04	   79741	    1449	     384	       8
2021_02_05	   80126	    1456	     385	       7
2021_02_06	   80511	    1463	     385	       7
2021_02_07	   80896	    1471	     385	       8
2021_02_08	   81271	    1478	     375	       7
2021_02_09	   81647	    1485	     376	       7
2021_02_10	   82022	    1492	     375	       7
2021_02_11	   82398	    1500	     376	       8
2021_02_12	   82773	    1507	     375	       7
2021_02_13	   83149	    1514	     376	       7
2021_02_14	   83525	    1522	     376	       8
2021_02_15	   84020	    1527	     495	       5
2021_02_16	   84515	    1532	     495	       5
2021_02_17	   85010	    1537	     495	       5
2021_02_18	   85506	    1542	     496	       5
2021_02_19	   86001	    1547	     495	       5
2021_02_20	   86496	    1552	     495	       5
2021_02_21	   86992	    1557	     496	       5
2021_02_22	   87375	    1563	     383	       6
2021_02_23	   87758	    1570	     383	       7
2021_02_24	   88141	    1576	     383	       6
2021_02_25	   88524	    1583	     383	       7
2021_02_26	   88907	    1589	     383	       6
2021_02_27	   89290	    1596	     383	       7
2021_02_28	   89674	    1603	     384	       7
2021_03_01	   90073	    1607	     399	       4
2021_03_02	   90473	    1611	     400	       4
2021_03_03	   90872	    1616	     399	       5
2021_03_04	   91272	    1620	     400	       4
2021_03_05	   91671	    1625	     399	       5
2021_03_06	   92071	    1629	     400	       4
2021_03_07	   92471	    1634	     400	       5
2021_03_08	   92923	    1639	     452	       5
2021_03_09	   93375	    1644	     452	       5
2021_03_10	   93827	    1649	     452	       5
2021_03_11	   94279	    1654	     452	       5
2021_03_12	   94731	    1659	     452	       5
2021_03_13	   95183	    1664	     452	       5
2021_03_14	   95635	    1669	     452	       5
2021_03_15	   96067	    1672	     432	       3
2021_03_16	   96499	    1676	     432	       4
2021_03_17	   96931	    1680	     432	       4
2021_03_18	   97363	    1684	     432	       4
2021_03_19	   97795	    1688	     432	       4
2021_03_20	   98227	    1692	     432	       4
2021_03_21	   98660	    1696	     433	       4
2021_03_22	   99102	    1699	     442	       3
2021_03_23	   99544	    1703	     442	       4
2021_03_24	   99987	    1707	     443	       4
2021_03_25	  100429	    1710	     442	       3
2021_03_26	  100872	    1714	     443	       4
2021_03_27	  101314	    1718	     442	       4
2021_03_28	  101757	    1722	     443	       4
2021_03_29	  102260	    1725	     503	       3
2021_03_30	  102763	    1728	     503	       3
2021_03_31	  103266	    1731	     503	       3
2021_04_01	  103769	    1734	     503	       3
2021_04_02	  104272	    1737	     503	       3
2021_04_03	  104775	    1740	     503	       3
2021_04_04	  105279	    1744	     504	       4
2021_04_05	  105890	    1747	     611	       3
2021_04_06	  106501	    1750	     611	       3
2021_04_07	  107113	    1754	     612	       4
2021_04_08	  107724	    1757	     611	       3
2021_04_09	  108336	    1761	     612	       4
2021_04_10	  108947	    1764	     611	       3
2021_04_11	  109559	    1768	     612	       4
2021_04_12	  110209	    1772	     650	       4
2021_04_13	  110860	    1776	     651	       4
2021_04_14	  111511	    1780	     651	       4
2021_04_15	  112161	    1784	     650	       4
2021_04_16	  112812	    1788	     651	       4
2021_04_17	  113463	    1792	     651	       4
2021_04_18	  114114	    1797	     651	       5
2021_04_19	  114795	    1799	     681	       2
2021_04_20	  115477	    1801	     682	       2
2021_04_21	  116159	    1803	     682	       2
2021_04_22	  116841	    1806	     682	       3
2021_04_23	  117523	    1808	     682	       2
2021_04_24	  118205	    1810	     682	       2
2021_04_25	  118887	    1813	     682	       3
2021_04_26	  119508	    1815	     621	       2
2021_04_27	  120130	    1818	     622	       3
2021_04_28	  120752	    1821	     622	       3
2021_04_29	  121374	    1824	     622	       3
2021_04_30	  121996	    1827	     622	       3
2021_05_01	  122618	    1830	     622	       3
2021_05_02	  123240	    1833	     622	       3
2021_05_03	  123821	    1838	     581	       5
2021_05_04	  124402	    1844	     581	       6
2021_05_05	  124983	    1850	     581	       6
2021_05_06	  125565	    1856	     582	       6
2021_05_07	  126146	    1862	     581	       6
2021_05_08	  126727	    1868	     581	       6
2021_05_09	  127309	    1874	     582	       6
2021_05_10	  127932	    1877	     623	       3
2021_05_11	  128555	    1881	     623	       4
2021_05_12	  129178	    1885	     623	       4
2021_05_13	  129801	    1888	     623	       3
2021_05_14	  130424	    1892	     623	       4
2021_05_15	  131047	    1896	     623	       4
2021_05_16	  131671	    1900	     624	       4
2021_05_17	  132279	    1904	     608	       4
2021_05_18	  132887	    1908	     608	       4
2021_05_19	  133495	    1913	     608	       5
2021_05_20	  134104	    1917	     609	       4
2021_05_21	  134712	    1922	     608	       5
2021_05_22	  135320	    1926	     608	       4
2021_05_23	  135929	    1931	     609	       5
2021_05_24	  136497	    1934	     568	       3
2021_05_25	  137066	    1938	     569	       4
2021_05_26	  137635	    1942	     569	       4
2021_05_27	  138203	    1945	     568	       3
2021_05_28	  138772	    1949	     569	       4
2021_05_29	  139341	    1953	     569	       4
2021_05_30	  139910	    1957	     569	       4
2021_05_31	  140516	    1959	     606	       2
2021_06_01	  141122	    1961	     606	       2
2021_06_02	  141728	    1963	     606	       2
2021_06_03	  142334	    1966	     606	       3
2021_06_04	  142940	    1968	     606	       2
2021_06_05	  143546	    1970	     606	       2
2021_06_06	  144152	    1973	     606	       3
2021_06_07	  144683	    1974	     531	       1
2021_06_08	  145215	    1976	     532	       2
2021_06_09	  145747	    1978	     532	       2
2021_06_10	  146278	    1979	     531	       1
2021_06_11	  146810	    1981	     532	       2
2021_06_12	  147342	    1983	     532	       2
2021_06_13	  147874	    1985	     532	       2
