#
# COVID-19 Country file (official WHO count)
# Country = Republic of Moldova
# Latitude = 47.0
# Population = 4017.687
# Territory = 33846.0
# LEB = 71.9
# DPA = 47000
# DPA65 = 30080
# GDP = 2844.0
# GDP_PPP = 7044.0
# COVID-19 Mortality = 1531.2
# First_Case = 2020_03_08
# Last_Case = 2021_06_13
# First_Death = 2020_03_21
# Last_Death = 2021_06_13
# Status as of 2021_06_13 = Community transmission
# Vaccine type = Unknown
# Vaccine start = NA
#
Date	Conf_Cases	Conf_Deaths	Daily_Cases	Daily_Deaths
2020_03_08	       1	       0	       1	       0
2020_03_09	       1	       0	       0	       0
2020_03_10	       1	       0	       0	       0
2020_03_11	       3	       0	       2	       0
2020_03_12	       4	       0	       1	       0
2020_03_13	       4	       0	       0	       0
2020_03_14	       8	       0	       4	       0
2020_03_15	      12	       0	       4	       0
2020_03_16	      23	       0	      11	       0
2020_03_17	      29	       0	       6	       0
2020_03_18	      30	       0	       1	       0
2020_03_19	      36	       0	       6	       0
2020_03_20	      49	       0	      13	       0
2020_03_21	      66	       1	      17	       1
2020_03_22	      80	       1	      14	       0
2020_03_23	      94	       1	      14	       0
2020_03_24	     109	       1	      15	       0
2020_03_25	     125	       1	      16	       0
2020_03_26	     149	       1	      24	       0
2020_03_27	     177	       2	      28	       1
2020_03_28	     199	       2	      22	       0
2020_03_29	     231	       2	      32	       0
2020_03_30	     263	       2	      32	       0
2020_03_31	     298	       2	      35	       0
2020_04_01	     353	       3	      55	       1
2020_04_02	     423	       5	      70	       2
2020_04_03	     591	       8	     168	       3
2020_04_04	     591	       9	       0	       1
2020_04_05	     752	      12	     161	       3
2020_04_06	     864	      15	     112	       3
2020_04_07	     965	      19	     101	       4
2020_04_08	    1056	      22	      91	       3
2020_04_09	    1174	      28	     118	       6
2020_04_10	    1289	      29	     115	       1
2020_04_11	    1438	      29	     149	       0
2020_04_12	    1560	      30	     122	       1
2020_04_13	    1662	      33	     102	       3
2020_04_14	    1712	      36	      50	       3
2020_04_15	    1934	      41	     222	       5
2020_04_16	    2049	      46	     115	       5
2020_04_17	    2154	      54	     105	       8
2020_04_18	    2264	      56	     110	       2
2020_04_19	    2351	      60	      87	       4
2020_04_20	    2472	      67	     121	       7
2020_04_21	    2548	      70	      76	       3
2020_04_22	    2641	      73	      93	       3
2020_04_23	    2778	      76	     137	       3
2020_04_24	    2926	      80	     148	       4
2020_04_25	    3110	      87	     184	       7
2020_04_26	    3304	      94	     194	       7
2020_04_27	    3408	      96	     104	       2
2020_04_28	    3481	     103	      73	       7
2020_04_29	    3638	     109	     157	       6
2020_04_30	    3771	     116	     133	       7
2020_05_01	    3897	     119	     126	       3
2020_05_02	    3980	     122	      83	       3
2020_05_03	    4052	     124	      72	       2
2020_05_04	    4121	     128	      69	       4
2020_05_05	    4248	     133	     127	       5
2020_05_06	    4363	     140	     115	       7
2020_05_07	    4476	     143	     113	       3
2020_05_08	    4605	     145	     129	       2
2020_05_09	    4728	     159	     123	      14
2020_05_10	    4867	     165	     139	       6
2020_05_11	    4927	     171	      60	       6
2020_05_12	    4995	     179	      68	       8
2020_05_13	    5154	     182	     159	       3
2020_05_14	    5406	     190	     252	       8
2020_05_15	    5553	     196	     147	       6
2020_05_16	    5745	     204	     192	       8
2020_05_17	    5934	     209	     189	       5
2020_05_18	    6060	     211	     126	       2
2020_05_19	    6138	     219	      78	       8
2020_05_20	    6340	     224	     202	       5
2020_05_21	    6553	     232	     213	       8
2020_05_22	    6704	     233	     151	       1
2020_05_23	    6847	     238	     143	       5
2020_05_24	    6994	     250	     147	      12
2020_05_25	    7093	     256	      99	       6
2020_05_26	    7149	     265	      56	       9
2020_05_27	    7305	     273	     156	       8
2020_05_28	    7537	     276	     232	       3
2020_05_29	    7725	     282	     188	       6
2020_05_30	    7896	     289	     171	       7
2020_05_31	    8098	     294	     202	       5
2020_06_01	    8251	     295	     153	       1
2020_06_02	    8360	     307	     109	      12
2020_06_03	    8548	     309	     188	       2
2020_06_04	    8795	     314	     247	       5
2020_06_05	    9018	     315	     223	       1
2020_06_06	    9247	     323	     229	       8
2020_06_07	    9511	     335	     264	      12
2020_06_08	    9700	     346	     189	      11
2020_06_09	    9807	     359	     107	      13
2020_06_10	   10025	     367	     218	       8
2020_06_11	   10321	     371	     296	       4
2020_06_12	   10727	     375	     406	       4
2020_06_13	   11093	     395	     366	      20
2020_06_14	   11459	     399	     366	       4
2020_06_15	   11740	     406	     281	       7
2020_06_16	   11879	     417	     139	      11
2020_06_17	   12254	     427	     375	      10
2020_06_18	   12732	     433	     478	       6
2020_06_19	   13106	     449	     374	      16
2020_06_20	   13556	     458	     450	       9
2020_06_21	   13953	     464	     397	       6
2020_06_22	   14200	     475	     247	      11
2020_06_23	   14363	     484	     163	       9
2020_06_24	   14714	     492	     351	       8
2020_06_25	   15078	     502	     364	      10
2020_06_26	   15453	     502	     375	       0
2020_06_27	   15776	     515	     323	      13
2020_06_28	   16080	     526	     304	      11
2020_06_29	   16250	     533	     170	       7
2020_06_30	   16357	     541	     107	       8
2020_07_01	   16613	     547	     256	       6
2020_07_02	   16898	     549	     285	       2
2020_07_03	   17150	     563	     252	      14
2020_07_04	   17445	     576	     295	      13
2020_07_05	   17672	     582	     227	       6
2020_07_06	   17814	     588	     142	       6
2020_07_07	   17906	     598	      92	      10
2020_07_08	   18141	     604	     235	       6
2020_07_09	   18471	     614	     330	      10
2020_07_10	   18666	     627	     195	      13
2020_07_11	   18924	     635	     258	       8
2020_07_12	   19208	     640	     284	       5
2020_07_13	   19382	     642	     174	       2
2020_07_14	   19439	     652	      57	      10
2020_07_15	   19708	     658	     269	       6
2020_07_16	   20040	     662	     332	       4
2020_07_17	   20264	     666	     224	       4
2020_07_18	   20494	     675	     230	       9
2020_07_19	   20794	     680	     300	       5
2020_07_20	   20980	     688	     186	       8
2020_07_21	   21115	     697	     135	       9
2020_07_22	   21442	     708	     327	      11
2020_07_23	   21798	     713	     356	       5
2020_07_24	   22105	     721	     307	       8
2020_07_25	   22483	     726	     378	       5
2020_07_26	   22483	     726	       0	       0
2020_07_27	   23034	     740	     551	      14
2020_07_28	   23154	     751	     120	      11
2020_07_29	   23521	     757	     367	       6
2020_07_30	   23947	     762	     426	       5
2020_07_31	   24343	     771	     396	       9
2020_08_01	   24733	     778	     390	       7
2020_08_02	   25113	     789	     380	      11
2020_08_03	   25362	     792	     249	       3
2020_08_04	   25482	     800	     120	       8
2020_08_05	   25814	     810	     332	      10
2020_08_06	   26222	     823	     408	      13
2020_08_07	   26628	     828	     406	       5
2020_08_08	   26990	     835	     362	       7
2020_08_09	   27443	     841	     453	       6
2020_08_10	   27660	     845	     217	       4
2020_08_11	   27841	     850	     181	       5
2020_08_12	   28223	     857	     382	       7
2020_08_13	   28697	     863	     474	       6
2020_08_14	   29087	     878	     390	      15
2020_08_15	   29483	     884	     396	       6
2020_08_16	   29905	     895	     422	      11
2020_08_17	   30357	     900	     452	       5
2020_08_18	   30809	     906	     452	       6
2020_08_19	   31262	     912	     453	       6
2020_08_20	   31714	     917	     452	       5
2020_08_21	   32167	     923	     453	       6
2020_08_22	   32619	     929	     452	       6
2020_08_23	   33072	     935	     453	       6
2020_08_24	   33548	     942	     476	       7
2020_08_25	   34024	     950	     476	       8
2020_08_26	   34500	     958	     476	       8
2020_08_27	   34976	     966	     476	       8
2020_08_28	   35452	     974	     476	       8
2020_08_29	   35928	     982	     476	       8
2020_08_30	   36404	     990	     476	       8
2020_08_31	   36842	    1000	     438	      10
2020_09_01	   37280	    1010	     438	      10
2020_09_02	   37719	    1021	     439	      11
2020_09_03	   38157	    1031	     438	      10
2020_09_04	   38596	    1042	     439	      11
2020_09_05	   39034	    1052	     438	      10
2020_09_06	   39473	    1063	     439	      11
2020_09_07	   39936	    1070	     463	       7
2020_09_08	   40399	    1078	     463	       8
2020_09_09	   40862	    1086	     463	       8
2020_09_10	   41325	    1094	     463	       8
2020_09_11	   41788	    1102	     463	       8
2020_09_12	   42251	    1110	     463	       8
2020_09_13	   42714	    1118	     463	       8
2020_09_14	   43231	    1129	     517	      11
2020_09_15	   43748	    1141	     517	      12
2020_09_16	   44266	    1153	     518	      12
2020_09_17	   44783	    1165	     517	      12
2020_09_18	   45301	    1177	     518	      12
2020_09_19	   45818	    1189	     517	      12
2020_09_20	   46336	    1201	     518	      12
2020_09_21	   46935	    1212	     599	      11
2020_09_22	   47535	    1223	     600	      11
2020_09_23	   48135	    1234	     600	      11
2020_09_24	   48734	    1245	     599	      11
2020_09_25	   49334	    1256	     600	      11
2020_09_26	   49934	    1267	     600	      11
2020_09_27	   50534	    1279	     600	      12
2020_09_28	   51298	    1289	     764	      10
2020_09_29	   52063	    1300	     765	      11
2020_09_30	   52828	    1310	     765	      10
2020_10_01	   53593	    1321	     765	      11
2020_10_02	   54358	    1331	     765	      10
2020_10_03	   55123	    1342	     765	      11
2020_10_04	   55888	    1353	     765	      11
2020_10_05	   56727	    1368	     839	      15
2020_10_06	   57566	    1383	     839	      15
2020_10_07	   58405	    1398	     839	      15
2020_10_08	   59244	    1413	     839	      15
2020_10_09	   60083	    1428	     839	      15
2020_10_10	   60922	    1443	     839	      15
2020_10_11	   61762	    1458	     840	      15
2020_10_12	   62517	    1476	     755	      18
2020_10_13	   63272	    1494	     755	      18
2020_10_14	   64028	    1512	     756	      18
2020_10_15	   64783	    1530	     755	      18
2020_10_16	   65539	    1548	     756	      18
2020_10_17	   66294	    1566	     755	      18
2020_10_18	   67050	    1584	     756	      18
2020_10_19	   67730	    1600	     680	      16
2020_10_20	   68410	    1617	     680	      17
2020_10_21	   69090	    1633	     680	      16
2020_10_22	   69770	    1650	     680	      17
2020_10_23	   70450	    1666	     680	      16
2020_10_24	   71130	    1683	     680	      17
2020_10_25	   71811	    1700	     681	      17
2020_10_26	   72415	    1712	     604	      12
2020_10_27	   73019	    1724	     604	      12
2020_10_28	   73623	    1736	     604	      12
2020_10_29	   74227	    1748	     604	      12
2020_10_30	   74831	    1760	     604	      12
2020_10_31	   75435	    1772	     604	      12
2020_11_01	   76040	    1785	     605	      13
2020_11_02	   76845	    1800	     805	      15
2020_11_03	   77650	    1815	     805	      15
2020_11_04	   78455	    1830	     805	      15
2020_11_05	   79260	    1845	     805	      15
2020_11_06	   80065	    1860	     805	      15
2020_11_07	   80870	    1875	     805	      15
2020_11_08	   81675	    1891	     805	      16
2020_11_09	   82688	    1907	    1013	      16
2020_11_10	   83702	    1923	    1014	      16
2020_11_11	   84716	    1940	    1014	      17
2020_11_12	   85730	    1956	    1014	      16
2020_11_13	   86744	    1973	    1014	      17
2020_11_14	   87758	    1989	    1014	      16
2020_11_15	   88772	    2006	    1014	      17
2020_11_16	   89903	    2023	    1131	      17
2020_11_17	   91034	    2041	    1131	      18
2020_11_18	   92165	    2059	    1131	      18
2020_11_19	   93296	    2076	    1131	      17
2020_11_20	   94427	    2094	    1131	      18
2020_11_21	   95558	    2112	    1131	      18
2020_11_22	   96689	    2130	    1131	      18
2020_11_23	   97998	    2149	    1309	      19
2020_11_24	   99307	    2169	    1309	      20
2020_11_25	  100616	    2189	    1309	      20
2020_11_26	  101925	    2209	    1309	      20
2020_11_27	  103234	    2229	    1309	      20
2020_11_28	  104543	    2249	    1309	      20
2020_11_29	  105852	    2269	    1309	      20
2020_11_30	  107238	    2288	    1386	      19
2020_12_01	  108624	    2307	    1386	      19
2020_12_02	  110011	    2326	    1387	      19
2020_12_03	  111397	    2345	    1386	      19
2020_12_04	  112784	    2364	    1387	      19
2020_12_05	  114170	    2383	    1386	      19
2020_12_06	  115557	    2403	    1387	      20
2020_12_07	  117009	    2423	    1452	      20
2020_12_08	  118461	    2444	    1452	      21
2020_12_09	  119913	    2464	    1452	      20
2020_12_10	  121366	    2485	    1453	      21
2020_12_11	  122818	    2505	    1452	      20
2020_12_12	  124270	    2526	    1452	      21
2020_12_13	  125723	    2547	    1453	      21
2020_12_14	  126988	    2572	    1265	      25
2020_12_15	  128253	    2598	    1265	      26
2020_12_16	  129518	    2624	    1265	      26
2020_12_17	  130783	    2649	    1265	      25
2020_12_18	  132048	    2675	    1265	      26
2020_12_19	  133313	    2701	    1265	      26
2020_12_20	  134578	    2727	    1265	      26
2020_12_21	  135494	    2749	     916	      22
2020_12_22	  136411	    2771	     917	      22
2020_12_23	  137328	    2793	     917	      22
2020_12_24	  138245	    2816	     917	      23
2020_12_25	  139162	    2838	     917	      22
2020_12_26	  140079	    2860	     917	      22
2020_12_27	  140996	    2883	     917	      23
2020_12_28	  141667	    2902	     671	      19
2020_12_29	  142338	    2922	     671	      20
2020_12_30	  143009	    2941	     671	      19
2020_12_31	  143680	    2961	     671	      20
2021_01_01	  144351	    2980	     671	      19
2021_01_02	  145022	    3000	     671	      20
2021_01_03	  145694	    3020	     672	      20
2021_01_04	  146179	    3035	     485	      15
2021_01_05	  146665	    3051	     486	      16
2021_01_06	  147150	    3067	     485	      16
2021_01_07	  147636	    3082	     486	      15
2021_01_08	  148121	    3098	     485	      16
2021_01_09	  148607	    3114	     486	      16
2021_01_10	  149093	    3130	     486	      16
2021_01_11	  149599	    3146	     506	      16
2021_01_12	  150106	    3162	     507	      16
2021_01_13	  150613	    3179	     507	      17
2021_01_14	  151119	    3195	     506	      16
2021_01_15	  151626	    3212	     507	      17
2021_01_16	  152133	    3228	     507	      16
2021_01_17	  152640	    3245	     507	      17
2021_01_18	  153111	    3259	     471	      14
2021_01_19	  153582	    3274	     471	      15
2021_01_20	  154053	    3288	     471	      14
2021_01_21	  154524	    3303	     471	      15
2021_01_22	  154995	    3317	     471	      14
2021_01_23	  155466	    3332	     471	      15
2021_01_24	  155937	    3347	     471	      15
2021_01_25	  156447	    3359	     510	      12
2021_01_26	  156958	    3371	     511	      12
2021_01_27	  157469	    3384	     511	      13
2021_01_28	  157980	    3396	     511	      12
2021_01_29	  158491	    3409	     511	      13
2021_01_30	  159002	    3421	     511	      12
2021_01_31	  159513	    3434	     511	      13
2021_02_01	  160188	    3447	     675	      13
2021_02_02	  160864	    3461	     676	      14
2021_02_03	  161540	    3475	     676	      14
2021_02_04	  162215	    3488	     675	      13
2021_02_05	  162891	    3502	     676	      14
2021_02_06	  163567	    3516	     676	      14
2021_02_07	  164243	    3530	     676	      14
2021_02_08	  165037	    3545	     794	      15
2021_02_09	  165832	    3561	     795	      16
2021_02_10	  166626	    3577	     794	      16
2021_02_11	  167421	    3592	     795	      15
2021_02_12	  168215	    3608	     794	      16
2021_02_13	  169010	    3624	     795	      16
2021_02_14	  169805	    3640	     795	      16
2021_02_15	  170725	    3657	     920	      17
2021_02_16	  171645	    3674	     920	      17
2021_02_17	  172565	    3691	     920	      17
2021_02_18	  173485	    3708	     920	      17
2021_02_19	  174405	    3725	     920	      17
2021_02_20	  175325	    3742	     920	      17
2021_02_21	  176245	    3760	     920	      18
2021_02_22	  177475	    3783	    1230	      23
2021_02_23	  178705	    3806	    1230	      23
2021_02_24	  179935	    3830	    1230	      24
2021_02_25	  181165	    3853	    1230	      23
2021_02_26	  182395	    3877	    1230	      24
2021_02_27	  183625	    3900	    1230	      23
2021_02_28	  184856	    3924	    1231	      24
2021_03_01	  186248	    3947	    1392	      23
2021_03_02	  187641	    3971	    1393	      24
2021_03_03	  189034	    3995	    1393	      24
2021_03_04	  190426	    4019	    1392	      24
2021_03_05	  191819	    4043	    1393	      24
2021_03_06	  193212	    4067	    1393	      24
2021_03_07	  194605	    4091	    1393	      24
2021_03_08	  195905	    4120	    1300	      29
2021_03_09	  197206	    4149	    1301	      29
2021_03_10	  198507	    4178	    1301	      29
2021_03_11	  199807	    4207	    1300	      29
2021_03_12	  201108	    4236	    1301	      29
2021_03_13	  202409	    4265	    1301	      29
2021_03_14	  203710	    4294	    1301	      29
2021_03_15	  205209	    4327	    1499	      33
2021_03_16	  206708	    4361	    1499	      34
2021_03_17	  208207	    4395	    1499	      34
2021_03_18	  209706	    4429	    1499	      34
2021_03_19	  211205	    4463	    1499	      34
2021_03_20	  212704	    4497	    1499	      34
2021_03_21	  214203	    4531	    1499	      34
2021_03_22	  215839	    4567	    1636	      36
2021_03_23	  217476	    4603	    1637	      36
2021_03_24	  219113	    4639	    1637	      36
2021_03_25	  220749	    4676	    1636	      37
2021_03_26	  222386	    4712	    1637	      36
2021_03_27	  224023	    4748	    1637	      36
2021_03_28	  225660	    4785	    1637	      37
2021_03_29	  226907	    4828	    1247	      43
2021_03_30	  228155	    4872	    1248	      44
2021_03_31	  229403	    4916	    1248	      44
2021_04_01	  230650	    4960	    1247	      44
2021_04_02	  231898	    5004	    1248	      44
2021_04_03	  233146	    5048	    1248	      44
2021_04_04	  234394	    5092	    1248	      44
2021_04_05	  235321	    5131	     927	      39
2021_04_06	  236248	    5171	     927	      40
2021_04_07	  237176	    5210	     928	      39
2021_04_08	  238103	    5250	     927	      40
2021_04_09	  239031	    5289	     928	      39
2021_04_10	  239958	    5329	     927	      40
2021_04_11	  240886	    5369	     928	      40
2021_04_12	  241544	    5394	     658	      25
2021_04_13	  242202	    5420	     658	      26
2021_04_14	  242860	    5445	     658	      25
2021_04_15	  243519	    5471	     659	      26
2021_04_16	  244177	    5496	     658	      25
2021_04_17	  244835	    5522	     658	      26
2021_04_18	  245494	    5548	     659	      26
2021_04_19	  245980	    5571	     486	      23
2021_04_20	  246466	    5594	     486	      23
2021_04_21	  246952	    5617	     486	      23
2021_04_22	  247439	    5640	     487	      23
2021_04_23	  247925	    5663	     486	      23
2021_04_24	  248411	    5686	     486	      23
2021_04_25	  248898	    5709	     487	      23
2021_04_26	  249221	    5725	     323	      16
2021_04_27	  249544	    5742	     323	      17
2021_04_28	  249867	    5759	     323	      17
2021_04_29	  250190	    5775	     323	      16
2021_04_30	  250513	    5792	     323	      17
2021_05_01	  250836	    5809	     323	      17
2021_05_02	  251160	    5826	     324	      17
2021_05_03	  251366	    5842	     206	      16
2021_05_04	  251572	    5859	     206	      17
2021_05_05	  251778	    5876	     206	      17
2021_05_06	  251985	    5892	     207	      16
2021_05_07	  252191	    5909	     206	      17
2021_05_08	  252397	    5926	     206	      17
2021_05_09	  252604	    5943	     207	      17
2021_05_10	  252765	    5953	     161	      10
2021_05_11	  252927	    5963	     162	      10
2021_05_12	  253089	    5974	     162	      11
2021_05_13	  253250	    5984	     161	      10
2021_05_14	  253412	    5995	     162	      11
2021_05_15	  253574	    6005	     162	      10
2021_05_16	  253736	    6016	     162	      11
2021_05_17	  253859	    6024	     123	       8
2021_05_18	  253983	    6032	     124	       8
2021_05_19	  254106	    6040	     123	       8
2021_05_20	  254230	    6048	     124	       8
2021_05_21	  254353	    6056	     123	       8
2021_05_22	  254477	    6064	     124	       8
2021_05_23	  254601	    6072	     124	       8
2021_05_24	  254673	    6076	      72	       4
2021_05_25	  254745	    6080	      72	       4
2021_05_26	  254817	    6084	      72	       4
2021_05_27	  254889	    6088	      72	       4
2021_05_28	  254961	    6092	      72	       4
2021_05_29	  255033	    6096	      72	       4
2021_05_30	  255105	    6100	      72	       4
2021_05_31	  255151	    6104	      46	       4
2021_06_01	  255198	    6109	      47	       5
2021_06_02	  255245	    6113	      47	       4
2021_06_03	  255291	    6118	      46	       5
2021_06_04	  255338	    6122	      47	       4
2021_06_05	  255385	    6127	      47	       5
2021_06_06	  255432	    6132	      47	       5
2021_06_07	  255478	    6134	      46	       2
2021_06_08	  255525	    6137	      47	       3
2021_06_09	  255571	    6140	      46	       3
2021_06_10	  255618	    6143	      47	       3
2021_06_11	  255664	    6146	      46	       3
2021_06_12	  255711	    6149	      47	       3
2021_06_13	  255758	    6152	      47	       3
