#
# COVID-19 Country file (official WHO count)
# Country = Rwanda
# Latitude = -2.0
# Population = 13087.173
# Territory = 26338.0
# LEB = 69.0
# DPA = 65000
# DPA65 = 20150
# GDP = 782.0
# GDP_PPP = 2331.0
# COVID-19 Mortality = 28.0
# First_Case = 2020_03_16
# Last_Case = 2021_06_13
# First_Death = 2020_05_31
# Last_Death = 2021_06_13
# Status as of 2021_06_13 = Community transmission
# Vaccine type = Moderna, Oxford/AstraZeneca, Pfizer/BioNTech
# Vaccine start = 2021_02_15
#
Date	Conf_Cases	Conf_Deaths	Daily_Cases	Daily_Deaths
2020_03_16	       5	       0	       5	       0
2020_03_17	       7	       0	       2	       0
2020_03_18	       7	       0	       0	       0
2020_03_19	      11	       0	       4	       0
2020_03_20	      11	       0	       0	       0
2020_03_21	      11	       0	       0	       0
2020_03_22	      17	       0	       6	       0
2020_03_23	      17	       0	       0	       0
2020_03_24	      36	       0	      19	       0
2020_03_25	      40	       0	       4	       0
2020_03_26	      41	       0	       1	       0
2020_03_27	      50	       0	       9	       0
2020_03_28	      54	       0	       4	       0
2020_03_29	      60	       0	       6	       0
2020_03_30	      70	       0	      10	       0
2020_03_31	      70	       0	       0	       0
2020_04_01	      75	       0	       5	       0
2020_04_02	      82	       0	       7	       0
2020_04_03	      84	       0	       2	       0
2020_04_04	      89	       0	       5	       0
2020_04_05	     102	       0	      13	       0
2020_04_06	     102	       0	       0	       0
2020_04_07	     104	       0	       2	       0
2020_04_08	     105	       0	       1	       0
2020_04_09	     110	       0	       5	       0
2020_04_10	     113	       0	       3	       0
2020_04_11	     118	       0	       5	       0
2020_04_12	     120	       0	       2	       0
2020_04_13	     126	       0	       6	       0
2020_04_14	     127	       0	       1	       0
2020_04_15	     134	       0	       7	       0
2020_04_16	     136	       0	       2	       0
2020_04_17	     138	       0	       2	       0
2020_04_18	     138	       0	       0	       0
2020_04_19	     144	       0	       6	       0
2020_04_20	     147	       0	       3	       0
2020_04_21	     147	       0	       0	       0
2020_04_22	     150	       0	       3	       0
2020_04_23	     153	       0	       3	       0
2020_04_24	     154	       0	       1	       0
2020_04_25	     176	       0	      22	       0
2020_04_26	     183	       0	       7	       0
2020_04_27	     191	       0	       8	       0
2020_04_28	     207	       0	      16	       0
2020_04_29	     212	       0	       5	       0
2020_04_30	     225	       0	      13	       0
2020_05_01	     243	       0	      18	       0
2020_05_02	     249	       0	       6	       0
2020_05_03	     255	       0	       6	       0
2020_05_04	     259	       0	       4	       0
2020_05_05	     261	       0	       2	       0
2020_05_06	     261	       0	       0	       0
2020_05_07	     268	       0	       7	       0
2020_05_08	     271	       0	       3	       0
2020_05_09	     273	       0	       2	       0
2020_05_10	     280	       0	       7	       0
2020_05_11	     284	       0	       4	       0
2020_05_12	     285	       0	       1	       0
2020_05_13	     286	       0	       1	       0
2020_05_14	     287	       0	       1	       0
2020_05_15	     287	       0	       0	       0
2020_05_16	     287	       0	       0	       0
2020_05_17	     289	       0	       2	       0
2020_05_18	     292	       0	       3	       0
2020_05_19	     297	       0	       5	       0
2020_05_20	     308	       0	      11	       0
2020_05_21	     314	       0	       6	       0
2020_05_22	     320	       0	       6	       0
2020_05_23	     321	       0	       1	       0
2020_05_24	     325	       0	       4	       0
2020_05_25	     327	       0	       2	       0
2020_05_26	     336	       0	       9	       0
2020_05_27	     339	       0	       3	       0
2020_05_28	     346	       0	       7	       0
2020_05_29	     349	       0	       3	       0
2020_05_30	     355	       0	       6	       0
2020_05_31	     359	       1	       4	       1
2020_06_01	     370	       1	      11	       0
2020_06_02	     377	       1	       7	       0
2020_06_03	     384	       2	       7	       1
2020_06_04	     397	       2	      13	       0
2020_06_05	     410	       2	      13	       0
2020_06_06	     420	       2	      10	       0
2020_06_07	     431	       2	      11	       0
2020_06_08	     439	       2	       8	       0
2020_06_09	     451	       2	      12	       0
2020_06_10	     463	       2	      12	       0
2020_06_11	     476	       2	      13	       0
2020_06_12	     494	       2	      18	       0
2020_06_13	     510	       2	      16	       0
2020_06_14	     541	       2	      31	       0
2020_06_15	     582	       2	      41	       0
2020_06_16	     612	       2	      30	       0
2020_06_17	     636	       2	      24	       0
2020_06_18	     639	       2	       3	       0
2020_06_19	     646	       2	       7	       0
2020_06_20	     661	       2	      15	       0
2020_06_21	     702	       2	      41	       0
2020_06_22	     728	       2	      26	       0
2020_06_23	     787	       2	      59	       0
2020_06_24	     798	       2	      11	       0
2020_06_25	     830	       2	      32	       0
2020_06_26	     850	       2	      20	       0
2020_06_27	     858	       2	       8	       0
2020_06_28	     878	       2	      20	       0
2020_06_29	     900	       2	      22	       0
2020_06_30	    1001	       2	     101	       0
2020_07_01	    1025	       2	      24	       0
2020_07_02	    1042	       3	      17	       1
2020_07_03	    1063	       3	      21	       0
2020_07_04	    1081	       3	      18	       0
2020_07_05	    1092	       3	      11	       0
2020_07_06	    1105	       3	      13	       0
2020_07_07	    1113	       3	       8	       0
2020_07_08	    1172	       3	      59	       0
2020_07_09	    1194	       3	      22	       0
2020_07_10	    1210	       3	      16	       0
2020_07_11	    1252	       3	      42	       0
2020_07_12	    1299	       3	      47	       0
2020_07_13	    1337	       4	      38	       1
2020_07_14	    1378	       4	      41	       0
2020_07_15	    1416	       4	      38	       0
2020_07_16	    1435	       4	      19	       0
2020_07_17	    1473	       4	      38	       0
2020_07_18	    1485	       4	      12	       0
2020_07_19	    1539	       5	      54	       1
2020_07_20	    1582	       5	      43	       0
2020_07_21	    1629	       5	      47	       0
2020_07_22	    1655	       5	      26	       0
2020_07_23	    1689	       5	      34	       0
2020_07_24	    1710	       5	      21	       0
2020_07_25	    1729	       5	      19	       0
2020_07_26	    1729	       5	       0	       0
2020_07_27	    1823	       5	      94	       0
2020_07_28	    1879	       5	      56	       0
2020_07_29	    1926	       5	      47	       0
2020_07_30	    1963	       5	      37	       0
2020_07_31	    1994	       5	      31	       0
2020_08_01	    2022	       5	      28	       0
2020_08_02	    2042	       5	      20	       0
2020_08_03	    2062	       5	      20	       0
2020_08_04	    2092	       5	      30	       0
2020_08_05	    2099	       5	       7	       0
2020_08_06	    2104	       5	       5	       0
2020_08_07	    2111	       5	       7	       0
2020_08_08	    2128	       5	      17	       0
2020_08_09	    2134	       6	       6	       1
2020_08_10	    2140	       7	       6	       1
2020_08_11	    2152	       7	      12	       0
2020_08_12	    2171	       7	      19	       0
2020_08_13	    2189	       8	      18	       1
2020_08_14	    2200	       8	      11	       0
2020_08_15	    2200	       8	       0	       0
2020_08_16	    2352	       8	     152	       0
2020_08_17	    2428	       8	      76	       0
2020_08_18	    2505	       8	      77	       0
2020_08_19	    2582	       9	      77	       1
2020_08_20	    2658	       9	      76	       0
2020_08_21	    2735	      10	      77	       1
2020_08_22	    2812	      10	      77	       0
2020_08_23	    2889	      11	      77	       1
2020_08_24	    3025	      11	     136	       0
2020_08_25	    3161	      12	     136	       1
2020_08_26	    3297	      13	     136	       1
2020_08_27	    3434	      13	     137	       0
2020_08_28	    3570	      14	     136	       1
2020_08_29	    3706	      15	     136	       1
2020_08_30	    3843	      16	     137	       1
2020_08_31	    3915	      16	      72	       0
2020_09_01	    3987	      16	      72	       0
2020_09_02	    4059	      16	      72	       0
2020_09_03	    4132	      17	      73	       1
2020_09_04	    4204	      17	      72	       0
2020_09_05	    4276	      17	      72	       0
2020_09_06	    4349	      18	      73	       1
2020_09_07	    4379	      18	      30	       0
2020_09_08	    4410	      19	      31	       1
2020_09_09	    4441	      19	      31	       0
2020_09_10	    4472	      20	      31	       1
2020_09_11	    4503	      20	      31	       0
2020_09_12	    4534	      21	      31	       1
2020_09_13	    4565	      22	      31	       1
2020_09_14	    4580	      22	      15	       0
2020_09_15	    4595	      22	      15	       0
2020_09_16	    4610	      23	      15	       1
2020_09_17	    4625	      23	      15	       0
2020_09_18	    4640	      24	      15	       1
2020_09_19	    4655	      24	      15	       0
2020_09_20	    4671	      25	      16	       1
2020_09_21	    4691	      25	      20	       0
2020_09_22	    4711	      26	      20	       1
2020_09_23	    4731	      26	      20	       0
2020_09_24	    4751	      27	      20	       1
2020_09_25	    4771	      27	      20	       0
2020_09_26	    4791	      28	      20	       1
2020_09_27	    4811	      29	      20	       1
2020_09_28	    4816	      29	       5	       0
2020_09_29	    4822	      29	       6	       0
2020_09_30	    4828	      29	       6	       0
2020_10_01	    4834	      29	       6	       0
2020_10_02	    4840	      29	       6	       0
2020_10_03	    4846	      29	       6	       0
2020_10_04	    4852	      29	       6	       0
2020_10_05	    4857	      29	       5	       0
2020_10_06	    4863	      29	       6	       0
2020_10_07	    4869	      29	       6	       0
2020_10_08	    4874	      29	       5	       0
2020_10_09	    4880	      29	       6	       0
2020_10_10	    4886	      29	       6	       0
2020_10_11	    4892	      30	       6	       1
2020_10_12	    4906	      30	      14	       0
2020_10_13	    4920	      31	      14	       1
2020_10_14	    4934	      31	      14	       0
2020_10_15	    4949	      32	      15	       1
2020_10_16	    4963	      32	      14	       0
2020_10_17	    4977	      33	      14	       1
2020_10_18	    4992	      34	      15	       1
2020_10_19	    5003	      34	      11	       0
2020_10_20	    5015	      34	      12	       0
2020_10_21	    5026	      34	      11	       0
2020_10_22	    5038	      34	      12	       0
2020_10_23	    5049	      34	      11	       0
2020_10_24	    5061	      34	      12	       0
2020_10_25	    5073	      34	      12	       0
2020_10_26	    5082	      34	       9	       0
2020_10_27	    5091	      34	       9	       0
2020_10_28	    5100	      34	       9	       0
2020_10_29	    5109	      34	       9	       0
2020_10_30	    5118	      34	       9	       0
2020_10_31	    5127	      34	       9	       0
2020_11_01	    5137	      35	      10	       1
2020_11_02	    5147	      35	      10	       0
2020_11_03	    5158	      35	      11	       0
2020_11_04	    5169	      35	      11	       0
2020_11_05	    5180	      35	      11	       0
2020_11_06	    5191	      35	      11	       0
2020_11_07	    5202	      35	      11	       0
2020_11_08	    5213	      36	      11	       1
2020_11_09	    5238	      36	      25	       0
2020_11_10	    5264	      37	      26	       1
2020_11_11	    5290	      38	      26	       1
2020_11_12	    5316	      39	      26	       1
2020_11_13	    5342	      40	      26	       1
2020_11_14	    5368	      41	      26	       1
2020_11_15	    5394	      42	      26	       1
2020_11_16	    5426	      42	      32	       0
2020_11_17	    5458	      43	      32	       1
2020_11_18	    5490	      43	      32	       0
2020_11_19	    5523	      44	      33	       1
2020_11_20	    5555	      44	      32	       0
2020_11_21	    5587	      45	      32	       1
2020_11_22	    5620	      46	      33	       1
2020_11_23	    5656	      46	      36	       0
2020_11_24	    5692	      46	      36	       0
2020_11_25	    5728	      46	      36	       0
2020_11_26	    5764	      46	      36	       0
2020_11_27	    5800	      46	      36	       0
2020_11_28	    5836	      46	      36	       0
2020_11_29	    5872	      47	      36	       1
2020_11_30	    5902	      47	      30	       0
2020_12_01	    5932	      48	      30	       1
2020_12_02	    5962	      48	      30	       0
2020_12_03	    5993	      49	      31	       1
2020_12_04	    6023	      49	      30	       0
2020_12_05	    6053	      50	      30	       1
2020_12_06	    6084	      51	      31	       1
2020_12_07	    6147	      51	      63	       0
2020_12_08	    6210	      52	      63	       1
2020_12_09	    6274	      53	      64	       1
2020_12_10	    6337	      53	      63	       0
2020_12_11	    6401	      54	      64	       1
2020_12_12	    6464	      55	      63	       1
2020_12_13	    6528	      56	      64	       1
2020_12_14	    6628	      56	     100	       0
2020_12_15	    6729	      56	     101	       0
2020_12_16	    6829	      57	     100	       1
2020_12_17	    6930	      57	     101	       0
2020_12_18	    7030	      58	     100	       1
2020_12_19	    7131	      58	     101	       0
2020_12_20	    7232	      59	     101	       1
2020_12_21	    7315	      60	      83	       1
2020_12_22	    7399	      62	      84	       2
2020_12_23	    7482	      64	      83	       2
2020_12_24	    7566	      66	      84	       2
2020_12_25	    7649	      68	      83	       2
2020_12_26	    7733	      70	      84	       2
2020_12_27	    7817	      72	      84	       2
2020_12_28	    7924	      75	     107	       3
2020_12_29	    8031	      79	     107	       4
2020_12_30	    8138	      83	     107	       4
2020_12_31	    8245	      86	     107	       3
2021_01_01	    8352	      90	     107	       4
2021_01_02	    8459	      94	     107	       4
2021_01_03	    8567	      98	     108	       4
2021_01_04	    8694	     100	     127	       2
2021_01_05	    8822	     103	     128	       3
2021_01_06	    8950	     106	     128	       3
2021_01_07	    9077	     109	     127	       3
2021_01_08	    9205	     112	     128	       3
2021_01_09	    9333	     115	     128	       3
2021_01_10	    9461	     118	     128	       3
2021_01_11	    9659	     121	     198	       3
2021_01_12	    9857	     124	     198	       3
2021_01_13	   10056	     127	     199	       3
2021_01_14	   10254	     130	     198	       3
2021_01_15	   10453	     133	     199	       3
2021_01_16	   10651	     136	     198	       3
2021_01_17	   10850	     140	     199	       4
2021_01_18	   11106	     144	     256	       4
2021_01_19	   11363	     149	     257	       5
2021_01_20	   11620	     153	     257	       4
2021_01_21	   11876	     158	     256	       5
2021_01_22	   12133	     162	     257	       4
2021_01_23	   12390	     167	     257	       5
2021_01_24	   12647	     172	     257	       5
2021_01_25	   13000	     175	     353	       3
2021_01_26	   13353	     178	     353	       3
2021_01_27	   13706	     181	     353	       3
2021_01_28	   14059	     184	     353	       3
2021_01_29	   14412	     187	     353	       3
2021_01_30	   14765	     190	     353	       3
2021_01_31	   15118	     193	     353	       3
2021_02_01	   15292	     196	     174	       3
2021_02_02	   15466	     199	     174	       3
2021_02_03	   15640	     203	     174	       4
2021_02_04	   15814	     206	     174	       3
2021_02_05	   15988	     210	     174	       4
2021_02_06	   16162	     213	     174	       3
2021_02_07	   16337	     217	     175	       4
2021_02_08	   16469	     219	     132	       2
2021_02_09	   16602	     222	     133	       3
2021_02_10	   16735	     225	     133	       3
2021_02_11	   16868	     227	     133	       2
2021_02_12	   17001	     230	     133	       3
2021_02_13	   17134	     233	     133	       3
2021_02_14	   17267	     236	     133	       3
2021_02_15	   17370	     237	     103	       1
2021_02_16	   17473	     239	     103	       2
2021_02_17	   17576	     240	     103	       1
2021_02_18	   17679	     242	     103	       2
2021_02_19	   17782	     243	     103	       1
2021_02_20	   17885	     245	     103	       2
2021_02_21	   17988	     247	     103	       2
2021_02_22	   18102	     249	     114	       2
2021_02_23	   18217	     251	     115	       2
2021_02_24	   18331	     253	     114	       2
2021_02_25	   18446	     255	     115	       2
2021_02_26	   18560	     257	     114	       2
2021_02_27	   18675	     259	     115	       2
2021_02_28	   18790	     261	     115	       2
2021_03_01	   18880	     261	      90	       0
2021_03_02	   18971	     262	      91	       1
2021_03_03	   19062	     263	      91	       1
2021_03_04	   19153	     264	      91	       1
2021_03_05	   19244	     265	      91	       1
2021_03_06	   19335	     266	      91	       1
2021_03_07	   19426	     267	      91	       1
2021_03_08	   19540	     268	     114	       1
2021_03_09	   19654	     269	     114	       1
2021_03_10	   19768	     270	     114	       1
2021_03_11	   19883	     272	     115	       2
2021_03_12	   19997	     273	     114	       1
2021_03_13	   20111	     274	     114	       1
2021_03_14	   20226	     276	     115	       2
2021_03_15	   20302	     277	      76	       1
2021_03_16	   20378	     279	      76	       2
2021_03_17	   20455	     280	      77	       1
2021_03_18	   20531	     282	      76	       2
2021_03_19	   20608	     283	      77	       1
2021_03_20	   20684	     285	      76	       2
2021_03_21	   20761	     287	      77	       2
2021_03_22	   20839	     288	      78	       1
2021_03_23	   20917	     290	      78	       2
2021_03_24	   20995	     292	      78	       2
2021_03_25	   21074	     294	      79	       2
2021_03_26	   21152	     296	      78	       2
2021_03_27	   21230	     298	      78	       2
2021_03_28	   21309	     300	      79	       2
2021_03_29	   21442	     301	     133	       1
2021_03_30	   21575	     303	     133	       2
2021_03_31	   21709	     304	     134	       1
2021_04_01	   21842	     306	     133	       2
2021_04_02	   21976	     307	     134	       1
2021_04_03	   22109	     309	     133	       2
2021_04_04	   22243	     311	     134	       2
2021_04_05	   22400	     311	     157	       0
2021_04_06	   22557	     311	     157	       0
2021_04_07	   22714	     312	     157	       1
2021_04_08	   22871	     312	     157	       0
2021_04_09	   23028	     313	     157	       1
2021_04_10	   23185	     313	     157	       0
2021_04_11	   23343	     314	     158	       1
2021_04_12	   23417	     315	      74	       1
2021_04_13	   23492	     316	      75	       1
2021_04_14	   23567	     317	      75	       1
2021_04_15	   23641	     318	      74	       1
2021_04_16	   23716	     319	      75	       1
2021_04_17	   23791	     320	      75	       1
2021_04_18	   23866	     322	      75	       2
2021_04_19	   23961	     322	      95	       0
2021_04_20	   24057	     323	      96	       1
2021_04_21	   24152	     324	      95	       1
2021_04_22	   24248	     325	      96	       1
2021_04_23	   24343	     326	      95	       1
2021_04_24	   24439	     327	      96	       1
2021_04_25	   24535	     328	      96	       1
2021_04_26	   24633	     329	      98	       1
2021_04_27	   24732	     330	      99	       1
2021_04_28	   24830	     331	      98	       1
2021_04_29	   24929	     332	      99	       1
2021_04_30	   25027	     333	      98	       1
2021_05_01	   25126	     334	      99	       1
2021_05_02	   25225	     335	      99	       1
2021_05_03	   25276	     335	      51	       0
2021_05_04	   25328	     335	      52	       0
2021_05_05	   25379	     336	      51	       1
2021_05_06	   25431	     336	      52	       0
2021_05_07	   25482	     337	      51	       1
2021_05_08	   25534	     337	      52	       0
2021_05_09	   25586	     338	      52	       1
2021_05_10	   25635	     338	      49	       0
2021_05_11	   25685	     339	      50	       1
2021_05_12	   25735	     339	      50	       0
2021_05_13	   25784	     340	      49	       1
2021_05_14	   25834	     340	      50	       0
2021_05_15	   25884	     341	      50	       1
2021_05_16	   25934	     342	      50	       1
2021_05_17	   26004	     342	      70	       0
2021_05_18	   26074	     343	      70	       1
2021_05_19	   26144	     344	      70	       1
2021_05_20	   26214	     345	      70	       1
2021_05_21	   26284	     346	      70	       1
2021_05_22	   26354	     347	      70	       1
2021_05_23	   26424	     348	      70	       1
2021_05_24	   26474	     348	      50	       0
2021_05_25	   26525	     348	      51	       0
2021_05_26	   26576	     348	      51	       0
2021_05_27	   26627	     348	      51	       0
2021_05_28	   26678	     348	      51	       0
2021_05_29	   26729	     348	      51	       0
2021_05_30	   26780	     349	      51	       1
2021_05_31	   26834	     350	      54	       1
2021_06_01	   26889	     351	      55	       1
2021_06_02	   26943	     353	      54	       2
2021_06_03	   26998	     354	      55	       1
2021_06_04	   27052	     356	      54	       2
2021_06_05	   27107	     357	      55	       1
2021_06_06	   27162	     359	      55	       2
2021_06_07	   27233	     360	      71	       1
2021_06_08	   27304	     361	      71	       1
2021_06_09	   27375	     362	      71	       1
2021_06_10	   27446	     363	      71	       1
2021_06_11	   27517	     364	      71	       1
2021_06_12	   27588	     365	      71	       1
2021_06_13	   27660	     366	      72	       1
