#
# COVID-19 Country file (official WHO count)
# Country = San Marino
# Latitude = 44.0
# Population = 33.809
# Territory = 61.2
# LEB = -999.0
# DPA = -999
# DPA65 = -999
# GDP = 48787.0
# GDP_PPP = 61817.0
# COVID-19 Mortality = 2662.0
# First_Case = 2020_02_29
# Last_Case = 2021_06_13
# First_Death = 2020_03_08
# Last_Death = 2021_05_02
# Status as of 2021_06_13 = Community transmission
# Vaccine type = Sputnik V
# Vaccine start = 2021_02_27
#
Date	Conf_Cases	Conf_Deaths	Daily_Cases	Daily_Deaths
2020_02_29	       1	       0	       1	       0
2020_03_01	       1	       0	       0	       0
2020_03_02	       1	       0	       0	       0
2020_03_03	       8	       0	       7	       0
2020_03_04	       8	       0	       0	       0
2020_03_05	      16	       0	       8	       0
2020_03_06	      21	       0	       5	       0
2020_03_07	      24	       0	       3	       0
2020_03_08	      27	       1	       3	       1
2020_03_09	      37	       1	      10	       0
2020_03_10	      49	       2	      12	       1
2020_03_11	      63	       2	      14	       0
2020_03_12	      63	       2	       0	       0
2020_03_13	      63	       2	       0	       0
2020_03_14	      66	       2	       3	       0
2020_03_15	      92	       5	      26	       3
2020_03_16	      92	       5	       0	       0
2020_03_17	     102	       9	      10	       4
2020_03_18	     104	      11	       2	       2
2020_03_19	     109	      14	       5	       3
2020_03_20	     126	      14	      17	       0
2020_03_21	     151	      14	      25	       0
2020_03_22	     151	      20	       0	       6
2020_03_23	     151	      20	       0	       0
2020_03_24	     187	      20	      36	       0
2020_03_25	     187	      21	       0	       1
2020_03_26	     208	      21	      21	       0
2020_03_27	     218	      21	      10	       0
2020_03_28	     228	      21	      10	       0
2020_03_29	     228	      22	       0	       1
2020_03_30	     229	      24	       1	       2
2020_03_31	     230	      25	       1	       1
2020_04_01	     236	      26	       6	       1
2020_04_02	     236	      28	       0	       2
2020_04_03	     245	      30	       9	       2
2020_04_04	     252	      32	       7	       2
2020_04_05	     259	      32	       7	       0
2020_04_06	     266	      32	       7	       0
2020_04_07	     277	      32	      11	       0
2020_04_08	     279	      34	       2	       2
2020_04_09	     308	      34	      29	       0
2020_04_10	     344	      34	      36	       0
2020_04_11	     344	      34	       0	       0
2020_04_12	     356	      35	      12	       1
2020_04_13	     356	      35	       0	       0
2020_04_14	     371	      36	      15	       1
2020_04_15	     372	      36	       1	       0
2020_04_16	     393	      36	      21	       0
2020_04_17	     426	      38	      33	       2
2020_04_18	     426	      38	       0	       0
2020_04_19	     455	      39	      29	       1
2020_04_20	     461	      39	       6	       0
2020_04_21	     462	      39	       1	       0
2020_04_22	     476	      40	      14	       1
2020_04_23	     488	      40	      12	       0
2020_04_24	     501	      40	      13	       0
2020_04_25	     513	      40	      12	       0
2020_04_26	     513	      40	       0	       0
2020_04_27	     538	      41	      25	       1
2020_04_28	     538	      41	       0	       0
2020_04_29	     553	      41	      15	       0
2020_04_30	     563	      41	      10	       0
2020_05_01	     569	      41	       6	       0
2020_05_02	     580	      41	      11	       0
2020_05_03	     580	      41	       0	       0
2020_05_04	     582	      41	       2	       0
2020_05_05	     582	      41	       0	       0
2020_05_06	     589	      41	       7	       0
2020_05_07	     608	      41	      19	       0
2020_05_08	     632	      41	      24	       0
2020_05_09	     632	      41	       0	       0
2020_05_10	     632	      41	       0	       0
2020_05_11	     637	      41	       5	       0
2020_05_12	     647	      41	      10	       0
2020_05_13	     647	      41	       0	       0
2020_05_14	     647	      41	       0	       0
2020_05_15	     647	      41	       0	       0
2020_05_16	     652	      41	       5	       0
2020_05_17	     652	      41	       0	       0
2020_05_18	     668	      41	      16	       0
2020_05_19	     668	      41	       0	       0
2020_05_20	     668	      41	       0	       0
2020_05_21	     670	      41	       2	       0
2020_05_22	     672	      41	       2	       0
2020_05_23	     672	      41	       0	       0
2020_05_24	     672	      42	       0	       1
2020_05_25	     672	      42	       0	       0
2020_05_26	     672	      42	       0	       0
2020_05_27	     672	      42	       0	       0
2020_05_28	     672	      42	       0	       0
2020_05_29	     687	      42	      15	       0
2020_05_30	     687	      42	       0	       0
2020_05_31	     687	      42	       0	       0
2020_06_01	     687	      42	       0	       0
2020_06_02	     687	      42	       0	       0
2020_06_03	     687	      42	       0	       0
2020_06_04	     687	      42	       0	       0
2020_06_05	     695	      42	       8	       0
2020_06_06	     695	      42	       0	       0
2020_06_07	     695	      42	       0	       0
2020_06_08	     695	      42	       0	       0
2020_06_09	     695	      42	       0	       0
2020_06_10	     695	      42	       0	       0
2020_06_11	     695	      42	       0	       0
2020_06_12	     695	      42	       0	       0
2020_06_13	     695	      42	       0	       0
2020_06_14	     695	      42	       0	       0
2020_06_15	     695	      42	       0	       0
2020_06_16	     695	      42	       0	       0
2020_06_17	     695	      42	       0	       0
2020_06_18	     709	      42	      14	       0
2020_06_19	     709	      42	       0	       0
2020_06_20	     713	      42	       4	       0
2020_06_21	     713	      42	       0	       0
2020_06_22	     713	      42	       0	       0
2020_06_23	     713	      42	       0	       0
2020_06_24	     713	      42	       0	       0
2020_06_25	     713	      42	       0	       0
2020_06_26	     713	      42	       0	       0
2020_06_27	     713	      42	       0	       0
2020_06_28	     713	      42	       0	       0
2020_06_29	     713	      42	       0	       0
2020_06_30	     713	      42	       0	       0
2020_07_01	     713	      42	       0	       0
2020_07_02	     713	      42	       0	       0
2020_07_03	     713	      42	       0	       0
2020_07_04	     713	      42	       0	       0
2020_07_05	     713	      42	       0	       0
2020_07_06	     713	      42	       0	       0
2020_07_07	     713	      42	       0	       0
2020_07_08	     713	      42	       0	       0
2020_07_09	     713	      42	       0	       0
2020_07_10	     713	      42	       0	       0
2020_07_11	     713	      42	       0	       0
2020_07_12	     713	      42	       0	       0
2020_07_13	     716	      42	       3	       0
2020_07_14	     716	      42	       0	       0
2020_07_15	     716	      42	       0	       0
2020_07_16	     716	      42	       0	       0
2020_07_17	     716	      42	       0	       0
2020_07_18	     716	      42	       0	       0
2020_07_19	     716	      42	       0	       0
2020_07_20	     716	      42	       0	       0
2020_07_21	     716	      42	       0	       0
2020_07_22	     716	      42	       0	       0
2020_07_23	     716	      42	       0	       0
2020_07_24	     716	      42	       0	       0
2020_07_25	     716	      42	       0	       0
2020_07_26	     716	      42	       0	       0
2020_07_27	     716	      42	       0	       0
2020_07_28	     716	      42	       0	       0
2020_07_29	     716	      42	       0	       0
2020_07_30	     716	      42	       0	       0
2020_07_31	     716	      42	       0	       0
2020_08_01	     716	      42	       0	       0
2020_08_02	     716	      42	       0	       0
2020_08_03	     716	      42	       0	       0
2020_08_04	     716	      42	       0	       0
2020_08_05	     716	      42	       0	       0
2020_08_06	     716	      42	       0	       0
2020_08_07	     717	      42	       1	       0
2020_08_08	     717	      42	       0	       0
2020_08_09	     717	      42	       0	       0
2020_08_10	     717	      42	       0	       0
2020_08_11	     717	      42	       0	       0
2020_08_12	     719	      42	       2	       0
2020_08_13	     719	      42	       0	       0
2020_08_14	     719	      42	       0	       0
2020_08_15	     719	      42	       0	       0
2020_08_16	     719	      42	       0	       0
2020_08_17	     720	      42	       1	       0
2020_08_18	     721	      42	       1	       0
2020_08_19	     722	      42	       1	       0
2020_08_20	     723	      42	       1	       0
2020_08_21	     724	      42	       1	       0
2020_08_22	     725	      42	       1	       0
2020_08_23	     726	      42	       1	       0
2020_08_24	     727	      42	       1	       0
2020_08_25	     728	      42	       1	       0
2020_08_26	     729	      42	       1	       0
2020_08_27	     730	      42	       1	       0
2020_08_28	     731	      42	       1	       0
2020_08_29	     732	      42	       1	       0
2020_08_30	     733	      42	       1	       0
2020_08_31	     733	      42	       0	       0
2020_09_01	     733	      42	       0	       0
2020_09_02	     733	      42	       0	       0
2020_09_03	     734	      42	       1	       0
2020_09_04	     734	      42	       0	       0
2020_09_05	     734	      42	       0	       0
2020_09_06	     735	      42	       1	       0
2020_09_07	     735	      42	       0	       0
2020_09_08	     736	      42	       1	       0
2020_09_09	     737	      42	       1	       0
2020_09_10	     738	      42	       1	       0
2020_09_11	     739	      42	       1	       0
2020_09_12	     740	      42	       1	       0
2020_09_13	     741	      42	       1	       0
2020_09_14	     741	      42	       0	       0
2020_09_15	     741	      42	       0	       0
2020_09_16	     741	      42	       0	       0
2020_09_17	     741	      42	       0	       0
2020_09_18	     741	      42	       0	       0
2020_09_19	     741	      42	       0	       0
2020_09_20	     742	      42	       1	       0
2020_09_21	     742	      42	       0	       0
2020_09_22	     743	      42	       1	       0
2020_09_23	     743	      42	       0	       0
2020_09_24	     744	      42	       1	       0
2020_09_25	     744	      42	       0	       0
2020_09_26	     745	      42	       1	       0
2020_09_27	     746	      42	       1	       0
2020_09_28	     746	      42	       0	       0
2020_09_29	     747	      42	       1	       0
2020_09_30	     747	      42	       0	       0
2020_10_01	     748	      42	       1	       0
2020_10_02	     748	      42	       0	       0
2020_10_03	     749	      42	       1	       0
2020_10_04	     750	      42	       1	       0
2020_10_05	     752	      42	       2	       0
2020_10_06	     754	      42	       2	       0
2020_10_07	     756	      42	       2	       0
2020_10_08	     759	      42	       3	       0
2020_10_09	     761	      42	       2	       0
2020_10_10	     763	      42	       2	       0
2020_10_11	     766	      42	       3	       0
2020_10_12	     768	      42	       2	       0
2020_10_13	     771	      42	       3	       0
2020_10_14	     773	      42	       2	       0
2020_10_15	     776	      42	       3	       0
2020_10_16	     778	      42	       2	       0
2020_10_17	     781	      42	       3	       0
2020_10_18	     784	      42	       3	       0
2020_10_19	     793	      42	       9	       0
2020_10_20	     803	      42	      10	       0
2020_10_21	     813	      42	      10	       0
2020_10_22	     822	      42	       9	       0
2020_10_23	     832	      42	      10	       0
2020_10_24	     842	      42	      10	       0
2020_10_25	     852	      42	      10	       0
2020_10_26	     867	      42	      15	       0
2020_10_27	     882	      42	      15	       0
2020_10_28	     897	      42	      15	       0
2020_10_29	     912	      42	      15	       0
2020_10_30	     927	      42	      15	       0
2020_10_31	     942	      42	      15	       0
2020_11_01	     958	      42	      16	       0
2020_11_02	     978	      42	      20	       0
2020_11_03	     998	      42	      20	       0
2020_11_04	    1019	      42	      21	       0
2020_11_05	    1039	      42	      20	       0
2020_11_06	    1060	      42	      21	       0
2020_11_07	    1080	      42	      20	       0
2020_11_08	    1101	      42	      21	       0
2020_11_09	    1122	      42	      21	       0
2020_11_10	    1144	      42	      22	       0
2020_11_11	    1166	      42	      22	       0
2020_11_12	    1187	      42	      21	       0
2020_11_13	    1209	      42	      22	       0
2020_11_14	    1231	      42	      22	       0
2020_11_15	    1253	      42	      22	       0
2020_11_16	    1277	      42	      24	       0
2020_11_17	    1302	      42	      25	       0
2020_11_18	    1327	      42	      25	       0
2020_11_19	    1352	      42	      25	       0
2020_11_20	    1377	      42	      25	       0
2020_11_21	    1402	      42	      25	       0
2020_11_22	    1427	      43	      25	       1
2020_11_23	    1449	      43	      22	       0
2020_11_24	    1472	      43	      23	       0
2020_11_25	    1495	      43	      23	       0
2020_11_26	    1517	      44	      22	       1
2020_11_27	    1540	      44	      23	       0
2020_11_28	    1563	      44	      23	       0
2020_11_29	    1586	      45	      23	       1
2020_11_30	    1615	      45	      29	       0
2020_12_01	    1644	      45	      29	       0
2020_12_02	    1673	      46	      29	       1
2020_12_03	    1702	      46	      29	       0
2020_12_04	    1731	      47	      29	       1
2020_12_05	    1760	      47	      29	       0
2020_12_06	    1789	      48	      29	       1
2020_12_07	    1809	      48	      20	       0
2020_12_08	    1829	      48	      20	       0
2020_12_09	    1850	      49	      21	       1
2020_12_10	    1870	      49	      20	       0
2020_12_11	    1891	      50	      21	       1
2020_12_12	    1911	      50	      20	       0
2020_12_13	    1932	      51	      21	       1
2020_12_14	    1957	      51	      25	       0
2020_12_15	    1982	      52	      25	       1
2020_12_16	    2007	      52	      25	       0
2020_12_17	    2032	      53	      25	       1
2020_12_18	    2057	      53	      25	       0
2020_12_19	    2082	      54	      25	       1
2020_12_20	    2107	      55	      25	       1
2020_12_21	    2129	      55	      22	       0
2020_12_22	    2151	      55	      22	       0
2020_12_23	    2174	      55	      23	       0
2020_12_24	    2196	      56	      22	       1
2020_12_25	    2219	      56	      23	       0
2020_12_26	    2241	      56	      22	       0
2020_12_27	    2264	      57	      23	       1
2020_12_28	    2292	      57	      28	       0
2020_12_29	    2320	      58	      28	       1
2020_12_30	    2349	      58	      29	       0
2020_12_31	    2377	      59	      28	       1
2021_01_01	    2406	      59	      29	       0
2021_01_02	    2434	      60	      28	       1
2021_01_03	    2463	      61	      29	       1
2021_01_04	    2489	      61	      26	       0
2021_01_05	    2516	      61	      27	       0
2021_01_06	    2543	      62	      27	       1
2021_01_07	    2569	      62	      26	       0
2021_01_08	    2596	      63	      27	       1
2021_01_09	    2623	      63	      27	       0
2021_01_10	    2650	      64	      27	       1
2021_01_11	    2668	      64	      18	       0
2021_01_12	    2686	      64	      18	       0
2021_01_13	    2704	      64	      18	       0
2021_01_14	    2723	      64	      19	       0
2021_01_15	    2741	      64	      18	       0
2021_01_16	    2759	      64	      18	       0
2021_01_17	    2778	      65	      19	       1
2021_01_18	    2791	      65	      13	       0
2021_01_19	    2805	      65	      14	       0
2021_01_20	    2819	      65	      14	       0
2021_01_21	    2832	      65	      13	       0
2021_01_22	    2846	      65	      14	       0
2021_01_23	    2860	      65	      14	       0
2021_01_24	    2874	      65	      14	       0
2021_01_25	    2895	      65	      21	       0
2021_01_26	    2917	      65	      22	       0
2021_01_27	    2938	      65	      21	       0
2021_01_28	    2960	      66	      22	       1
2021_01_29	    2981	      66	      21	       0
2021_01_30	    3003	      66	      22	       0
2021_01_31	    3025	      67	      22	       1
2021_02_01	    3040	      67	      15	       0
2021_02_02	    3056	      67	      16	       0
2021_02_03	    3072	      67	      16	       0
2021_02_04	    3088	      68	      16	       1
2021_02_05	    3104	      68	      16	       0
2021_02_06	    3120	      68	      16	       0
2021_02_07	    3136	      69	      16	       1
2021_02_08	    3160	      69	      24	       0
2021_02_09	    3184	      69	      24	       0
2021_02_10	    3208	      70	      24	       1
2021_02_11	    3232	      70	      24	       0
2021_02_12	    3256	      71	      24	       1
2021_02_13	    3280	      71	      24	       0
2021_02_14	    3304	      72	      24	       1
2021_02_15	    3328	      72	      24	       0
2021_02_16	    3352	      72	      24	       0
2021_02_17	    3376	      72	      24	       0
2021_02_18	    3400	      72	      24	       0
2021_02_19	    3424	      72	      24	       0
2021_02_20	    3448	      72	      24	       0
2021_02_21	    3472	      72	      24	       0
2021_02_22	    3506	      72	      34	       0
2021_02_23	    3541	      72	      35	       0
2021_02_24	    3576	      72	      35	       0
2021_02_25	    3611	      73	      35	       1
2021_02_26	    3646	      73	      35	       0
2021_02_27	    3681	      73	      35	       0
2021_02_28	    3716	      74	      35	       1
2021_03_01	    3745	      74	      29	       0
2021_03_02	    3774	      74	      29	       0
2021_03_03	    3804	      74	      30	       0
2021_03_04	    3833	      75	      29	       1
2021_03_05	    3863	      75	      30	       0
2021_03_06	    3892	      75	      29	       0
2021_03_07	    3922	      76	      30	       1
2021_03_08	    3951	      76	      29	       0
2021_03_09	    3980	      76	      29	       0
2021_03_10	    4009	      76	      29	       0
2021_03_11	    4038	      76	      29	       0
2021_03_12	    4067	      76	      29	       0
2021_03_13	    4096	      76	      29	       0
2021_03_14	    4126	      77	      30	       1
2021_03_15	    4158	      77	      32	       0
2021_03_16	    4191	      77	      33	       0
2021_03_17	    4224	      77	      33	       0
2021_03_18	    4257	      78	      33	       1
2021_03_19	    4290	      78	      33	       0
2021_03_20	    4323	      78	      33	       0
2021_03_21	    4356	      79	      33	       1
2021_03_22	    4394	      79	      38	       0
2021_03_23	    4433	      80	      39	       1
2021_03_24	    4471	      81	      38	       1
2021_03_25	    4510	      81	      39	       0
2021_03_26	    4548	      82	      38	       1
2021_03_27	    4587	      83	      39	       1
2021_03_28	    4626	      84	      39	       1
2021_03_29	    4647	      84	      21	       0
2021_03_30	    4668	      84	      21	       0
2021_03_31	    4689	      84	      21	       0
2021_04_01	    4711	      84	      22	       0
2021_04_02	    4732	      84	      21	       0
2021_04_03	    4753	      84	      21	       0
2021_04_04	    4775	      84	      22	       0
2021_04_05	    4800	      84	      25	       0
2021_04_06	    4826	      84	      26	       0
2021_04_07	    4852	      84	      26	       0
2021_04_08	    4878	      84	      26	       0
2021_04_09	    4904	      84	      26	       0
2021_04_10	    4930	      84	      26	       0
2021_04_11	    4956	      85	      26	       1
2021_04_12	    4963	      85	       7	       0
2021_04_13	    4971	      85	       8	       0
2021_04_14	    4979	      85	       8	       0
2021_04_15	    4986	      85	       7	       0
2021_04_16	    4994	      85	       8	       0
2021_04_17	    5002	      85	       8	       0
2021_04_18	    5010	      86	       8	       1
2021_04_19	    5015	      86	       5	       0
2021_04_20	    5020	      86	       5	       0
2021_04_21	    5025	      87	       5	       1
2021_04_22	    5031	      87	       6	       0
2021_04_23	    5036	      88	       5	       1
2021_04_24	    5041	      88	       5	       0
2021_04_25	    5047	      89	       6	       1
2021_04_26	    5049	      89	       2	       0
2021_04_27	    5052	      89	       3	       0
2021_04_28	    5055	      89	       3	       0
2021_04_29	    5057	      89	       2	       0
2021_04_30	    5060	      89	       3	       0
2021_05_01	    5063	      89	       3	       0
2021_05_02	    5066	      90	       3	       1
2021_05_03	    5067	      90	       1	       0
2021_05_04	    5069	      90	       2	       0
2021_05_05	    5071	      90	       2	       0
2021_05_06	    5073	      90	       2	       0
2021_05_07	    5075	      90	       2	       0
2021_05_08	    5077	      90	       2	       0
2021_05_09	    5079	      90	       2	       0
2021_05_10	    5080	      90	       1	       0
2021_05_11	    5081	      90	       1	       0
2021_05_12	    5082	      90	       1	       0
2021_05_13	    5083	      90	       1	       0
2021_05_14	    5084	      90	       1	       0
2021_05_15	    5085	      90	       1	       0
2021_05_16	    5087	      90	       2	       0
2021_05_17	    5087	      90	       0	       0
2021_05_18	    5087	      90	       0	       0
2021_05_19	    5087	      90	       0	       0
2021_05_20	    5088	      90	       1	       0
2021_05_21	    5088	      90	       0	       0
2021_05_22	    5088	      90	       0	       0
2021_05_23	    5089	      90	       1	       0
2021_05_24	    5089	      90	       0	       0
2021_05_25	    5089	      90	       0	       0
2021_05_26	    5089	      90	       0	       0
2021_05_27	    5089	      90	       0	       0
2021_05_28	    5089	      90	       0	       0
2021_05_29	    5089	      90	       0	       0
2021_05_30	    5090	      90	       1	       0
2021_05_31	    5090	      90	       0	       0
2021_06_01	    5090	      90	       0	       0
2021_06_02	    5090	      90	       0	       0
2021_06_03	    5090	      90	       0	       0
2021_06_04	    5090	      90	       0	       0
2021_06_05	    5090	      90	       0	       0
2021_06_06	    5090	      90	       0	       0
2021_06_07	    5090	      90	       0	       0
2021_06_08	    5090	      90	       0	       0
2021_06_09	    5090	      90	       0	       0
2021_06_10	    5090	      90	       0	       0
2021_06_11	    5090	      90	       0	       0
2021_06_12	    5090	      90	       0	       0
2021_06_13	    5090	      90	       0	       0
