#
# COVID-19 Country file (official WHO count)
# Country = Senegal
# Latitude = 15.0
# Population = 17200.154
# Territory = 196722.0
# LEB = 67.9
# DPA = 91000
# DPA65 = 31850
# GDP = 1427.0
# GDP_PPP = 3521.0
# COVID-19 Mortality = 66.9
# First_Case = 2020_03_03
# Last_Case = 2021_06_13
# First_Death = 2020_04_02
# Last_Death = 2021_06_13
# Status as of 2021_06_13 = Community transmission
# Vaccine type = Sinopharm/Beijing
# Vaccine start = 2021_02_22
#
Date	Conf_Cases	Conf_Deaths	Daily_Cases	Daily_Deaths
2020_03_03	       1	       0	       1	       0
2020_03_04	       1	       0	       0	       0
2020_03_05	       4	       0	       3	       0
2020_03_06	       4	       0	       0	       0
2020_03_07	       4	       0	       0	       0
2020_03_08	       4	       0	       0	       0
2020_03_09	       4	       0	       0	       0
2020_03_10	       4	       0	       0	       0
2020_03_11	       4	       0	       0	       0
2020_03_12	       4	       0	       0	       0
2020_03_13	      10	       0	       6	       0
2020_03_14	      10	       0	       0	       0
2020_03_15	      21	       0	      11	       0
2020_03_16	      26	       0	       5	       0
2020_03_17	      27	       0	       1	       0
2020_03_18	      27	       0	       0	       0
2020_03_19	      36	       0	       9	       0
2020_03_20	      38	       0	       2	       0
2020_03_21	      38	       0	       0	       0
2020_03_22	      56	       0	      18	       0
2020_03_23	      67	       0	      11	       0
2020_03_24	      79	       0	      12	       0
2020_03_25	      86	       0	       7	       0
2020_03_26	      99	       0	      13	       0
2020_03_27	     105	       0	       6	       0
2020_03_28	     119	       0	      14	       0
2020_03_29	     119	       0	       0	       0
2020_03_30	     142	       0	      23	       0
2020_03_31	     162	       0	      20	       0
2020_04_01	     175	       0	      13	       0
2020_04_02	     190	       1	      15	       1
2020_04_03	     195	       1	       5	       0
2020_04_04	     207	       1	      12	       0
2020_04_05	     219	       2	      12	       1
2020_04_06	     222	       2	       3	       0
2020_04_07	     226	       2	       4	       0
2020_04_08	     237	       2	      11	       0
2020_04_09	     244	       2	       7	       0
2020_04_10	     250	       2	       6	       0
2020_04_11	     265	       2	      15	       0
2020_04_12	     278	       2	      13	       0
2020_04_13	     280	       2	       2	       0
2020_04_14	     291	       2	      11	       0
2020_04_15	     299	       2	       8	       0
2020_04_16	     314	       2	      15	       0
2020_04_17	     335	       2	      21	       0
2020_04_18	     342	       3	       7	       1
2020_04_19	     350	       3	       8	       0
2020_04_20	     367	       3	      17	       0
2020_04_21	     377	       5	      10	       2
2020_04_22	     412	       5	      35	       0
2020_04_23	     442	       6	      30	       1
2020_04_24	     479	       6	      37	       0
2020_04_25	     545	       7	      66	       1
2020_04_26	     614	       7	      69	       0
2020_04_27	     671	       9	      57	       2
2020_04_28	     735	       9	      64	       0
2020_04_29	     823	       9	      88	       0
2020_04_30	     882	       9	      59	       0
2020_05_01	     933	       9	      51	       0
2020_05_02	    1024	       9	      91	       0
2020_05_03	    1115	       9	      91	       0
2020_05_04	    1273	       9	     158	       0
2020_05_05	    1271	      10	      -2	       1
2020_05_06	    1329	      11	      58	       1
2020_05_07	    1433	      12	     104	       1
2020_05_08	    1492	      13	      59	       1
2020_05_09	    1551	      13	      59	       0
2020_05_10	    1634	      17	      83	       4
2020_05_11	    1709	      19	      75	       2
2020_05_12	    1886	      19	     177	       0
2020_05_13	    1995	      19	     109	       0
2020_05_14	    2105	      22	     110	       3
2020_05_15	    2189	      23	      84	       1
2020_05_16	    2310	      23	     121	       0
2020_05_17	    2429	      25	     119	       2
2020_05_18	    2480	      25	      51	       0
2020_05_19	    2544	      26	      64	       1
2020_05_20	    2617	      30	      73	       4
2020_05_21	    2714	      30	      97	       0
2020_05_22	    2815	      33	     101	       3
2020_05_23	    2909	      33	      94	       0
2020_05_24	    2976	      34	      67	       1
2020_05_25	    3047	      35	      71	       1
2020_05_26	    3130	      35	      83	       0
2020_05_27	    3161	      37	      31	       2
2020_05_28	    3253	      39	      92	       2
2020_05_29	    3348	      41	      95	       2
2020_05_30	    3429	      41	      81	       0
2020_05_31	    3535	      42	     106	       1
2020_06_01	    3645	      42	     110	       0
2020_06_02	    3739	      42	      94	       0
2020_06_03	    3836	      43	      97	       1
2020_06_04	    3932	      45	      96	       2
2020_06_05	    4021	      45	      89	       0
2020_06_06	    4155	      45	     134	       0
2020_06_07	    4249	      47	      94	       2
2020_06_08	    4328	      49	      79	       2
2020_06_09	    4430	      49	     102	       0
2020_06_10	    4516	      52	      86	       3
2020_06_11	    4640	      54	     124	       2
2020_06_12	    4759	      55	     119	       1
2020_06_13	    4851	      56	      92	       1
2020_06_14	    4996	      60	     145	       4
2020_06_15	    5090	      60	      94	       0
2020_06_16	    5090	      60	       0	       0
2020_06_17	    5247	      70	     157	      10
2020_06_18	    5369	      73	     122	       3
2020_06_19	    5475	      76	     106	       3
2020_06_20	    5639	      79	     164	       3
2020_06_21	    5783	      82	     144	       3
2020_06_22	    5888	      84	     105	       2
2020_06_23	    5970	      86	      82	       2
2020_06_24	    6034	      89	      64	       3
2020_06_25	    6129	      93	      95	       4
2020_06_26	    6233	      94	     104	       1
2020_06_27	    6354	      98	     121	       4
2020_06_28	    6459	     102	     105	       4
2020_06_29	    6586	     105	     127	       3
2020_06_30	    6698	     108	     112	       3
2020_07_01	    6793	     112	      95	       4
2020_07_02	    6925	     116	     132	       4
2020_07_03	    7054	     121	     129	       5
2020_07_04	    7164	     125	     110	       4
2020_07_05	    7272	     129	     108	       4
2020_07_06	    7400	     133	     128	       4
2020_07_07	    7478	     136	      78	       3
2020_07_08	    7547	     137	      69	       1
2020_07_09	    7657	     141	     110	       4
2020_07_10	    7784	     143	     127	       2
2020_07_11	    7882	     145	      98	       2
2020_07_12	    8014	     145	     132	       0
2020_07_13	    8135	     148	     121	       3
2020_07_14	    8198	     150	      63	       2
2020_07_15	    8243	     150	      45	       0
2020_07_16	    8369	     153	     126	       3
2020_07_17	    8481	     156	     112	       3
2020_07_18	    8544	     160	      63	       4
2020_07_19	    8669	     163	     125	       3
2020_07_20	    8810	     167	     141	       4
2020_07_21	    8948	     170	     138	       3
2020_07_22	    8985	     174	      37	       4
2020_07_23	    9121	     177	     136	       3
2020_07_24	    9266	     178	     145	       1
2020_07_25	    9422	     182	     156	       4
2020_07_26	    9422	     182	       0	       0
2020_07_27	    9681	     191	     259	       9
2020_07_28	    9764	     194	      83	       3
2020_07_29	    9805	     198	      41	       4
2020_07_30	    9961	     200	     156	       2
2020_07_31	   10106	     204	     145	       4
2020_08_01	   10232	     205	     126	       1
2020_08_02	   10284	     209	      52	       4
2020_08_03	   10344	     209	      60	       0
2020_08_04	   10386	     211	      42	       2
2020_08_05	   10432	     214	      46	       3
2020_08_06	   10538	     218	     106	       4
2020_08_07	   10715	     223	     177	       5
2020_08_08	   10887	     225	     172	       2
2020_08_09	   11003	     229	     116	       4
2020_08_10	   11175	     232	     172	       3
2020_08_11	   11312	     236	     137	       4
2020_08_12	   11380	     238	      68	       2
2020_08_13	   11587	     242	     207	       4
2020_08_14	   11740	     244	     153	       2
2020_08_15	   11872	     249	     132	       5
2020_08_16	   12032	     251	     160	       2
2020_08_17	   12148	     253	     116	       2
2020_08_18	   12265	     255	     117	       2
2020_08_19	   12382	     257	     117	       2
2020_08_20	   12499	     259	     117	       2
2020_08_21	   12616	     261	     117	       2
2020_08_22	   12733	     263	     117	       2
2020_08_23	   12850	     266	     117	       3
2020_08_24	   12936	     268	      86	       2
2020_08_25	   13023	     270	      87	       2
2020_08_26	   13109	     272	      86	       2
2020_08_27	   13196	     275	      87	       3
2020_08_28	   13282	     277	      86	       2
2020_08_29	   13369	     279	      87	       2
2020_08_30	   13456	     282	      87	       3
2020_08_31	   13516	     283	      60	       1
2020_09_01	   13577	     284	      61	       1
2020_09_02	   13638	     285	      61	       1
2020_09_03	   13698	     286	      60	       1
2020_09_04	   13759	     287	      61	       1
2020_09_05	   13820	     288	      61	       1
2020_09_06	   13881	     289	      61	       1
2020_09_07	   13925	     289	      44	       0
2020_09_08	   13970	     290	      45	       1
2020_09_09	   14014	     290	      44	       0
2020_09_10	   14059	     291	      45	       1
2020_09_11	   14103	     291	      44	       0
2020_09_12	   14148	     292	      45	       1
2020_09_13	   14193	     293	      45	       1
2020_09_14	   14263	     294	      70	       1
2020_09_15	   14334	     295	      71	       1
2020_09_16	   14405	     296	      71	       1
2020_09_17	   14475	     298	      70	       2
2020_09_18	   14546	     299	      71	       1
2020_09_19	   14617	     300	      71	       1
2020_09_20	   14688	     302	      71	       2
2020_09_21	   14713	     302	      25	       0
2020_09_22	   14739	     303	      26	       1
2020_09_23	   14765	     303	      26	       0
2020_09_24	   14791	     304	      26	       1
2020_09_25	   14817	     304	      26	       0
2020_09_26	   14843	     305	      26	       1
2020_09_27	   14869	     306	      26	       1
2020_09_28	   14895	     306	      26	       0
2020_09_29	   14921	     307	      26	       1
2020_09_30	   14947	     308	      26	       1
2020_10_01	   14973	     309	      26	       1
2020_10_02	   14999	     310	      26	       1
2020_10_03	   15025	     311	      26	       1
2020_10_04	   15051	     312	      26	       1
2020_10_05	   15074	     312	      23	       0
2020_10_06	   15097	     312	      23	       0
2020_10_07	   15120	     312	      23	       0
2020_10_08	   15143	     312	      23	       0
2020_10_09	   15166	     312	      23	       0
2020_10_10	   15189	     312	      23	       0
2020_10_11	   15213	     313	      24	       1
2020_10_12	   15244	     313	      31	       0
2020_10_13	   15275	     314	      31	       1
2020_10_14	   15306	     315	      31	       1
2020_10_15	   15338	     316	      32	       1
2020_10_16	   15369	     317	      31	       1
2020_10_17	   15400	     318	      31	       1
2020_10_18	   15432	     319	      32	       1
2020_10_19	   15451	     319	      19	       0
2020_10_20	   15470	     319	      19	       0
2020_10_21	   15489	     320	      19	       1
2020_10_22	   15508	     320	      19	       0
2020_10_23	   15527	     321	      19	       1
2020_10_24	   15546	     321	      19	       0
2020_10_25	   15565	     322	      19	       1
2020_10_26	   15572	     322	       7	       0
2020_10_27	   15579	     322	       7	       0
2020_10_28	   15586	     322	       7	       0
2020_10_29	   15594	     323	       8	       1
2020_10_30	   15601	     323	       7	       0
2020_10_31	   15608	     323	       7	       0
2020_11_01	   15616	     324	       8	       1
2020_11_02	   15623	     324	       7	       0
2020_11_03	   15630	     324	       7	       0
2020_11_04	   15638	     324	       8	       0
2020_11_05	   15645	     325	       7	       1
2020_11_06	   15653	     325	       8	       0
2020_11_07	   15660	     325	       7	       0
2020_11_08	   15668	     326	       8	       1
2020_11_09	   15683	     326	      15	       0
2020_11_10	   15699	     326	      16	       0
2020_11_11	   15715	     326	      16	       0
2020_11_12	   15731	     326	      16	       0
2020_11_13	   15747	     326	      16	       0
2020_11_14	   15763	     326	      16	       0
2020_11_15	   15779	     327	      16	       1
2020_11_16	   15791	     327	      12	       0
2020_11_17	   15803	     327	      12	       0
2020_11_18	   15815	     328	      12	       1
2020_11_19	   15828	     328	      13	       0
2020_11_20	   15840	     329	      12	       1
2020_11_21	   15852	     329	      12	       0
2020_11_22	   15865	     330	      13	       1
2020_11_23	   15888	     330	      23	       0
2020_11_24	   15911	     330	      23	       0
2020_11_25	   15934	     330	      23	       0
2020_11_26	   15957	     331	      23	       1
2020_11_27	   15980	     331	      23	       0
2020_11_28	   16003	     331	      23	       0
2020_11_29	   16027	     332	      24	       1
2020_11_30	   16079	     332	      52	       0
2020_12_01	   16132	     333	      53	       1
2020_12_02	   16185	     334	      53	       1
2020_12_03	   16238	     334	      53	       0
2020_12_04	   16291	     335	      53	       1
2020_12_05	   16344	     336	      53	       1
2020_12_06	   16397	     337	      53	       1
2020_12_07	   16491	     338	      94	       1
2020_12_08	   16586	     340	      95	       2
2020_12_09	   16681	     342	      95	       2
2020_12_10	   16776	     343	      95	       1
2020_12_11	   16871	     345	      95	       2
2020_12_12	   16966	     347	      95	       2
2020_12_13	   17061	     349	      95	       2
2020_12_14	   17148	     350	      87	       1
2020_12_15	   17235	     352	      87	       2
2020_12_16	   17322	     354	      87	       2
2020_12_17	   17409	     355	      87	       1
2020_12_18	   17496	     357	      87	       2
2020_12_19	   17583	     359	      87	       2
2020_12_20	   17670	     361	      87	       2
2020_12_21	   17791	     364	     121	       3
2020_12_22	   17913	     368	     122	       4
2020_12_23	   18035	     372	     122	       4
2020_12_24	   18157	     375	     122	       3
2020_12_25	   18279	     379	     122	       4
2020_12_26	   18401	     383	     122	       4
2020_12_27	   18523	     387	     122	       4
2020_12_28	   18664	     391	     141	       4
2020_12_29	   18805	     395	     141	       4
2020_12_30	   18946	     399	     141	       4
2020_12_31	   19087	     403	     141	       4
2021_01_01	   19228	     407	     141	       4
2021_01_02	   19369	     411	     141	       4
2021_01_03	   19511	     416	     142	       5
2021_01_04	   19723	     422	     212	       6
2021_01_05	   19936	     428	     213	       6
2021_01_06	   20149	     434	     213	       6
2021_01_07	   20361	     440	     212	       6
2021_01_08	   20574	     446	     213	       6
2021_01_09	   20787	     452	     213	       6
2021_01_10	   21000	     459	     213	       7
2021_01_11	   21248	     466	     248	       7
2021_01_12	   21496	     473	     248	       7
2021_01_13	   21744	     480	     248	       7
2021_01_14	   21993	     487	     249	       7
2021_01_15	   22241	     494	     248	       7
2021_01_16	   22489	     501	     248	       7
2021_01_17	   22738	     509	     249	       8
2021_01_18	   22984	     517	     246	       8
2021_01_19	   23230	     526	     246	       9
2021_01_20	   23476	     534	     246	       8
2021_01_21	   23722	     543	     246	       9
2021_01_22	   23968	     551	     246	       8
2021_01_23	   24214	     560	     246	       9
2021_01_24	   24460	     569	     246	       9
2021_01_25	   24710	     576	     250	       7
2021_01_26	   24960	     583	     250	       7
2021_01_27	   25211	     591	     251	       8
2021_01_28	   25461	     598	     250	       7
2021_01_29	   25712	     606	     251	       8
2021_01_30	   25962	     613	     250	       7
2021_01_31	   26213	     621	     251	       8
2021_02_01	   26538	     628	     325	       7
2021_02_02	   26863	     636	     325	       8
2021_02_03	   27188	     644	     325	       8
2021_02_04	   27513	     651	     325	       7
2021_02_05	   27838	     659	     325	       8
2021_02_06	   28163	     667	     325	       8
2021_02_07	   28489	     675	     326	       8
2021_02_08	   28796	     684	     307	       9
2021_02_09	   29103	     693	     307	       9
2021_02_10	   29411	     703	     308	      10
2021_02_11	   29718	     712	     307	       9
2021_02_12	   30026	     722	     308	      10
2021_02_13	   30333	     731	     307	       9
2021_02_14	   30641	     741	     308	      10
2021_02_15	   30925	     748	     284	       7
2021_02_16	   31209	     756	     284	       8
2021_02_17	   31493	     764	     284	       8
2021_02_18	   31777	     771	     284	       7
2021_02_19	   32061	     779	     284	       8
2021_02_20	   32345	     787	     284	       8
2021_02_21	   32630	     795	     285	       8
2021_02_22	   32862	     805	     232	      10
2021_02_23	   33094	     815	     232	      10
2021_02_24	   33326	     825	     232	      10
2021_02_25	   33558	     835	     232	      10
2021_02_26	   33790	     845	     232	      10
2021_02_27	   34022	     855	     232	      10
2021_02_28	   34255	     866	     233	      11
2021_03_01	   34451	     872	     196	       6
2021_03_02	   34648	     878	     197	       6
2021_03_03	   34845	     884	     197	       6
2021_03_04	   35041	     890	     196	       6
2021_03_05	   35238	     896	     197	       6
2021_03_06	   35435	     902	     197	       6
2021_03_07	   35632	     908	     197	       6
2021_03_08	   35788	     914	     156	       6
2021_03_09	   35944	     921	     156	       7
2021_03_10	   36100	     928	     156	       7
2021_03_11	   36257	     934	     157	       6
2021_03_12	   36413	     941	     156	       7
2021_03_13	   36569	     948	     156	       7
2021_03_14	   36726	     955	     157	       7
2021_03_15	   36864	     962	     138	       7
2021_03_16	   37002	     969	     138	       7
2021_03_17	   37140	     977	     138	       8
2021_03_18	   37278	     984	     138	       7
2021_03_19	   37416	     992	     138	       8
2021_03_20	   37554	     999	     138	       7
2021_03_21	   37693	    1007	     139	       8
2021_03_22	   37802	    1010	     109	       3
2021_03_23	   37911	    1014	     109	       4
2021_03_24	   38020	    1018	     109	       4
2021_03_25	   38129	    1022	     109	       4
2021_03_26	   38238	    1026	     109	       4
2021_03_27	   38347	    1030	     109	       4
2021_03_28	   38456	    1034	     109	       4
2021_03_29	   38527	    1038	      71	       4
2021_03_30	   38598	    1042	      71	       4
2021_03_31	   38669	    1046	      71	       4
2021_04_01	   38740	    1050	      71	       4
2021_04_02	   38811	    1054	      71	       4
2021_04_03	   38882	    1058	      71	       4
2021_04_04	   38953	    1063	      71	       5
2021_04_05	   39011	    1065	      58	       2
2021_04_06	   39070	    1067	      59	       2
2021_04_07	   39129	    1069	      59	       2
2021_04_08	   39187	    1071	      58	       2
2021_04_09	   39246	    1073	      59	       2
2021_04_10	   39305	    1075	      59	       2
2021_04_11	   39364	    1077	      59	       2
2021_04_12	   39416	    1078	      52	       1
2021_04_13	   39468	    1080	      52	       2
2021_04_14	   39521	    1082	      53	       2
2021_04_15	   39573	    1084	      52	       2
2021_04_16	   39626	    1086	      53	       2
2021_04_17	   39678	    1088	      52	       2
2021_04_18	   39731	    1090	      53	       2
2021_04_19	   39781	    1091	      50	       1
2021_04_20	   39831	    1092	      50	       1
2021_04_21	   39881	    1093	      50	       1
2021_04_22	   39931	    1095	      50	       2
2021_04_23	   39981	    1096	      50	       1
2021_04_24	   40031	    1097	      50	       1
2021_04_25	   40082	    1099	      51	       2
2021_04_26	   40125	    1100	      43	       1
2021_04_27	   40169	    1101	      44	       1
2021_04_28	   40213	    1103	      44	       2
2021_04_29	   40256	    1104	      43	       1
2021_04_30	   40300	    1106	      44	       2
2021_05_01	   40344	    1107	      44	       1
2021_05_02	   40388	    1109	      44	       2
2021_05_03	   40427	    1110	      39	       1
2021_05_04	   40467	    1111	      40	       1
2021_05_05	   40506	    1112	      39	       1
2021_05_06	   40546	    1113	      40	       1
2021_05_07	   40585	    1114	      39	       1
2021_05_08	   40625	    1115	      40	       1
2021_05_09	   40665	    1117	      40	       2
2021_05_10	   40688	    1118	      23	       1
2021_05_11	   40711	    1119	      23	       1
2021_05_12	   40734	    1120	      23	       1
2021_05_13	   40758	    1121	      24	       1
2021_05_14	   40781	    1122	      23	       1
2021_05_15	   40804	    1123	      23	       1
2021_05_16	   40828	    1124	      24	       1
2021_05_17	   40855	    1124	      27	       0
2021_05_18	   40883	    1125	      28	       1
2021_05_19	   40911	    1126	      28	       1
2021_05_20	   40939	    1126	      28	       0
2021_05_21	   40967	    1127	      28	       1
2021_05_22	   40995	    1128	      28	       1
2021_05_23	   41023	    1129	      28	       1
2021_05_24	   41067	    1130	      44	       1
2021_05_25	   41111	    1131	      44	       1
2021_05_26	   41155	    1132	      44	       1
2021_05_27	   41199	    1134	      44	       2
2021_05_28	   41243	    1135	      44	       1
2021_05_29	   41287	    1136	      44	       1
2021_05_30	   41331	    1138	      44	       2
2021_05_31	   41373	    1139	      42	       1
2021_06_01	   41416	    1140	      43	       1
2021_06_02	   41459	    1141	      43	       1
2021_06_03	   41502	    1142	      43	       1
2021_06_04	   41545	    1143	      43	       1
2021_06_05	   41588	    1144	      43	       1
2021_06_06	   41631	    1145	      43	       1
2021_06_07	   41676	    1145	      45	       0
2021_06_08	   41722	    1146	      46	       1
2021_06_09	   41768	    1147	      46	       1
2021_06_10	   41814	    1148	      46	       1
2021_06_11	   41860	    1149	      46	       1
2021_06_12	   41906	    1150	      46	       1
2021_06_13	   41952	    1151	      46	       1
