#
# COVID-19 Country file (official WHO count)
# Country = Sierra Leone
# Latitude = 9.0
# Population = 8046.931
# Territory = 71740.0
# LEB = 54.7
# DPA = 90000
# DPA65 = 18000
# GDP = 525.0
# GDP_PPP = 1722.0
# COVID-19 Mortality = 10.2
# First_Case = 2020_04_01
# Last_Case = 2021_06_13
# First_Death = 2020_04_23
# Last_Death = 2021_06_13
# Status as of 2021_06_13 = Community transmission
# Vaccine type = Oxford/AstraZeneca
# Vaccine start = 2021_03_14
#
Date	Conf_Cases	Conf_Deaths	Daily_Cases	Daily_Deaths
2020_04_01	       1	       0	       1	       0
2020_04_02	       2	       0	       1	       0
2020_04_03	       2	       0	       0	       0
2020_04_04	       2	       0	       0	       0
2020_04_05	       4	       0	       2	       0
2020_04_06	       6	       0	       2	       0
2020_04_07	       6	       0	       0	       0
2020_04_08	       6	       0	       0	       0
2020_04_09	       7	       0	       1	       0
2020_04_10	       7	       0	       0	       0
2020_04_11	       7	       0	       0	       0
2020_04_12	       8	       0	       1	       0
2020_04_13	      10	       0	       2	       0
2020_04_14	      10	       0	       0	       0
2020_04_15	      11	       0	       1	       0
2020_04_16	      13	       0	       2	       0
2020_04_17	      15	       0	       2	       0
2020_04_18	      26	       0	      11	       0
2020_04_19	      30	       0	       4	       0
2020_04_20	      35	       0	       5	       0
2020_04_21	      43	       0	       8	       0
2020_04_22	      50	       0	       7	       0
2020_04_23	      61	       1	      11	       1
2020_04_24	      64	       1	       3	       0
2020_04_25	      82	       3	      18	       2
2020_04_26	      86	       3	       4	       0
2020_04_27	      93	       4	       7	       1
2020_04_28	      99	       4	       6	       0
2020_04_29	     104	       5	       5	       1
2020_04_30	     116	       5	      12	       0
2020_05_01	     124	       7	       8	       2
2020_05_02	     136	       8	      12	       1
2020_05_03	     155	       8	      19	       0
2020_05_04	     157	       8	       2	       0
2020_05_05	     178	       9	      21	       1
2020_05_06	     199	      11	      21	       2
2020_05_07	     225	      14	      26	       3
2020_05_08	     231	      14	       6	       0
2020_05_09	     257	      17	      26	       3
2020_05_10	     291	      18	      34	       1
2020_05_11	     307	      18	      16	       0
2020_05_12	     338	      19	      31	       1
2020_05_13	     338	      20	       0	       1
2020_05_14	     387	      21	      49	       1
2020_05_15	     408	      26	      21	       5
2020_05_16	     447	      27	      39	       1
2020_05_17	     462	      29	      15	       2
2020_05_18	     505	      32	      43	       3
2020_05_19	     519	      33	      14	       1
2020_05_20	     534	      33	      15	       0
2020_05_21	     570	      34	      36	       1
2020_05_22	     585	      35	      15	       1
2020_05_23	     606	      38	      21	       3
2020_05_24	     621	      39	      15	       1
2020_05_25	     721	      40	     100	       1
2020_05_26	     735	      42	      14	       2
2020_05_27	     754	      44	      19	       2
2020_05_28	     782	      45	      28	       1
2020_05_29	     812	      45	      30	       0
2020_05_30	     829	      45	      17	       0
2020_05_31	     852	      46	      23	       1
2020_06_01	     861	      46	       9	       0
2020_06_02	     865	      46	       4	       0
2020_06_03	     896	      46	      31	       0
2020_06_04	     909	      47	      13	       1
2020_06_05	     914	      47	       5	       0
2020_06_06	     929	      47	      15	       0
2020_06_07	     946	      48	      17	       1
2020_06_08	     969	      48	      23	       0
2020_06_09	    1001	      49	      32	       1
2020_06_10	    1025	      50	      24	       1
2020_06_11	    1062	      50	      37	       0
2020_06_12	    1085	      50	      23	       0
2020_06_13	    1103	      51	      18	       1
2020_06_14	    1132	      51	      29	       0
2020_06_15	    1169	      51	      37	       0
2020_06_16	    1176	      51	       7	       0
2020_06_17	    1225	      51	      49	       0
2020_06_18	    1249	      51	      24	       0
2020_06_19	    1272	      51	      23	       0
2020_06_20	    1298	      53	      26	       2
2020_06_21	    1309	      53	      11	       0
2020_06_22	    1327	      55	      18	       2
2020_06_23	    1340	      55	      13	       0
2020_06_24	    1347	      55	       7	       0
2020_06_25	    1354	      56	       7	       1
2020_06_26	    1381	      56	      27	       0
2020_06_27	    1394	      59	      13	       3
2020_06_28	    1410	      59	      16	       0
2020_06_29	    1427	      60	      17	       1
2020_06_30	    1450	      60	      23	       0
2020_07_01	    1462	      60	      12	       0
2020_07_02	    1498	      60	      36	       0
2020_07_03	    1518	      60	      20	       0
2020_07_04	    1524	      62	       6	       2
2020_07_05	    1533	      62	       9	       0
2020_07_06	    1542	      62	       9	       0
2020_07_07	    1547	      62	       5	       0
2020_07_08	    1572	      63	      25	       1
2020_07_09	    1584	      63	      12	       0
2020_07_10	    1598	      63	      14	       0
2020_07_11	    1613	      63	      15	       0
2020_07_12	    1618	      63	       5	       0
2020_07_13	    1635	      63	      17	       0
2020_07_14	    1642	      63	       7	       0
2020_07_15	    1651	      64	       9	       1
2020_07_16	    1668	      64	      17	       0
2020_07_17	    1678	      64	      10	       0
2020_07_18	    1688	      65	      10	       1
2020_07_19	    1701	      65	      13	       0
2020_07_20	    1711	      65	      10	       0
2020_07_21	    1711	      66	       0	       1
2020_07_22	    1727	      66	      16	       0
2020_07_23	    1731	      66	       4	       0
2020_07_24	    1752	      66	      21	       0
2020_07_25	    1765	      66	      13	       0
2020_07_26	    1765	      66	       0	       0
2020_07_27	    1783	      66	      18	       0
2020_07_28	    1783	      66	       0	       0
2020_07_29	    1786	      66	       3	       0
2020_07_30	    1803	      67	      17	       1
2020_07_31	    1818	      67	      15	       0
2020_08_01	    1823	      67	       5	       0
2020_08_02	    1835	      67	      12	       0
2020_08_03	    1843	      67	       8	       0
2020_08_04	    1848	      67	       5	       0
2020_08_05	    1855	      67	       7	       0
2020_08_06	    1860	      67	       5	       0
2020_08_07	    1877	      68	      17	       1
2020_08_08	    1887	      68	      10	       0
2020_08_09	    1895	      68	       8	       0
2020_08_10	    1916	      68	      21	       0
2020_08_11	    1917	      69	       1	       1
2020_08_12	    1932	      69	      15	       0
2020_08_13	    1937	      69	       5	       0
2020_08_14	    1940	      69	       3	       0
2020_08_15	    1947	      69	       7	       0
2020_08_16	    1954	      69	       7	       0
2020_08_17	    1957	      69	       3	       0
2020_08_18	    1961	      69	       4	       0
2020_08_19	    1965	      69	       4	       0
2020_08_20	    1968	      69	       3	       0
2020_08_21	    1972	      69	       4	       0
2020_08_22	    1976	      69	       4	       0
2020_08_23	    1980	      69	       4	       0
2020_08_24	    1985	      69	       5	       0
2020_08_25	    1991	      69	       6	       0
2020_08_26	    1996	      69	       5	       0
2020_08_27	    2002	      69	       6	       0
2020_08_28	    2007	      69	       5	       0
2020_08_29	    2013	      69	       6	       0
2020_08_30	    2019	      70	       6	       1
2020_08_31	    2022	      70	       3	       0
2020_09_01	    2025	      70	       3	       0
2020_09_02	    2029	      70	       4	       0
2020_09_03	    2032	      70	       3	       0
2020_09_04	    2036	      70	       4	       0
2020_09_05	    2039	      70	       3	       0
2020_09_06	    2043	      71	       4	       1
2020_09_07	    2050	      71	       7	       0
2020_09_08	    2058	      71	       8	       0
2020_09_09	    2065	      71	       7	       0
2020_09_10	    2073	      71	       8	       0
2020_09_11	    2080	      71	       7	       0
2020_09_12	    2088	      71	       8	       0
2020_09_13	    2096	      72	       8	       1
2020_09_14	    2105	      72	       9	       0
2020_09_15	    2114	      72	       9	       0
2020_09_16	    2123	      72	       9	       0
2020_09_17	    2132	      72	       9	       0
2020_09_18	    2141	      72	       9	       0
2020_09_19	    2150	      72	       9	       0
2020_09_20	    2159	      72	       9	       0
2020_09_21	    2166	      72	       7	       0
2020_09_22	    2173	      72	       7	       0
2020_09_23	    2180	      72	       7	       0
2020_09_24	    2187	      72	       7	       0
2020_09_25	    2194	      72	       7	       0
2020_09_26	    2201	      72	       7	       0
2020_09_27	    2208	      72	       7	       0
2020_09_28	    2215	      72	       7	       0
2020_09_29	    2222	      72	       7	       0
2020_09_30	    2229	      72	       7	       0
2020_10_01	    2237	      72	       8	       0
2020_10_02	    2244	      72	       7	       0
2020_10_03	    2251	      72	       7	       0
2020_10_04	    2259	      72	       8	       0
2020_10_05	    2264	      72	       5	       0
2020_10_06	    2270	      72	       6	       0
2020_10_07	    2276	      72	       6	       0
2020_10_08	    2282	      72	       6	       0
2020_10_09	    2288	      72	       6	       0
2020_10_10	    2294	      72	       6	       0
2020_10_11	    2300	      72	       6	       0
2020_10_12	    2304	      72	       4	       0
2020_10_13	    2308	      72	       4	       0
2020_10_14	    2313	      72	       5	       0
2020_10_15	    2317	      72	       4	       0
2020_10_16	    2322	      72	       5	       0
2020_10_17	    2326	      72	       4	       0
2020_10_18	    2331	      73	       5	       1
2020_10_19	    2333	      73	       2	       0
2020_10_20	    2335	      73	       2	       0
2020_10_21	    2337	      73	       2	       0
2020_10_22	    2339	      73	       2	       0
2020_10_23	    2341	      73	       2	       0
2020_10_24	    2343	      73	       2	       0
2020_10_25	    2346	      74	       3	       1
2020_10_26	    2348	      74	       2	       0
2020_10_27	    2351	      74	       3	       0
2020_10_28	    2354	      74	       3	       0
2020_10_29	    2357	      74	       3	       0
2020_10_30	    2360	      74	       3	       0
2020_10_31	    2363	      74	       3	       0
2020_11_01	    2366	      74	       3	       0
2020_11_02	    2367	      74	       1	       0
2020_11_03	    2368	      74	       1	       0
2020_11_04	    2369	      74	       1	       0
2020_11_05	    2370	      74	       1	       0
2020_11_06	    2371	      74	       1	       0
2020_11_07	    2372	      74	       1	       0
2020_11_08	    2373	      74	       1	       0
2020_11_09	    2375	      74	       2	       0
2020_11_10	    2377	      74	       2	       0
2020_11_11	    2379	      74	       2	       0
2020_11_12	    2382	      74	       3	       0
2020_11_13	    2384	      74	       2	       0
2020_11_14	    2386	      74	       2	       0
2020_11_15	    2389	      74	       3	       0
2020_11_16	    2391	      74	       2	       0
2020_11_17	    2393	      74	       2	       0
2020_11_18	    2395	      74	       2	       0
2020_11_19	    2398	      74	       3	       0
2020_11_20	    2400	      74	       2	       0
2020_11_21	    2402	      74	       2	       0
2020_11_22	    2405	      74	       3	       0
2020_11_23	    2405	      74	       0	       0
2020_11_24	    2406	      74	       1	       0
2020_11_25	    2407	      74	       1	       0
2020_11_26	    2407	      74	       0	       0
2020_11_27	    2408	      74	       1	       0
2020_11_28	    2409	      74	       1	       0
2020_11_29	    2410	      74	       1	       0
2020_11_30	    2411	      74	       1	       0
2020_12_01	    2412	      74	       1	       0
2020_12_02	    2414	      74	       2	       0
2020_12_03	    2415	      74	       1	       0
2020_12_04	    2417	      74	       2	       0
2020_12_05	    2418	      74	       1	       0
2020_12_06	    2420	      74	       2	       0
2020_12_07	    2422	      74	       2	       0
2020_12_08	    2424	      74	       2	       0
2020_12_09	    2426	      74	       2	       0
2020_12_10	    2428	      74	       2	       0
2020_12_11	    2430	      74	       2	       0
2020_12_12	    2432	      74	       2	       0
2020_12_13	    2435	      75	       3	       1
2020_12_14	    2442	      75	       7	       0
2020_12_15	    2449	      75	       7	       0
2020_12_16	    2456	      75	       7	       0
2020_12_17	    2464	      75	       8	       0
2020_12_18	    2471	      75	       7	       0
2020_12_19	    2478	      75	       7	       0
2020_12_20	    2486	      75	       8	       0
2020_12_21	    2495	      75	       9	       0
2020_12_22	    2504	      75	       9	       0
2020_12_23	    2513	      75	       9	       0
2020_12_24	    2522	      75	       9	       0
2020_12_25	    2531	      75	       9	       0
2020_12_26	    2540	      75	       9	       0
2020_12_27	    2549	      76	       9	       1
2020_12_28	    2550	      76	       1	       0
2020_12_29	    2552	      76	       2	       0
2020_12_30	    2553	      76	       1	       0
2020_12_31	    2555	      76	       2	       0
2021_01_01	    2556	      76	       1	       0
2021_01_02	    2558	      76	       2	       0
2021_01_03	    2560	      76	       2	       0
2021_01_04	    2594	      76	      34	       0
2021_01_05	    2629	      76	      35	       0
2021_01_06	    2664	      76	      35	       0
2021_01_07	    2698	      76	      34	       0
2021_01_08	    2733	      76	      35	       0
2021_01_09	    2768	      76	      35	       0
2021_01_10	    2803	      77	      35	       1
2021_01_11	    2826	      77	      23	       0
2021_01_12	    2850	      77	      24	       0
2021_01_13	    2874	      77	      24	       0
2021_01_14	    2898	      77	      24	       0
2021_01_15	    2922	      77	      24	       0
2021_01_16	    2946	      77	      24	       0
2021_01_17	    2970	      77	      24	       0
2021_01_18	    2991	      77	      21	       0
2021_01_19	    3012	      77	      21	       0
2021_01_20	    3034	      77	      22	       0
2021_01_21	    3055	      77	      21	       0
2021_01_22	    3077	      77	      22	       0
2021_01_23	    3098	      77	      21	       0
2021_01_24	    3120	      77	      22	       0
2021_01_25	    3178	      77	      58	       0
2021_01_26	    3236	      77	      58	       0
2021_01_27	    3294	      77	      58	       0
2021_01_28	    3353	      78	      59	       1
2021_01_29	    3411	      78	      58	       0
2021_01_30	    3469	      78	      58	       0
2021_01_31	    3528	      79	      59	       1
2021_02_01	    3561	      79	      33	       0
2021_02_02	    3594	      79	      33	       0
2021_02_03	    3627	      79	      33	       0
2021_02_04	    3660	      79	      33	       0
2021_02_05	    3693	      79	      33	       0
2021_02_06	    3726	      79	      33	       0
2021_02_07	    3759	      79	      33	       0
2021_02_08	    3767	      79	       8	       0
2021_02_09	    3776	      79	       9	       0
2021_02_10	    3785	      79	       9	       0
2021_02_11	    3794	      79	       9	       0
2021_02_12	    3803	      79	       9	       0
2021_02_13	    3812	      79	       9	       0
2021_02_14	    3821	      79	       9	       0
2021_02_15	    3825	      79	       4	       0
2021_02_16	    3829	      79	       4	       0
2021_02_17	    3833	      79	       4	       0
2021_02_18	    3837	      79	       4	       0
2021_02_19	    3841	      79	       4	       0
2021_02_20	    3845	      79	       4	       0
2021_02_21	    3849	      79	       4	       0
2021_02_22	    3854	      79	       5	       0
2021_02_23	    3859	      79	       5	       0
2021_02_24	    3865	      79	       6	       0
2021_02_25	    3870	      79	       5	       0
2021_02_26	    3876	      79	       6	       0
2021_02_27	    3881	      79	       5	       0
2021_02_28	    3887	      79	       6	       0
2021_03_01	    3891	      79	       4	       0
2021_03_02	    3895	      79	       4	       0
2021_03_03	    3900	      79	       5	       0
2021_03_04	    3904	      79	       4	       0
2021_03_05	    3909	      79	       5	       0
2021_03_06	    3913	      79	       4	       0
2021_03_07	    3918	      79	       5	       0
2021_03_08	    3920	      79	       2	       0
2021_03_09	    3923	      79	       3	       0
2021_03_10	    3926	      79	       3	       0
2021_03_11	    3928	      79	       2	       0
2021_03_12	    3931	      79	       3	       0
2021_03_13	    3934	      79	       3	       0
2021_03_14	    3937	      79	       3	       0
2021_03_15	    3938	      79	       1	       0
2021_03_16	    3940	      79	       2	       0
2021_03_17	    3941	      79	       1	       0
2021_03_18	    3943	      79	       2	       0
2021_03_19	    3944	      79	       1	       0
2021_03_20	    3946	      79	       2	       0
2021_03_21	    3948	      79	       2	       0
2021_03_22	    3950	      79	       2	       0
2021_03_23	    3952	      79	       2	       0
2021_03_24	    3954	      79	       2	       0
2021_03_25	    3956	      79	       2	       0
2021_03_26	    3958	      79	       2	       0
2021_03_27	    3960	      79	       2	       0
2021_03_28	    3962	      79	       2	       0
2021_03_29	    3965	      79	       3	       0
2021_03_30	    3969	      79	       4	       0
2021_03_31	    3972	      79	       3	       0
2021_04_01	    3976	      79	       4	       0
2021_04_02	    3979	      79	       3	       0
2021_04_03	    3983	      79	       4	       0
2021_04_04	    3987	      79	       4	       0
2021_04_05	    3987	      79	       0	       0
2021_04_06	    3988	      79	       1	       0
2021_04_07	    3989	      79	       1	       0
2021_04_08	    3990	      79	       1	       0
2021_04_09	    3991	      79	       1	       0
2021_04_10	    3992	      79	       1	       0
2021_04_11	    3993	      79	       1	       0
2021_04_12	    3996	      79	       3	       0
2021_04_13	    4000	      79	       4	       0
2021_04_14	    4004	      79	       4	       0
2021_04_15	    4008	      79	       4	       0
2021_04_16	    4012	      79	       4	       0
2021_04_17	    4016	      79	       4	       0
2021_04_18	    4020	      79	       4	       0
2021_04_19	    4023	      79	       3	       0
2021_04_20	    4026	      79	       3	       0
2021_04_21	    4030	      79	       4	       0
2021_04_22	    4033	      79	       3	       0
2021_04_23	    4037	      79	       4	       0
2021_04_24	    4040	      79	       3	       0
2021_04_25	    4044	      79	       4	       0
2021_04_26	    4045	      79	       1	       0
2021_04_27	    4047	      79	       2	       0
2021_04_28	    4049	      79	       2	       0
2021_04_29	    4051	      79	       2	       0
2021_04_30	    4053	      79	       2	       0
2021_05_01	    4055	      79	       2	       0
2021_05_02	    4057	      79	       2	       0
2021_05_03	    4058	      79	       1	       0
2021_05_04	    4060	      79	       2	       0
2021_05_05	    4061	      79	       1	       0
2021_05_06	    4063	      79	       2	       0
2021_05_07	    4064	      79	       1	       0
2021_05_08	    4066	      79	       2	       0
2021_05_09	    4068	      79	       2	       0
2021_05_10	    4073	      79	       5	       0
2021_05_11	    4078	      79	       5	       0
2021_05_12	    4083	      79	       5	       0
2021_05_13	    4088	      79	       5	       0
2021_05_14	    4093	      79	       5	       0
2021_05_15	    4098	      79	       5	       0
2021_05_16	    4103	      79	       5	       0
2021_05_17	    4105	      79	       2	       0
2021_05_18	    4107	      79	       2	       0
2021_05_19	    4109	      79	       2	       0
2021_05_20	    4111	      79	       2	       0
2021_05_21	    4113	      79	       2	       0
2021_05_22	    4115	      79	       2	       0
2021_05_23	    4117	      79	       2	       0
2021_05_24	    4120	      79	       3	       0
2021_05_25	    4123	      79	       3	       0
2021_05_26	    4126	      79	       3	       0
2021_05_27	    4130	      79	       4	       0
2021_05_28	    4133	      79	       3	       0
2021_05_29	    4136	      79	       3	       0
2021_05_30	    4140	      79	       4	       0
2021_05_31	    4144	      79	       4	       0
2021_06_01	    4148	      79	       4	       0
2021_06_02	    4152	      79	       4	       0
2021_06_03	    4156	      79	       4	       0
2021_06_04	    4160	      79	       4	       0
2021_06_05	    4164	      79	       4	       0
2021_06_06	    4168	      79	       4	       0
2021_06_07	    4188	      79	      20	       0
2021_06_08	    4209	      79	      21	       0
2021_06_09	    4229	      80	      20	       1
2021_06_10	    4250	      80	      21	       0
2021_06_11	    4270	      81	      20	       1
2021_06_12	    4291	      81	      21	       0
2021_06_13	    4312	      82	      21	       1
