#
# COVID-19 Country file (official WHO count)
# Country = Slovakia
# Latitude = 48.0
# Population = 5451.400
# Territory = 49037.0
# LEB = 77.5
# DPA = 54000
# DPA65 = 40500
# GDP = 18847.0
# GDP_PPP = 35660.0
# COVID-19 Mortality = 2281.8
# First_Case = 2020_03_07
# Last_Case = 2021_06_13
# First_Death = 2020_04_07
# Last_Death = 2021_06_13
# Status as of 2021_06_13 = Clusters of cases
# Vaccine type = Pfizer/BioNTech
# Vaccine start = 2021_01_04
#
Date	Conf_Cases	Conf_Deaths	Daily_Cases	Daily_Deaths
2020_03_07	       1	       0	       1	       0
2020_03_08	       3	       0	       2	       0
2020_03_09	       5	       0	       2	       0
2020_03_10	       7	       0	       2	       0
2020_03_11	       7	       0	       0	       0
2020_03_12	      10	       0	       3	       0
2020_03_13	      21	       0	      11	       0
2020_03_14	      30	       0	       9	       0
2020_03_15	      44	       0	      14	       0
2020_03_16	      61	       0	      17	       0
2020_03_17	      72	       0	      11	       0
2020_03_18	      97	       0	      25	       0
2020_03_19	     105	       0	       8	       0
2020_03_20	     123	       0	      18	       0
2020_03_21	     137	       0	      14	       0
2020_03_22	     178	       0	      41	       0
2020_03_23	     185	       0	       7	       0
2020_03_24	     191	       0	       6	       0
2020_03_25	     204	       0	      13	       0
2020_03_26	     216	       0	      12	       0
2020_03_27	     226	       0	      10	       0
2020_03_28	     295	       0	      69	       0
2020_03_29	     295	       0	       0	       0
2020_03_30	     336	       0	      41	       0
2020_03_31	     336	       0	       0	       0
2020_04_01	     363	       0	      27	       0
2020_04_02	     400	       0	      37	       0
2020_04_03	     426	       0	      26	       0
2020_04_04	     450	       0	      24	       0
2020_04_05	     471	       0	      21	       0
2020_04_06	     485	       0	      14	       0
2020_04_07	     534	       2	      49	       2
2020_04_08	     598	       2	      64	       0
2020_04_09	     682	       2	      84	       0
2020_04_10	     701	       2	      19	       0
2020_04_11	     715	       2	      14	       0
2020_04_12	     728	       2	      13	       0
2020_04_13	     742	       2	      14	       0
2020_04_14	     769	       2	      27	       0
2020_04_15	     835	       2	      66	       0
2020_04_16	     863	       6	      28	       4
2020_04_17	     977	       8	     114	       2
2020_04_18	    1049	       9	      72	       1
2020_04_19	    1089	      11	      40	       2
2020_04_20	    1161	      12	      72	       1
2020_04_21	    1173	      13	      12	       1
2020_04_22	    1199	      14	      26	       1
2020_04_23	    1244	      14	      45	       0
2020_04_24	    1325	      15	      81	       1
2020_04_25	    1360	      17	      35	       2
2020_04_26	    1373	      17	      13	       0
2020_04_27	    1379	      18	       6	       1
2020_04_28	    1381	      18	       2	       0
2020_04_29	    1384	      20	       3	       2
2020_04_30	    1391	      22	       7	       2
2020_05_01	    1396	      23	       5	       1
2020_05_02	    1403	      23	       7	       0
2020_05_03	    1407	      24	       4	       1
2020_05_04	    1408	      24	       1	       0
2020_05_05	    1413	      25	       5	       1
2020_05_06	    1421	      25	       8	       0
2020_05_07	    1429	      25	       8	       0
2020_05_08	    1445	      26	      16	       1
2020_05_09	    1455	      26	      10	       0
2020_05_10	    1455	      26	       0	       0
2020_05_11	    1457	      26	       2	       0
2020_05_12	    1457	      26	       0	       0
2020_05_13	    1465	      27	       8	       1
2020_05_14	    1469	      27	       4	       0
2020_05_15	    1477	      27	       8	       0
2020_05_16	    1480	      27	       3	       0
2020_05_17	    1493	      28	      13	       1
2020_05_18	    1494	      28	       1	       0
2020_05_19	    1495	      28	       1	       0
2020_05_20	    1495	      28	       0	       0
2020_05_21	    1496	      28	       1	       0
2020_05_22	    1502	      28	       6	       0
2020_05_23	    1503	      28	       1	       0
2020_05_24	    1504	      28	       1	       0
2020_05_25	    1509	      28	       5	       0
2020_05_26	    1511	      28	       2	       0
2020_05_27	    1513	      28	       2	       0
2020_05_28	    1515	      28	       2	       0
2020_05_29	    1520	      28	       5	       0
2020_05_30	    1520	      28	       0	       0
2020_05_31	    1521	      28	       1	       0
2020_06_01	    1522	      28	       1	       0
2020_06_02	    1522	      28	       0	       0
2020_06_03	    1522	      28	       0	       0
2020_06_04	    1525	      28	       3	       0
2020_06_05	    1526	      28	       1	       0
2020_06_06	    1526	      28	       0	       0
2020_06_07	    1528	      28	       2	       0
2020_06_08	    1528	      28	       0	       0
2020_06_09	    1530	      28	       2	       0
2020_06_10	    1531	      28	       1	       0
2020_06_11	    1533	      28	       2	       0
2020_06_12	    1541	      28	       8	       0
2020_06_13	    1542	      28	       1	       0
2020_06_14	    1545	      28	       3	       0
2020_06_15	    1548	      28	       3	       0
2020_06_16	    1552	      28	       4	       0
2020_06_17	    1552	      28	       0	       0
2020_06_18	    1561	      28	       9	       0
2020_06_19	    1562	      28	       1	       0
2020_06_20	    1576	      28	      14	       0
2020_06_21	    1586	      28	      10	       0
2020_06_22	    1587	      28	       1	       0
2020_06_23	    1588	      28	       1	       0
2020_06_24	    1589	      28	       1	       0
2020_06_25	    1607	      28	      18	       0
2020_06_26	    1630	      28	      23	       0
2020_06_27	    1643	      28	      13	       0
2020_06_28	    1657	      28	      14	       0
2020_06_29	    1664	      28	       7	       0
2020_06_30	    1665	      28	       1	       0
2020_07_01	    1667	      28	       2	       0
2020_07_02	    1687	      28	      20	       0
2020_07_03	    1700	      28	      13	       0
2020_07_04	    1720	      28	      20	       0
2020_07_05	    1749	      28	      29	       0
2020_07_06	    1764	      28	      15	       0
2020_07_07	    1765	      28	       1	       0
2020_07_08	    1767	      28	       2	       0
2020_07_09	    1798	      28	      31	       0
2020_07_10	    1851	      28	      53	       0
2020_07_11	    1870	      28	      19	       0
2020_07_12	    1893	      28	      23	       0
2020_07_13	    1901	      28	       8	       0
2020_07_14	    1902	      28	       1	       0
2020_07_15	    1908	      28	       6	       0
2020_07_16	    1927	      28	      19	       0
2020_07_17	    1951	      28	      24	       0
2020_07_18	    1965	      28	      14	       0
2020_07_19	    1976	      28	      11	       0
2020_07_20	    1979	      28	       3	       0
2020_07_21	    1980	      28	       1	       0
2020_07_22	    2021	      28	      41	       0
2020_07_23	    2058	      28	      37	       0
2020_07_24	    2089	      28	      31	       0
2020_07_25	    2118	      28	      29	       0
2020_07_26	    2118	      28	       0	       0
2020_07_27	    2179	      28	      61	       0
2020_07_28	    2181	      28	       2	       0
2020_07_29	    2204	      28	      23	       0
2020_07_30	    2245	      28	      41	       0
2020_07_31	    2265	      28	      20	       0
2020_08_01	    2292	      29	      27	       1
2020_08_02	    2337	      29	      45	       0
2020_08_03	    2344	      29	       7	       0
2020_08_04	    2354	      29	      10	       0
2020_08_05	    2368	      29	      14	       0
2020_08_06	    2417	      29	      49	       0
2020_08_07	    2480	      29	      63	       0
2020_08_08	    2523	      31	      43	       2
2020_08_09	    2566	      31	      43	       0
2020_08_10	    2596	      31	      30	       0
2020_08_11	    2599	      31	       3	       0
2020_08_12	    2615	      31	      16	       0
2020_08_13	    2690	      31	      75	       0
2020_08_14	    2739	      31	      49	       0
2020_08_15	    2801	      31	      62	       0
2020_08_16	    2855	      31	      54	       0
2020_08_17	    2920	      31	      65	       0
2020_08_18	    2986	      31	      66	       0
2020_08_19	    3052	      31	      66	       0
2020_08_20	    3118	      32	      66	       1
2020_08_21	    3184	      32	      66	       0
2020_08_22	    3250	      32	      66	       0
2020_08_23	    3316	      33	      66	       1
2020_08_24	    3391	      33	      75	       0
2020_08_25	    3466	      33	      75	       0
2020_08_26	    3541	      33	      75	       0
2020_08_27	    3616	      33	      75	       0
2020_08_28	    3691	      33	      75	       0
2020_08_29	    3766	      33	      75	       0
2020_08_30	    3842	      33	      76	       0
2020_08_31	    3939	      33	      97	       0
2020_09_01	    4037	      34	      98	       1
2020_09_02	    4135	      34	      98	       0
2020_09_03	    4232	      35	      97	       1
2020_09_04	    4330	      35	      98	       0
2020_09_05	    4428	      36	      98	       1
2020_09_06	    4526	      37	      98	       1
2020_09_07	    4658	      37	     132	       0
2020_09_08	    4790	      37	     132	       0
2020_09_09	    4923	      37	     133	       0
2020_09_10	    5055	      37	     132	       0
2020_09_11	    5188	      37	     133	       0
2020_09_12	    5320	      37	     132	       0
2020_09_13	    5453	      38	     133	       1
2020_09_14	    5609	      38	     156	       0
2020_09_15	    5765	      38	     156	       0
2020_09_16	    5921	      38	     156	       0
2020_09_17	    6077	      38	     156	       0
2020_09_18	    6233	      38	     156	       0
2020_09_19	    6389	      38	     156	       0
2020_09_20	    6546	      39	     157	       1
2020_09_21	    6839	      39	     293	       0
2020_09_22	    7132	      40	     293	       1
2020_09_23	    7426	      41	     294	       1
2020_09_24	    7719	      41	     293	       0
2020_09_25	    8013	      42	     294	       1
2020_09_26	    8306	      43	     293	       1
2020_09_27	    8600	      44	     294	       1
2020_09_28	    9131	      45	     531	       1
2020_09_29	    9663	      46	     532	       1
2020_09_30	   10194	      48	     531	       2
2020_10_01	   10726	      49	     532	       1
2020_10_02	   11257	      51	     531	       2
2020_10_03	   11789	      52	     532	       1
2020_10_04	   12321	      54	     532	       2
2020_10_05	   13246	      55	     925	       1
2020_10_06	   14171	      56	     925	       1
2020_10_07	   15096	      57	     925	       1
2020_10_08	   16021	      58	     925	       1
2020_10_09	   16946	      59	     925	       1
2020_10_10	   17871	      60	     925	       1
2020_10_11	   18797	      61	     926	       1
2020_10_12	   20373	      64	    1576	       3
2020_10_13	   21950	      68	    1577	       4
2020_10_14	   23527	      72	    1577	       4
2020_10_15	   25104	      76	    1577	       4
2020_10_16	   26681	      80	    1577	       4
2020_10_17	   28258	      84	    1577	       4
2020_10_18	   29835	      88	    1577	       4
2020_10_19	   32023	      99	    2188	      11
2020_10_20	   34212	     110	    2189	      11
2020_10_21	   36400	     121	    2188	      11
2020_10_22	   38589	     132	    2189	      11
2020_10_23	   40777	     143	    2188	      11
2020_10_24	   42966	     154	    2189	      11
2020_10_25	   45155	     165	    2189	      11
2020_10_26	   46942	     172	    1787	       7
2020_10_27	   48729	     180	    1787	       8
2020_10_28	   50516	     188	    1787	       8
2020_10_29	   52303	     195	    1787	       7
2020_10_30	   54090	     203	    1787	       8
2020_10_31	   55877	     211	    1787	       8
2020_11_01	   57664	     219	    1787	       8
2020_11_02	   59950	     237	    2286	      18
2020_11_03	   62236	     256	    2286	      19
2020_11_04	   64522	     275	    2286	      19
2020_11_05	   66808	     294	    2286	      19
2020_11_06	   69094	     313	    2286	      19
2020_11_07	   71380	     332	    2286	      19
2020_11_08	   73667	     351	    2287	      19
2020_11_09	   75367	     373	    1700	      22
2020_11_10	   77067	     396	    1700	      23
2020_11_11	   78767	     419	    1700	      23
2020_11_12	   80467	     441	    1700	      22
2020_11_13	   82167	     464	    1700	      23
2020_11_14	   83867	     487	    1700	      23
2020_11_15	   85567	     510	    1700	      23
2020_11_16	   86951	     529	    1384	      19
2020_11_17	   88335	     548	    1384	      19
2020_11_18	   89719	     567	    1384	      19
2020_11_19	   91104	     586	    1385	      19
2020_11_20	   92488	     605	    1384	      19
2020_11_21	   93872	     624	    1384	      19
2020_11_22	   95257	     644	    1385	      20
2020_11_23	   96596	     666	    1339	      22
2020_11_24	   97935	     688	    1339	      22
2020_11_25	   99274	     710	    1339	      22
2020_11_26	  100614	     732	    1340	      22
2020_11_27	  101953	     754	    1339	      22
2020_11_28	  103292	     776	    1339	      22
2020_11_29	  104632	     798	    1340	      22
2020_11_30	  106179	     824	    1547	      26
2020_12_01	  107726	     850	    1547	      26
2020_12_02	  109273	     876	    1547	      26
2020_12_03	  110820	     902	    1547	      26
2020_12_04	  112367	     928	    1547	      26
2020_12_05	  113914	     954	    1547	      26
2020_12_06	  115462	     981	    1548	      27
2020_12_07	  117965	    1008	    2503	      27
2020_12_08	  120468	    1036	    2503	      28
2020_12_09	  122971	    1064	    2503	      28
2020_12_10	  125474	    1091	    2503	      27
2020_12_11	  127977	    1119	    2503	      28
2020_12_12	  130480	    1147	    2503	      28
2020_12_13	  132984	    1175	    2504	      28
2020_12_14	  135605	    1229	    2621	      54
2020_12_15	  138227	    1283	    2622	      54
2020_12_16	  140849	    1337	    2622	      54
2020_12_17	  143470	    1392	    2621	      55
2020_12_18	  146092	    1446	    2622	      54
2020_12_19	  148714	    1500	    2622	      54
2020_12_20	  151336	    1555	    2622	      55
2020_12_21	  153648	    1586	    2312	      31
2020_12_22	  155960	    1617	    2312	      31
2020_12_23	  158273	    1648	    2313	      31
2020_12_24	  160585	    1679	    2312	      31
2020_12_25	  162898	    1710	    2313	      31
2020_12_26	  165210	    1741	    2312	      31
2020_12_27	  167523	    1773	    2313	      32
2020_12_28	  170371	    1850	    2848	      77
2020_12_29	  173220	    1928	    2849	      78
2020_12_30	  176068	    2006	    2848	      78
2020_12_31	  178917	    2083	    2849	      77
2021_01_01	  181765	    2161	    2848	      78
2021_01_02	  184614	    2239	    2849	      78
2021_01_03	  187463	    2317	    2849	      78
2021_01_04	  190426	    2402	    2963	      85
2021_01_05	  193390	    2488	    2964	      86
2021_01_06	  196354	    2574	    2964	      86
2021_01_07	  199317	    2660	    2963	      86
2021_01_08	  202281	    2746	    2964	      86
2021_01_09	  205245	    2832	    2964	      86
2021_01_10	  208209	    2918	    2964	      86
2021_01_11	  210368	    2997	    2159	      79
2021_01_12	  212527	    3076	    2159	      79
2021_01_13	  214687	    3156	    2160	      80
2021_01_14	  216846	    3235	    2159	      79
2021_01_15	  219006	    3315	    2160	      80
2021_01_16	  221165	    3394	    2159	      79
2021_01_17	  223325	    3474	    2160	      80
2021_01_18	  225203	    3558	    1878	      84
2021_01_19	  227082	    3643	    1879	      85
2021_01_20	  228961	    3728	    1879	      85
2021_01_21	  230839	    3813	    1878	      85
2021_01_22	  232718	    3898	    1879	      85
2021_01_23	  234597	    3983	    1879	      85
2021_01_24	  236476	    4068	    1879	      85
2021_01_25	  238395	    4150	    1919	      82
2021_01_26	  240315	    4232	    1920	      82
2021_01_27	  242234	    4314	    1919	      82
2021_01_28	  244154	    4396	    1920	      82
2021_01_29	  246073	    4478	    1919	      82
2021_01_30	  247993	    4560	    1920	      82
2021_01_31	  249913	    4642	    1920	      82
2021_02_01	  251829	    4721	    1916	      79
2021_02_02	  253745	    4801	    1916	      80
2021_02_03	  255661	    4880	    1916	      79
2021_02_04	  257577	    4960	    1916	      80
2021_02_05	  259493	    5039	    1916	      79
2021_02_06	  261409	    5119	    1916	      80
2021_02_07	  263326	    5199	    1917	      80
2021_02_08	  265170	    5286	    1844	      87
2021_02_09	  267014	    5374	    1844	      88
2021_02_10	  268858	    5461	    1844	      87
2021_02_11	  270702	    5549	    1844	      88
2021_02_12	  272546	    5636	    1844	      87
2021_02_13	  274390	    5724	    1844	      88
2021_02_14	  276234	    5812	    1844	      88
2021_02_15	  278506	    5911	    2272	      99
2021_02_16	  280779	    6010	    2273	      99
2021_02_17	  283052	    6109	    2273	      99
2021_02_18	  285324	    6208	    2272	      99
2021_02_19	  287597	    6307	    2273	      99
2021_02_20	  289870	    6406	    2273	      99
2021_02_21	  292143	    6505	    2273	      99
2021_02_22	  294420	    6602	    2277	      97
2021_02_23	  296697	    6700	    2277	      98
2021_02_24	  298974	    6798	    2277	      98
2021_02_25	  301251	    6895	    2277	      97
2021_02_26	  303528	    6993	    2277	      98
2021_02_27	  305805	    7091	    2277	      98
2021_02_28	  308083	    7189	    2278	      98
2021_03_01	  310269	    7281	    2186	      92
2021_03_02	  312456	    7373	    2187	      92
2021_03_03	  314643	    7466	    2187	      93
2021_03_04	  316829	    7558	    2186	      92
2021_03_05	  319016	    7651	    2187	      93
2021_03_06	  321203	    7743	    2187	      92
2021_03_07	  323390	    7836	    2187	      93
2021_03_08	  325406	    7934	    2016	      98
2021_03_09	  327422	    8033	    2016	      99
2021_03_10	  329438	    8132	    2016	      99
2021_03_11	  331454	    8231	    2016	      99
2021_03_12	  333470	    8330	    2016	      99
2021_03_13	  335486	    8429	    2016	      99
2021_03_14	  337503	    8528	    2017	      99
2021_03_15	  339126	    8601	    1623	      73
2021_03_16	  340750	    8675	    1624	      74
2021_03_17	  342374	    8749	    1624	      74
2021_03_18	  343997	    8822	    1623	      73
2021_03_19	  345621	    8896	    1624	      74
2021_03_20	  347245	    8970	    1624	      74
2021_03_21	  348869	    9044	    1624	      74
2021_03_22	  350160	    9108	    1291	      64
2021_03_23	  351452	    9173	    1292	      65
2021_03_24	  352743	    9237	    1291	      64
2021_03_25	  354035	    9302	    1292	      65
2021_03_26	  355326	    9366	    1291	      64
2021_03_27	  356618	    9431	    1292	      65
2021_03_28	  357910	    9496	    1292	      65
2021_03_29	  358957	    9571	    1047	      75
2021_03_30	  360004	    9647	    1047	      76
2021_03_31	  361052	    9722	    1048	      75
2021_04_01	  362099	    9798	    1047	      76
2021_04_02	  363147	    9873	    1048	      75
2021_04_03	  364194	    9949	    1047	      76
2021_04_04	  365242	   10025	    1048	      76
2021_04_05	  366073	   10102	     831	      77
2021_04_06	  366904	   10179	     831	      77
2021_04_07	  367736	   10256	     832	      77
2021_04_08	  368567	   10333	     831	      77
2021_04_09	  369399	   10410	     832	      77
2021_04_10	  370230	   10487	     831	      77
2021_04_11	  371062	   10565	     832	      78
2021_04_12	  371763	   10642	     701	      77
2021_04_13	  372465	   10719	     702	      77
2021_04_14	  373167	   10796	     702	      77
2021_04_15	  373868	   10874	     701	      78
2021_04_16	  374570	   10951	     702	      77
2021_04_17	  375272	   11028	     702	      77
2021_04_18	  375974	   11106	     702	      78
2021_04_19	  376536	   11161	     562	      55
2021_04_20	  377098	   11217	     562	      56
2021_04_21	  377661	   11272	     563	      55
2021_04_22	  378223	   11328	     562	      56
2021_04_23	  378786	   11383	     563	      55
2021_04_24	  379348	   11439	     562	      56
2021_04_25	  379911	   11495	     563	      56
2021_04_26	  380366	   11533	     455	      38
2021_04_27	  380821	   11572	     455	      39
2021_04_28	  381276	   11611	     455	      39
2021_04_29	  381732	   11649	     456	      38
2021_04_30	  382187	   11688	     455	      39
2021_05_01	  382642	   11727	     455	      39
2021_05_02	  383098	   11766	     456	      39
2021_05_03	  383437	   11802	     339	      36
2021_05_04	  383777	   11838	     340	      36
2021_05_05	  384116	   11874	     339	      36
2021_05_06	  384456	   11910	     340	      36
2021_05_07	  384795	   11946	     339	      36
2021_05_08	  385135	   11982	     340	      36
2021_05_09	  385475	   12019	     340	      37
2021_05_10	  385767	   12048	     292	      29
2021_05_11	  386060	   12077	     293	      29
2021_05_12	  386352	   12106	     292	      29
2021_05_13	  386645	   12136	     293	      30
2021_05_14	  386937	   12165	     292	      29
2021_05_15	  387230	   12194	     293	      29
2021_05_16	  387523	   12224	     293	      30
2021_05_17	  387710	   12233	     187	       9
2021_05_18	  387897	   12243	     187	      10
2021_05_19	  388085	   12253	     188	      10
2021_05_20	  388272	   12262	     187	       9
2021_05_21	  388460	   12272	     188	      10
2021_05_22	  388647	   12282	     187	      10
2021_05_23	  388835	   12292	     188	      10
2021_05_24	  388957	   12298	     122	       6
2021_05_25	  389079	   12305	     122	       7
2021_05_26	  389201	   12312	     122	       7
2021_05_27	  389323	   12318	     122	       6
2021_05_28	  389445	   12325	     122	       7
2021_05_29	  389567	   12332	     122	       7
2021_05_30	  389690	   12339	     123	       7
2021_05_31	  389796	   12348	     106	       9
2021_06_01	  389903	   12357	     107	       9
2021_06_02	  390009	   12366	     106	       9
2021_06_03	  390116	   12376	     107	      10
2021_06_04	  390222	   12385	     106	       9
2021_06_05	  390329	   12394	     107	       9
2021_06_06	  390436	   12404	     107	      10
2021_06_07	  390520	   12409	      84	       5
2021_06_08	  390604	   12414	      84	       5
2021_06_09	  390688	   12419	      84	       5
2021_06_10	  390773	   12424	      85	       5
2021_06_11	  390857	   12429	      84	       5
2021_06_12	  390941	   12434	      84	       5
2021_06_13	  391026	   12439	      85	       5
