#
# COVID-19 Country file (official WHO count)
# Country = Small_Countries
# Latitude = 0.0
# Population = 1217.506
# Territory = 2186391.6
# LEB = -864.4
# DPA = -30598
# DPA65 = -31066
# GDP = 47844.7
# GDP_PPP = 44550.9
# COVID-19 Mortality = 506.8
# First_Case = 2020_02_06
# Last_Case = 2021_05_23
# First_Death = 2020_02_20
# Last_Death = 2021_05_23
# Status as of 2021_05_23 = Pending
# Vaccine type = Unknown
# Vaccine start = NA
#
Date	Conf_Cases	Conf_Deaths	Daily_Cases	Daily_Deaths
2020_01_01	       0	       0	       0	       0
2020_01_02	       0	       0	       0	       0
2020_01_03	       0	       0	       0	       0
2020_01_04	       0	       0	       0	       0
2020_01_05	       0	       0	       0	       0
2020_01_06	       0	       0	       0	       0
2020_01_07	       0	       0	       0	       0
2020_01_08	       0	       0	       0	       0
2020_01_09	       0	       0	       0	       0
2020_01_10	       0	       0	       0	       0
2020_01_11	       0	       0	       0	       0
2020_01_12	       0	       0	       0	       0
2020_01_13	       0	       0	       0	       0
2020_01_14	       0	       0	       0	       0
2020_01_15	       0	       0	       0	       0
2020_01_16	       0	       0	       0	       0
2020_01_17	       0	       0	       0	       0
2020_01_18	       0	       0	       0	       0
2020_01_19	       0	       0	       0	       0
2020_01_20	       0	       0	       0	       0
2020_01_21	       0	       0	       0	       0
2020_01_22	       0	       0	       0	       0
2020_01_23	       0	       0	       0	       0
2020_01_24	       0	       0	       0	       0
2020_01_25	       0	       0	       0	       0
2020_01_26	       0	       0	       0	       0
2020_01_27	       0	       0	       0	       0
2020_01_28	       0	       0	       0	       0
2020_01_29	       0	       0	       0	       0
2020_01_30	       0	       0	       0	       0
2020_01_31	       0	       0	       0	       0
2020_02_01	       0	       0	       0	       0
2020_02_02	       0	       0	       0	       0
2020_02_03	       0	       0	       0	       0
2020_02_04	       0	       0	       0	       0
2020_02_05	       0	       0	       0	       0
2020_02_06	      20	       0	      20	       0
2020_02_07	      61	       0	      41	       0
2020_02_08	      64	       0	       3	       0
2020_02_09	      64	       0	       0	       0
2020_02_10	      70	       0	       6	       0
2020_02_11	     135	       0	      65	       0
2020_02_12	     175	       0	      40	       0
2020_02_13	     174	       0	      -1	       0
2020_02_14	     218	       0	      44	       0
2020_02_15	     218	       0	       0	       0
2020_02_16	     355	       0	     137	       0
2020_02_17	     454	       0	      99	       0
2020_02_18	     454	       0	       0	       0
2020_02_19	     542	       0	      88	       0
2020_02_20	     621	       2	      79	       2
2020_02_21	     634	       2	      13	       0
2020_02_22	     634	       2	       0	       0
2020_02_23	     634	       2	       0	       0
2020_02_24	     695	       3	      61	       1
2020_02_25	     691	       3	      -4	       0
2020_02_26	     691	       3	       0	       0
2020_02_27	     705	       4	      14	       1
2020_02_28	     705	       4	       0	       0
2020_02_29	     706	       6	       1	       2
2020_03_01	     707	       6	       1	       0
2020_03_02	     708	       6	       1	       0
2020_03_03	     716	       6	       8	       0
2020_03_04	     716	       6	       0	       0
2020_03_05	     729	       6	      13	       0
2020_03_06	     724	       6	      -5	       0
2020_03_07	     728	       6	       4	       0
2020_03_08	     732	       8	       4	       2
2020_03_09	     743	       8	      11	       0
2020_03_10	     756	       9	      13	       1
2020_03_11	     770	       9	      14	       0
2020_03_12	     770	       9	       0	       0
2020_03_13	     773	       9	       3	       0
2020_03_14	     781	       9	       8	       0
2020_03_15	     813	      12	      32	       3
2020_03_16	     844	      13	      31	       1
2020_03_17	     906	      17	      62	       4
2020_03_18	     910	      19	       4	       2
2020_03_19	     979	      22	      69	       3
2020_03_20	    1053	      22	      74	       0
2020_03_21	    1099	      22	      46	       0
2020_03_22	    1134	      28	      35	       6
2020_03_23	    1219	      28	      85	       0
2020_03_24	    1337	      29	     118	       1
2020_03_25	    1380	      30	      43	       1
2020_03_26	    1477	      32	      97	       2
2020_03_27	    1540	      32	      63	       0
2020_03_28	    1659	      32	     119	       0
2020_03_29	    1715	      34	      56	       2
2020_03_30	    1793	      38	      78	       4
2020_03_31	    1866	      42	      73	       4
2020_04_01	    1923	      49	      57	       7
2020_04_02	    1983	      56	      60	       7
2020_04_03	    2087	      63	     104	       7
2020_04_04	    2207	      69	     120	       6
2020_04_05	    2283	      71	      76	       2
2020_04_06	    2388	      73	     105	       2
2020_04_07	    2444	      81	      56	       8
2020_04_08	    2515	      90	      71	       9
2020_04_09	    2590	      93	      75	       3
2020_04_10	    2683	      96	      93	       3
2020_04_11	    2750	      98	      67	       2
2020_04_12	    2807	     102	      57	       4
2020_04_13	    2883	     103	      76	       1
2020_04_14	    2971	     105	      88	       2
2020_04_15	    3009	     108	      38	       3
2020_04_16	    3063	     111	      54	       3
2020_04_17	    3163	     119	     100	       8
2020_04_18	    3221	     121	      58	       2
2020_04_19	    3258	     122	      37	       1
2020_04_20	    3298	     124	      40	       2
2020_04_21	    3275	     125	     -23	       1
2020_04_22	    3310	     134	      35	       9
2020_04_23	    3342	     135	      32	       1
2020_04_24	    3365	     143	      23	       8
2020_04_25	    3387	     146	      22	       3
2020_04_26	    3402	     150	      15	       4
2020_04_27	    3445	     153	      43	       3
2020_04_28	    3457	     155	      12	       2
2020_04_29	    3480	     158	      23	       3
2020_04_30	    3495	     159	      15	       1
2020_05_01	    3502	     161	       7	       2
2020_05_02	    3519	     162	      17	       1
2020_05_03	    3526	     164	       7	       2
2020_05_04	    3563	     166	      37	       2
2020_05_05	    3566	     166	       3	       0
2020_05_06	    3579	     168	      13	       2
2020_05_07	    3605	     169	      26	       1
2020_05_08	    3633	     169	      28	       0
2020_05_09	    3639	     169	       6	       0
2020_05_10	    3644	     171	       5	       2
2020_05_11	    3654	     171	      10	       0
2020_05_12	    3667	     171	      13	       0
2020_05_13	    3675	     172	       8	       1
2020_05_14	    3682	     173	       7	       1
2020_05_15	    3683	     173	       1	       0
2020_05_16	    3699	     175	      16	       2
2020_05_17	    3704	     177	       5	       2
2020_05_18	    3721	     177	      17	       0
2020_05_19	    3721	     177	       0	       0
2020_05_20	    3723	     177	       2	       0
2020_05_21	    3743	     177	      20	       0
2020_05_22	    3749	     177	       6	       0
2020_05_23	    3761	     177	      12	       0
2020_05_24	    3775	     178	      14	       1
2020_05_25	    3784	     178	       9	       0
2020_05_26	    3815	     178	      31	       0
2020_05_27	    3820	     178	       5	       0
2020_05_28	    3829	     178	       9	       0
2020_05_29	    3852	     178	      23	       0
2020_05_30	    3854	     178	       2	       0
2020_05_31	    3859	     178	       5	       0
2020_06_01	    3867	     178	       8	       0
2020_06_02	    3869	     178	       2	       0
2020_06_03	    3959	     178	      90	       0
2020_06_04	    3970	     178	      11	       0
2020_06_05	    3987	     178	      17	       0
2020_06_06	    3991	     178	       4	       0
2020_06_07	    3996	     178	       5	       0
2020_06_08	    3998	     178	       2	       0
2020_06_09	    4000	     178	       2	       0
2020_06_10	    4009	     178	       9	       0
2020_06_11	    4014	     178	       5	       0
2020_06_12	    4018	     178	       4	       0
2020_06_13	    4027	     178	       9	       0
2020_06_14	    4029	     178	       2	       0
2020_06_15	    4031	     178	       2	       0
2020_06_16	    4031	     178	       0	       0
2020_06_17	    4033	     179	       2	       1
2020_06_18	    4053	     179	      20	       0
2020_06_19	    4054	     179	       1	       0
2020_06_20	    4058	     179	       4	       0
2020_06_21	    4062	     179	       4	       0
2020_06_22	    4062	     179	       0	       0
2020_06_23	    4064	     179	       2	       0
2020_06_24	    4064	     179	       0	       0
2020_06_25	    4064	     179	       0	       0
2020_06_26	    4071	     179	       7	       0
2020_06_27	    4076	     179	       5	       0
2020_06_28	    4126	     179	      50	       0
2020_06_29	    4134	     179	       8	       0
2020_06_30	    4164	     179	      30	       0
2020_07_01	    4167	     180	       3	       1
2020_07_02	    4169	     180	       2	       0
2020_07_03	    4172	     180	       3	       0
2020_07_04	    4176	     180	       4	       0
2020_07_05	    4178	     180	       2	       0
2020_07_06	    4181	     180	       3	       0
2020_07_07	    4184	     180	       3	       0
2020_07_08	    4196	     180	      12	       0
2020_07_09	    4208	     180	      12	       0
2020_07_10	    4215	     180	       7	       0
2020_07_11	    4229	     180	      14	       0
2020_07_12	    4232	     180	       3	       0
2020_07_13	    4240	     180	       8	       0
2020_07_14	    4244	     180	       4	       0
2020_07_15	    4254	     180	      10	       0
2020_07_16	    4264	     180	      10	       0
2020_07_17	    4283	     180	      19	       0
2020_07_18	    4293	     180	      10	       0
2020_07_19	    4294	     180	       1	       0
2020_07_20	    4299	     180	       5	       0
2020_07_21	    4309	     180	      10	       0
2020_07_22	    4310	     180	       1	       0
2020_07_23	    4318	     180	       8	       0
2020_07_24	    4327	     180	       9	       0
2020_07_25	    4351	     180	      24	       0
2020_07_26	    4351	     180	       0	       0
2020_07_27	    4374	     180	      23	       0
2020_07_28	    4429	     180	      55	       0
2020_07_29	    4441	     180	      12	       0
2020_07_30	    4458	     180	      17	       0
2020_07_31	    4480	     180	      22	       0
2020_08_01	    4494	     194	      14	      14
2020_08_02	    4508	     180	      14	     -14
2020_08_03	    4517	     180	       9	       0
2020_08_04	    4540	     181	      23	       1
2020_08_05	    4551	     181	      11	       0
2020_08_06	    4572	     181	      21	       0
2020_08_07	    4597	     181	      25	       0
2020_08_08	    4699	     181	     102	       0
2020_08_09	    4733	     181	      34	       0
2020_08_10	    4793	     181	      60	       0
2020_08_11	    4858	     182	      65	       1
2020_08_12	    4892	     183	      34	       1
2020_08_13	    4948	     184	      56	       1
2020_08_14	    5073	     184	     125	       0
2020_08_15	    5119	     184	      46	       0
2020_08_16	    5171	     185	      52	       1
2020_08_17	    5213	     185	      42	       0
2020_08_18	    5259	     185	      46	       0
2020_08_19	    5305	     185	      46	       0
2020_08_20	    5352	     185	      47	       0
2020_08_21	    5398	     185	      46	       0
2020_08_22	    5444	     185	      46	       0
2020_08_23	    5499	     185	      55	       0
2020_08_24	    5563	     185	      64	       0
2020_08_25	    5630	     185	      67	       0
2020_08_26	    5698	     185	      68	       0
2020_08_27	    5769	     185	      71	       0
2020_08_28	    5837	     185	      68	       0
2020_08_29	    5904	     185	      67	       0
2020_08_30	    5980	     186	      76	       1
2020_08_31	    6029	     186	      49	       0
2020_09_01	    6081	     186	      52	       0
2020_09_02	    6135	     186	      54	       0
2020_09_03	    6190	     188	      55	       2
2020_09_04	    6244	     188	      54	       0
2020_09_05	    6296	     188	      52	       0
2020_09_06	    6358	     191	      62	       3
2020_09_07	    6394	     191	      36	       0
2020_09_08	    6435	     191	      41	       0
2020_09_09	    6480	     191	      45	       0
2020_09_10	    6521	     191	      41	       0
2020_09_11	    6566	     191	      45	       0
2020_09_12	    6607	     191	      41	       0
2020_09_13	    6661	     191	      54	       0
2020_09_14	    6719	     191	      58	       0
2020_09_15	    6783	     191	      64	       0
2020_09_16	    6846	     191	      63	       0
2020_09_17	    6912	     191	      66	       0
2020_09_18	    6975	     191	      63	       0
2020_09_19	    7039	     191	      64	       0
2020_09_20	    7113	     192	      74	       1
2020_09_21	    7184	     192	      71	       0
2020_09_22	    7265	     192	      81	       0
2020_09_23	    7341	     193	      76	       1
2020_09_24	    7425	     194	      84	       1
2020_09_25	    7501	     195	      76	       1
2020_09_26	    7582	     195	      81	       0
2020_09_27	    7671	     197	      89	       2
2020_09_28	    7740	     197	      69	       0
2020_09_29	    7814	     197	      74	       0
2020_09_30	    7889	     197	      75	       0
2020_10_01	    7962	     197	      73	       0
2020_10_02	    8037	     197	      75	       0
2020_10_03	    8111	     197	      74	       0
2020_10_04	    8194	     198	      83	       1
2020_10_05	    8304	     198	     110	       0
2020_10_06	    8421	     198	     117	       0
2020_10_07	    8539	     198	     118	       0
2020_10_08	    8656	     199	     117	       1
2020_10_09	    8774	     199	     118	       0
2020_10_10	    8891	     199	     117	       0
2020_10_11	    9018	     201	     127	       2
2020_10_12	    9167	     201	     149	       0
2020_10_13	    9321	     202	     154	       1
2020_10_14	    9475	     202	     154	       0
2020_10_15	    9633	     203	     158	       1
2020_10_16	    9787	     203	     154	       0
2020_10_17	    9941	     204	     154	       1
2020_10_18	   10107	     207	     166	       3
2020_10_19	   10306	     208	     199	       1
2020_10_20	   10515	     210	     209	       2
2020_10_21	   10724	     212	     209	       2
2020_10_22	   10929	     214	     205	       2
2020_10_23	   11138	     216	     209	       2
2020_10_24	   11347	     218	     209	       2
2020_10_25	   11563	     220	     216	       2
2020_10_26	   11678	     220	     115	       0
2020_10_27	   11800	     220	     122	       0
2020_10_28	   11921	     221	     121	       1
2020_10_29	   12042	     222	     121	       1
2020_10_30	   12163	     223	     121	       1
2020_10_31	   12285	     223	     122	       0
2020_11_01	   12417	     226	     132	       3
2020_11_02	   12590	     226	     173	       0
2020_11_03	   12771	     226	     181	       0
2020_11_04	   12953	     227	     182	       1
2020_11_05	   13134	     227	     181	       0
2020_11_06	   13316	     228	     182	       1
2020_11_07	   13497	     228	     181	       0
2020_11_08	   13687	     229	     190	       1
2020_11_09	   13835	     229	     148	       0
2020_11_10	   13993	     229	     158	       0
2020_11_11	   14147	     229	     154	       0
2020_11_12	   14308	     229	     161	       0
2020_11_13	   14462	     229	     154	       0
2020_11_14	   14620	     229	     158	       0
2020_11_15	   14786	     233	     166	       4
2020_11_16	   14928	     233	     142	       0
2020_11_17	   15078	     234	     150	       1
2020_11_18	   15230	     234	     152	       0
2020_11_19	   15380	     236	     150	       2
2020_11_20	   15532	     236	     152	       0
2020_11_21	   15682	     237	     150	       1
2020_11_22	   15844	     244	     162	       7
2020_11_23	   15974	     245	     130	       1
2020_11_24	   16112	     246	     138	       1
2020_11_25	   16253	     247	     141	       1
2020_11_26	   16388	     250	     135	       3
2020_11_27	   16529	     251	     141	       1
2020_11_28	   16667	     252	     138	       1
2020_11_29	   16816	     256	     149	       4
2020_11_30	   16956	     256	     140	       0
2020_12_01	   17102	     256	     146	       0
2020_12_02	   17248	     257	     146	       1
2020_12_03	   17395	     258	     147	       1
2020_12_04	   17541	     259	     146	       1
2020_12_05	   17687	     259	     146	       0
2020_12_06	   17843	     262	     156	       3
2020_12_07	   17973	     262	     130	       0
2020_12_08	   18109	     262	     136	       0
2020_12_09	   18252	     263	     143	       1
2020_12_10	   18386	     264	     134	       1
2020_12_11	   18529	     265	     143	       1
2020_12_12	   18665	     265	     136	       0
2020_12_13	   18815	     268	     150	       3
2020_12_14	   18988	     268	     173	       0
2020_12_15	   19171	     270	     183	       2
2020_12_16	   19356	     270	     185	       0
2020_12_17	   19541	     273	     185	       3
2020_12_18	   19726	     273	     185	       0
2020_12_19	   19909	     275	     183	       2
2020_12_20	   20102	     279	     193	       4
2020_12_21	   20295	     279	     193	       0
2020_12_22	   20496	     280	     201	       1
2020_12_23	   20698	     281	     202	       1
2020_12_24	   20901	     283	     203	       2
2020_12_25	   21103	     284	     202	       1
2020_12_26	   21304	     285	     201	       1
2020_12_27	   21514	     288	     210	       3
2020_12_28	   21778	     289	     264	       1
2020_12_29	   22047	     291	     269	       2
2020_12_30	   22321	     292	     274	       1
2020_12_31	   22592	     294	     271	       2
2021_01_01	   22866	     295	     274	       1
2021_01_02	   23135	     297	     269	       2
2021_01_03	   23417	     304	     282	       7
2021_01_04	   23744	     304	     327	       0
2021_01_05	   24079	     306	     335	       2
2021_01_06	   24414	     309	     335	       3
2021_01_07	   24746	     310	     332	       1
2021_01_08	   25081	     313	     335	       3
2021_01_09	   25416	     315	     335	       2
2021_01_10	   25759	     323	     343	       8
2021_01_11	   26034	     325	     275	       2
2021_01_12	   26316	     329	     282	       4
2021_01_13	   26600	     333	     284	       4
2021_01_14	   26881	     338	     281	       5
2021_01_15	   27165	     342	     284	       4
2021_01_16	   27447	     346	     282	       4
2021_01_17	   27740	     353	     293	       7
2021_01_18	   28029	     357	     289	       4
2021_01_19	   28327	     363	     298	       6
2021_01_20	   28623	     369	     296	       6
2021_01_21	   28922	     374	     299	       5
2021_01_22	   29218	     381	     296	       7
2021_01_23	   29516	     387	     298	       6
2021_01_24	   29825	     395	     309	       8
2021_01_25	   30056	     397	     231	       2
2021_01_26	   30297	     401	     241	       4
2021_01_27	   30535	     404	     238	       3
2021_01_28	   30779	     408	     244	       4
2021_01_29	   31017	     411	     238	       3
2021_01_30	   31258	     415	     241	       4
2021_01_31	   31510	     422	     252	       7
2021_02_01	   31727	     424	     217	       2
2021_02_02	   31954	     427	     227	       3
2021_02_03	   32178	     430	     224	       3
2021_02_04	   32406	     434	     228	       4
2021_02_05	   32630	     437	     224	       3
2021_02_06	   32857	     440	     227	       3
2021_02_07	   33092	     447	     235	       7
2021_02_08	   33299	     447	     207	       0
2021_02_09	   33516	     448	     217	       1
2021_02_10	   33729	     451	     213	       3
2021_02_11	   33949	     454	     220	       3
2021_02_12	   34162	     457	     213	       3
2021_02_13	   34379	     458	     217	       1
2021_02_14	   34606	     466	     227	       8
2021_02_15	   34795	     466	     189	       0
2021_02_16	   34991	     467	     196	       1
2021_02_17	   35186	     468	     195	       1
2021_02_18	   35386	     471	     200	       3
2021_02_19	   35581	     472	     195	       1
2021_02_20	   35777	     473	     196	       1
2021_02_21	   35984	     479	     207	       6
2021_02_22	   36155	     479	     171	       0
2021_02_23	   36333	     480	     178	       1
2021_02_24	   36512	     481	     179	       1
2021_02_25	   36690	     484	     178	       3
2021_02_26	   36869	     485	     179	       1
2021_02_27	   37047	     486	     178	       1
2021_02_28	   37233	     491	     186	       5
2021_03_01	   37401	     491	     168	       0
2021_03_02	   37572	     491	     171	       0
2021_03_03	   37748	     492	     176	       1
2021_03_04	   37922	     495	     174	       3
2021_03_05	   38098	     496	     176	       1
2021_03_06	   38269	     496	     171	       0
2021_03_07	   38455	     503	     186	       7
2021_03_08	   38677	     503	     222	       0
2021_03_09	   38907	     503	     230	       0
2021_03_10	   39143	     503	     236	       0
2021_03_11	   39368	     503	     225	       0
2021_03_12	   39604	     503	     236	       0
2021_03_13	   39834	     503	     230	       0
2021_03_14	   40073	     509	     239	       6
2021_03_15	   40376	     509	     303	       0
2021_03_16	   40685	     509	     309	       0
2021_03_17	   40991	     509	     306	       0
2021_03_18	   41302	     510	     311	       1
2021_03_19	   41608	     510	     306	       0
2021_03_20	   41917	     510	     309	       0
2021_03_21	   42235	     517	     318	       7
2021_03_22	   42512	     517	     277	       0
2021_03_23	   42799	     519	     287	       2
2021_03_24	   43082	     521	     283	       2
2021_03_25	   43369	     525	     287	       4
2021_03_26	   43652	     527	     283	       2
2021_03_27	   43939	     529	     287	       2
2021_03_28	   44232	     536	     293	       7
2021_03_29	   44463	     536	     231	       0
2021_03_30	   44700	     537	     237	       1
2021_03_31	   44936	     538	     236	       1
2021_04_01	   45176	     540	     240	       2
2021_04_02	   45412	     541	     236	       1
2021_04_03	   45649	     542	     237	       1
2021_04_04	   45896	     548	     247	       6
2021_04_05	   46097	     548	     201	       0
2021_04_06	   46305	     548	     208	       0
2021_04_07	   46511	     550	     206	       2
2021_04_08	   46721	     553	     210	       3
2021_04_09	   46927	     555	     206	       2
2021_04_10	   47135	     555	     208	       0
2021_04_11	   47354	     562	     219	       7
2021_04_12	   47521	     562	     167	       0
2021_04_13	   47692	     562	     171	       0
2021_04_14	   47862	     564	     170	       2
2021_04_15	   48035	     564	     173	       0
2021_04_16	   48205	     566	     170	       2
2021_04_17	   48376	     566	     171	       0
2021_04_18	   48559	     570	     183	       4
2021_04_19	   48704	     570	     145	       0
2021_04_20	   48852	     571	     148	       1
2021_04_21	   49003	     573	     151	       2
2021_04_22	   49156	     575	     153	       2
2021_04_23	   49307	     577	     151	       2
2021_04_24	   49455	     578	     148	       1
2021_04_25	   49616	     584	     161	       6
2021_04_26	   49752	     584	     136	       0
2021_04_27	   49898	     585	     146	       1
2021_04_28	   50039	     586	     141	       1
2021_04_29	   50183	     587	     144	       1
2021_04_30	   50324	     588	     141	       1
2021_05_01	   50470	     589	     146	       1
2021_05_02	   50622	     597	     152	       8
2021_05_03	   50844	     597	     222	       0
2021_05_04	   51078	     597	     234	       0
2021_05_05	   51313	     597	     235	       0
2021_05_06	   51543	     599	     230	       2
2021_05_07	   51778	     599	     235	       0
2021_05_08	   52012	     599	     234	       0
2021_05_09	   52253	     603	     241	       4
2021_05_10	   52626	     603	     373	       0
2021_05_11	   53003	     603	     377	       0
2021_05_12	   53381	     603	     378	       0
2021_05_13	   53760	     605	     379	       2
2021_05_14	   54138	     605	     378	       0
2021_05_15	   54515	     605	     377	       0
2021_05_16	   54901	     608	     386	       3
2021_05_17	   55132	     609	     231	       1
2021_05_18	   55368	     610	     236	       1
2021_05_19	   55604	     611	     236	       1
2021_05_20	   55843	     612	     239	       1
2021_05_21	   56079	     613	     236	       1
2021_05_22	   56315	     614	     236	       1
2021_05_23	   56564	     617	     249	       3
