#
# COVID-19 Country file (official WHO count)
# Country = Somalia
# Latitude = 2.0
# Population = 16105.174
# Territory = 637657.0
# LEB = 57.4
# DPA = 165000
# DPA65 = 28050
# GDP = 315.0
# GDP_PPP = 315.0
# COVID-19 Mortality = 48.1
# First_Case = 2020_03_17
# Last_Case = 2021_06_13
# First_Death = 2020_04_09
# Last_Death = 2021_06_13
# Status as of 2021_06_13 = Community transmission
# Vaccine type = Unknown
# Vaccine start = NA
#
Date	Conf_Cases	Conf_Deaths	Daily_Cases	Daily_Deaths
2020_03_17	       1	       0	       1	       0
2020_03_18	       1	       0	       0	       0
2020_03_19	       1	       0	       0	       0
2020_03_20	       1	       0	       0	       0
2020_03_21	       1	       0	       0	       0
2020_03_22	       1	       0	       0	       0
2020_03_23	       1	       0	       0	       0
2020_03_24	       1	       0	       0	       0
2020_03_25	       1	       0	       0	       0
2020_03_26	       2	       0	       1	       0
2020_03_27	       3	       0	       1	       0
2020_03_28	       3	       0	       0	       0
2020_03_29	       3	       0	       0	       0
2020_03_30	       3	       0	       0	       0
2020_03_31	       3	       0	       0	       0
2020_04_01	       5	       0	       2	       0
2020_04_02	       5	       0	       0	       0
2020_04_03	       5	       0	       0	       0
2020_04_04	       7	       0	       2	       0
2020_04_05	       7	       0	       0	       0
2020_04_06	       7	       0	       0	       0
2020_04_07	       7	       0	       0	       0
2020_04_08	       8	       0	       1	       0
2020_04_09	      12	       1	       4	       1
2020_04_10	      12	       1	       0	       0
2020_04_11	      12	       1	       0	       0
2020_04_12	      21	       1	       9	       0
2020_04_13	      25	       2	       4	       1
2020_04_14	      60	       2	      35	       0
2020_04_15	      60	       2	       0	       0
2020_04_16	      80	       5	      20	       3
2020_04_17	      80	       5	       0	       0
2020_04_18	     116	       5	      36	       0
2020_04_19	     135	       7	      19	       2
2020_04_20	     164	       7	      29	       0
2020_04_21	     237	       8	      73	       1
2020_04_22	     286	      14	      49	       6
2020_04_23	     286	      14	       0	       0
2020_04_24	     328	      16	      42	       2
2020_04_25	     328	      16	       0	       0
2020_04_26	     390	      18	      62	       2
2020_04_27	     436	      23	      46	       5
2020_04_28	     480	      26	      44	       3
2020_04_29	     528	      28	      48	       2
2020_04_30	     582	      28	      54	       0
2020_05_01	     601	      28	      19	       0
2020_05_02	     601	      28	       0	       0
2020_05_03	     671	      31	      70	       3
2020_05_04	     722	      32	      51	       1
2020_05_05	     756	      35	      34	       3
2020_05_06	     835	      38	      79	       3
2020_05_07	     873	      39	      38	       1
2020_05_08	     928	      44	      55	       5
2020_05_09	     928	      44	       0	       0
2020_05_10	     997	      48	      69	       4
2020_05_11	    1054	      51	      57	       3
2020_05_12	    1089	      52	      35	       1
2020_05_13	    1170	      52	      81	       0
2020_05_14	    1219	      52	      49	       0
2020_05_15	    1284	      53	      65	       1
2020_05_16	    1284	      53	       0	       0
2020_05_17	    1357	      55	      73	       2
2020_05_18	    1421	      56	      64	       1
2020_05_19	    1455	      57	      34	       1
2020_05_20	    1502	      59	      47	       2
2020_05_21	    1573	      61	      71	       2
2020_05_22	    1594	      61	      21	       0
2020_05_23	    1594	      61	       0	       0
2020_05_24	    1594	      61	       0	       0
2020_05_25	    1594	      61	       0	       0
2020_05_26	    1689	      66	      95	       5
2020_05_27	    1711	      67	      22	       1
2020_05_28	    1731	      67	      20	       0
2020_05_29	    1828	      72	      97	       5
2020_05_30	    1828	      72	       0	       0
2020_05_31	    1916	      73	      88	       1
2020_06_01	    1976	      78	      60	       5
2020_06_02	    2023	      79	      47	       1
2020_06_03	    2089	      79	      66	       0
2020_06_04	    2146	      79	      57	       0
2020_06_05	    2204	      79	      58	       0
2020_06_06	    2204	      79	       0	       0
2020_06_07	    2289	      82	      85	       3
2020_06_08	    2334	      83	      45	       1
2020_06_09	    2368	      84	      34	       1
2020_06_10	    2416	      85	      48	       1
2020_06_11	    2452	      85	      36	       0
2020_06_12	    2513	      85	      61	       0
2020_06_13	    2513	      85	       0	       0
2020_06_14	    2579	      87	      66	       2
2020_06_15	    2595	      88	      16	       1
2020_06_16	    2642	      88	      47	       0
2020_06_17	    2658	      88	      16	       0
2020_06_18	    2696	      88	      38	       0
2020_06_19	    2719	      88	      23	       0
2020_06_20	    2719	      88	       0	       0
2020_06_21	    2755	      88	      36	       0
2020_06_22	    2779	      90	      24	       2
2020_06_23	    2812	      90	      33	       0
2020_06_24	    2835	      90	      23	       0
2020_06_25	    2860	      90	      25	       0
2020_06_26	    2878	      90	      18	       0
2020_06_27	    2878	      90	       0	       0
2020_06_28	    2878	      90	       0	       0
2020_06_29	    2894	      90	      16	       0
2020_06_30	    2904	      90	      10	       0
2020_07_01	    2924	      90	      20	       0
2020_07_02	    2924	      90	       0	       0
2020_07_03	    2944	      90	      20	       0
2020_07_04	    2944	      90	       0	       0
2020_07_05	    2961	      92	      17	       2
2020_07_06	    2997	      92	      36	       0
2020_07_07	    3006	      92	       9	       0
2020_07_08	    3015	      92	       9	       0
2020_07_09	    3028	      92	      13	       0
2020_07_10	    3038	      92	      10	       0
2020_07_11	    3038	      92	       0	       0
2020_07_12	    3051	      92	      13	       0
2020_07_13	    3059	      93	       8	       1
2020_07_14	    3072	      93	      13	       0
2020_07_15	    3076	      93	       4	       0
2020_07_16	    3083	      93	       7	       0
2020_07_17	    3106	      93	      23	       0
2020_07_18	    3106	      93	       0	       0
2020_07_19	    3111	      93	       5	       0
2020_07_20	    3119	      93	       8	       0
2020_07_21	    3130	      93	      11	       0
2020_07_22	    3135	      93	       5	       0
2020_07_23	    3161	      93	      26	       0
2020_07_24	    3171	      93	      10	       0
2020_07_25	    3171	      93	       0	       0
2020_07_26	    3171	      93	       0	       0
2020_07_27	    3178	      93	       7	       0
2020_07_28	    3196	      93	      18	       0
2020_07_29	    3212	      93	      16	       0
2020_07_30	    3212	      93	       0	       0
2020_07_31	    3212	      93	       0	       0
2020_08_01	    3212	      93	       0	       0
2020_08_02	    3212	      93	       0	       0
2020_08_03	    3220	      93	       8	       0
2020_08_04	    3220	      93	       0	       0
2020_08_05	    3220	      93	       0	       0
2020_08_06	    3227	      93	       7	       0
2020_08_07	    3227	      93	       0	       0
2020_08_08	    3227	      93	       0	       0
2020_08_09	    3227	      93	       0	       0
2020_08_10	    3227	      93	       0	       0
2020_08_11	    3227	      93	       0	       0
2020_08_12	    3227	      93	       0	       0
2020_08_13	    3227	      93	       0	       0
2020_08_14	    3227	      93	       0	       0
2020_08_15	    3250	      93	      23	       0
2020_08_16	    3256	      93	       6	       0
2020_08_17	    3257	      93	       1	       0
2020_08_18	    3259	      93	       2	       0
2020_08_19	    3261	      93	       2	       0
2020_08_20	    3263	      93	       2	       0
2020_08_21	    3265	      93	       2	       0
2020_08_22	    3267	      93	       2	       0
2020_08_23	    3269	      93	       2	       0
2020_08_24	    3274	      93	       5	       0
2020_08_25	    3280	      94	       6	       1
2020_08_26	    3286	      94	       6	       0
2020_08_27	    3292	      95	       6	       1
2020_08_28	    3298	      95	       6	       0
2020_08_29	    3304	      96	       6	       1
2020_08_30	    3310	      97	       6	       1
2020_08_31	    3313	      97	       3	       0
2020_09_01	    3316	      97	       3	       0
2020_09_02	    3319	      97	       3	       0
2020_09_03	    3322	      97	       3	       0
2020_09_04	    3325	      97	       3	       0
2020_09_05	    3328	      97	       3	       0
2020_09_06	    3332	      98	       4	       1
2020_09_07	    3338	      98	       6	       0
2020_09_08	    3344	      98	       6	       0
2020_09_09	    3350	      98	       6	       0
2020_09_10	    3357	      98	       7	       0
2020_09_11	    3363	      98	       6	       0
2020_09_12	    3369	      98	       6	       0
2020_09_13	    3376	      98	       7	       0
2020_09_14	    3379	      98	       3	       0
2020_09_15	    3383	      98	       4	       0
2020_09_16	    3386	      98	       3	       0
2020_09_17	    3390	      98	       4	       0
2020_09_18	    3393	      98	       3	       0
2020_09_19	    3397	      98	       4	       0
2020_09_20	    3401	      98	       4	       0
2020_09_21	    3427	      98	      26	       0
2020_09_22	    3454	      98	      27	       0
2020_09_23	    3481	      98	      27	       0
2020_09_24	    3507	      98	      26	       0
2020_09_25	    3534	      98	      27	       0
2020_09_26	    3561	      98	      27	       0
2020_09_27	    3588	      99	      27	       1
2020_09_28	    3610	      99	      22	       0
2020_09_29	    3632	      99	      22	       0
2020_09_30	    3655	      99	      23	       0
2020_10_01	    3677	      99	      22	       0
2020_10_02	    3700	      99	      23	       0
2020_10_03	    3722	      99	      22	       0
2020_10_04	    3745	      99	      23	       0
2020_10_05	    3759	      99	      14	       0
2020_10_06	    3774	      99	      15	       0
2020_10_07	    3788	      99	      14	       0
2020_10_08	    3803	      99	      15	       0
2020_10_09	    3817	      99	      14	       0
2020_10_10	    3832	      99	      15	       0
2020_10_11	    3847	      99	      15	       0
2020_10_12	    3849	      99	       2	       0
2020_10_13	    3851	      99	       2	       0
2020_10_14	    3854	      99	       3	       0
2020_10_15	    3856	      99	       2	       0
2020_10_16	    3859	      99	       3	       0
2020_10_17	    3861	      99	       2	       0
2020_10_18	    3864	      99	       3	       0
2020_10_19	    3875	      99	      11	       0
2020_10_20	    3886	     100	      11	       1
2020_10_21	    3897	     101	      11	       1
2020_10_22	    3908	     101	      11	       0
2020_10_23	    3919	     102	      11	       1
2020_10_24	    3930	     103	      11	       1
2020_10_25	    3941	     104	      11	       1
2020_10_26	    3941	     104	       0	       0
2020_10_27	    3941	     104	       0	       0
2020_10_28	    3941	     104	       0	       0
2020_10_29	    3941	     104	       0	       0
2020_10_30	    3941	     104	       0	       0
2020_10_31	    3941	     104	       0	       0
2020_11_01	    3941	     104	       0	       0
2020_11_02	    3982	     104	      41	       0
2020_11_03	    4023	     104	      41	       0
2020_11_04	    4064	     105	      41	       1
2020_11_05	    4105	     105	      41	       0
2020_11_06	    4146	     106	      41	       1
2020_11_07	    4187	     106	      41	       0
2020_11_08	    4229	     107	      42	       1
2020_11_09	    4239	     107	      10	       0
2020_11_10	    4249	     107	      10	       0
2020_11_11	    4259	     107	      10	       0
2020_11_12	    4270	     107	      11	       0
2020_11_13	    4280	     107	      10	       0
2020_11_14	    4290	     107	      10	       0
2020_11_15	    4301	     107	      11	       0
2020_11_16	    4312	     107	      11	       0
2020_11_17	    4324	     107	      12	       0
2020_11_18	    4335	     107	      11	       0
2020_11_19	    4347	     107	      12	       0
2020_11_20	    4358	     107	      11	       0
2020_11_21	    4370	     107	      12	       0
2020_11_22	    4382	     108	      12	       1
2020_11_23	    4391	     108	       9	       0
2020_11_24	    4401	     109	      10	       1
2020_11_25	    4411	     110	      10	       1
2020_11_26	    4421	     110	      10	       0
2020_11_27	    4431	     111	      10	       1
2020_11_28	    4441	     112	      10	       1
2020_11_29	    4451	     113	      10	       1
2020_11_30	    4461	     114	      10	       1
2020_12_01	    4472	     115	      11	       1
2020_12_02	    4482	     116	      10	       1
2020_12_03	    4493	     117	      11	       1
2020_12_04	    4503	     118	      10	       1
2020_12_05	    4514	     119	      11	       1
2020_12_06	    4525	     121	      11	       2
2020_12_07	    4532	     121	       7	       0
2020_12_08	    4540	     121	       8	       0
2020_12_09	    4548	     121	       8	       0
2020_12_10	    4555	     121	       7	       0
2020_12_11	    4563	     121	       8	       0
2020_12_12	    4571	     121	       8	       0
2020_12_13	    4579	     121	       8	       0
2020_12_14	    4590	     121	      11	       0
2020_12_15	    4602	     121	      12	       0
2020_12_16	    4614	     122	      12	       1
2020_12_17	    4626	     122	      12	       0
2020_12_18	    4638	     123	      12	       1
2020_12_19	    4650	     123	      12	       0
2020_12_20	    4662	     124	      12	       1
2020_12_21	    4666	     124	       4	       0
2020_12_22	    4670	     124	       4	       0
2020_12_23	    4674	     125	       4	       1
2020_12_24	    4678	     125	       4	       0
2020_12_25	    4682	     126	       4	       1
2020_12_26	    4686	     126	       4	       0
2020_12_27	    4690	     127	       4	       1
2020_12_28	    4693	     127	       3	       0
2020_12_29	    4696	     127	       3	       0
2020_12_30	    4700	     128	       4	       1
2020_12_31	    4703	     128	       3	       0
2021_01_01	    4707	     129	       4	       1
2021_01_02	    4710	     129	       3	       0
2021_01_03	    4714	     130	       4	       1
2021_01_04	    4715	     130	       1	       0
2021_01_05	    4717	     130	       2	       0
2021_01_06	    4719	     130	       2	       0
2021_01_07	    4720	     130	       1	       0
2021_01_08	    4722	     130	       2	       0
2021_01_09	    4724	     130	       2	       0
2021_01_10	    4726	     130	       2	       0
2021_01_11	    4728	     130	       2	       0
2021_01_12	    4731	     130	       3	       0
2021_01_13	    4733	     130	       2	       0
2021_01_14	    4736	     130	       3	       0
2021_01_15	    4738	     130	       2	       0
2021_01_16	    4741	     130	       3	       0
2021_01_17	    4744	     130	       3	       0
2021_01_18	    4745	     130	       1	       0
2021_01_19	    4746	     130	       1	       0
2021_01_20	    4748	     130	       2	       0
2021_01_21	    4749	     130	       1	       0
2021_01_22	    4751	     130	       2	       0
2021_01_23	    4752	     130	       1	       0
2021_01_24	    4754	     130	       2	       0
2021_01_25	    4758	     130	       4	       0
2021_01_26	    4762	     130	       4	       0
2021_01_27	    4766	     130	       4	       0
2021_01_28	    4771	     130	       5	       0
2021_01_29	    4775	     130	       4	       0
2021_01_30	    4779	     130	       4	       0
2021_01_31	    4784	     130	       5	       0
2021_02_01	    4794	     130	      10	       0
2021_02_02	    4804	     131	      10	       1
2021_02_03	    4814	     131	      10	       0
2021_02_04	    4824	     132	      10	       1
2021_02_05	    4834	     132	      10	       0
2021_02_06	    4844	     133	      10	       1
2021_02_07	    4854	     134	      10	       1
2021_02_08	    4888	     136	      34	       2
2021_02_09	    4922	     138	      34	       2
2021_02_10	    4956	     140	      34	       2
2021_02_11	    4990	     142	      34	       2
2021_02_12	    5024	     144	      34	       2
2021_02_13	    5058	     146	      34	       2
2021_02_14	    5092	     148	      34	       2
2021_02_15	    5205	     154	     113	       6
2021_02_16	    5319	     161	     114	       7
2021_02_17	    5433	     167	     114	       6
2021_02_18	    5547	     174	     114	       7
2021_02_19	    5661	     180	     114	       6
2021_02_20	    5775	     187	     114	       7
2021_02_21	    5889	     194	     114	       7
2021_02_22	    6046	     199	     157	       5
2021_02_23	    6203	     204	     157	       5
2021_02_24	    6361	     209	     158	       5
2021_02_25	    6518	     215	     157	       6
2021_02_26	    6676	     220	     158	       5
2021_02_27	    6833	     225	     157	       5
2021_02_28	    6991	     231	     158	       6
2021_03_01	    7141	     240	     150	       9
2021_03_02	    7291	     249	     150	       9
2021_03_03	    7441	     258	     150	       9
2021_03_04	    7591	     267	     150	       9
2021_03_05	    7741	     276	     150	       9
2021_03_06	    7891	     285	     150	       9
2021_03_07	    8041	     294	     150	       9
2021_03_08	    8170	     301	     129	       7
2021_03_09	    8299	     309	     129	       8
2021_03_10	    8428	     317	     129	       8
2021_03_11	    8558	     325	     130	       8
2021_03_12	    8687	     333	     129	       8
2021_03_13	    8816	     341	     129	       8
2021_03_14	    8946	     349	     130	       8
2021_03_15	    9092	     359	     146	      10
2021_03_16	    9238	     369	     146	      10
2021_03_17	    9384	     379	     146	      10
2021_03_18	    9530	     389	     146	      10
2021_03_19	    9676	     399	     146	      10
2021_03_20	    9822	     409	     146	      10
2021_03_21	    9968	     419	     146	      10
2021_03_22	   10092	     428	     124	       9
2021_03_23	   10216	     438	     124	      10
2021_03_24	   10340	     448	     124	      10
2021_03_25	   10465	     458	     125	      10
2021_03_26	   10589	     468	     124	      10
2021_03_27	   10713	     478	     124	      10
2021_03_28	   10838	     488	     125	      10
2021_03_29	   10950	     496	     112	       8
2021_03_30	   11062	     504	     112	       8
2021_03_31	   11174	     512	     112	       8
2021_04_01	   11286	     521	     112	       9
2021_04_02	   11398	     529	     112	       8
2021_04_03	   11510	     537	     112	       8
2021_04_04	   11623	     546	     113	       9
2021_04_05	   11715	     554	      92	       8
2021_04_06	   11808	     562	      93	       8
2021_04_07	   11900	     571	      92	       9
2021_04_08	   11993	     579	      93	       8
2021_04_09	   12085	     588	      92	       9
2021_04_10	   12178	     596	      93	       8
2021_04_11	   12271	     605	      93	       9
2021_04_12	   12351	     612	      80	       7
2021_04_13	   12432	     619	      81	       7
2021_04_14	   12513	     626	      81	       7
2021_04_15	   12594	     634	      81	       8
2021_04_16	   12675	     641	      81	       7
2021_04_17	   12756	     648	      81	       7
2021_04_18	   12837	     656	      81	       8
2021_04_19	   12925	     660	      88	       4
2021_04_20	   13014	     665	      89	       5
2021_04_21	   13103	     670	      89	       5
2021_04_22	   13192	     674	      89	       4
2021_04_23	   13281	     679	      89	       5
2021_04_24	   13370	     684	      89	       5
2021_04_25	   13459	     689	      89	       5
2021_04_26	   13524	     692	      65	       3
2021_04_27	   13589	     695	      65	       3
2021_04_28	   13654	     699	      65	       4
2021_04_29	   13719	     702	      65	       3
2021_04_30	   13784	     706	      65	       4
2021_05_01	   13849	     709	      65	       3
2021_05_02	   13915	     713	      66	       4
2021_05_03	   13986	     717	      71	       4
2021_05_04	   14057	     722	      71	       5
2021_05_05	   14129	     727	      72	       5
2021_05_06	   14200	     732	      71	       5
2021_05_07	   14272	     737	      72	       5
2021_05_08	   14343	     742	      71	       5
2021_05_09	   14415	     747	      72	       5
2021_05_10	   14425	     747	      10	       0
2021_05_11	   14435	     748	      10	       1
2021_05_12	   14445	     749	      10	       1
2021_05_13	   14455	     750	      10	       1
2021_05_14	   14465	     751	      10	       1
2021_05_15	   14475	     752	      10	       1
2021_05_16	   14486	     753	      11	       1
2021_05_17	   14505	     755	      19	       2
2021_05_18	   14525	     757	      20	       2
2021_05_19	   14544	     759	      19	       2
2021_05_20	   14564	     761	      20	       2
2021_05_21	   14583	     763	      19	       2
2021_05_22	   14603	     765	      20	       2
2021_05_23	   14623	     767	      20	       2
2021_05_24	   14627	     767	       4	       0
2021_05_25	   14631	     767	       4	       0
2021_05_26	   14635	     767	       4	       0
2021_05_27	   14640	     767	       5	       0
2021_05_28	   14644	     767	       4	       0
2021_05_29	   14648	     767	       4	       0
2021_05_30	   14653	     768	       5	       1
2021_05_31	   14663	     768	      10	       0
2021_06_01	   14674	     769	      11	       1
2021_06_02	   14685	     770	      11	       1
2021_06_03	   14696	     770	      11	       0
2021_06_04	   14707	     771	      11	       1
2021_06_05	   14718	     772	      11	       1
2021_06_06	   14729	     773	      11	       1
2021_06_07	   14736	     773	       7	       0
2021_06_08	   14743	     773	       7	       0
2021_06_09	   14750	     773	       7	       0
2021_06_10	   14757	     773	       7	       0
2021_06_11	   14764	     773	       7	       0
2021_06_12	   14771	     773	       7	       0
2021_06_13	   14779	     774	       8	       1
