#
# COVID-19 Country file (official WHO count)
# Country = South Sudan
# Latitude = 5.0
# Population = 13610.007
# Territory = 644329.0
# LEB = 57.8
# DPA = 116000
# DPA65 = 24360
# GDP = 364.0
# GDP_PPP = 1500.0
# COVID-19 Mortality = 8.4
# First_Case = 2020_04_06
# Last_Case = 2021_06_13
# First_Death = 2020_05_15
# Last_Death = 2021_05_09
# Status as of 2021_06_13 = Community transmission
# Vaccine type = Unknown
# Vaccine start = NA
#
Date	Conf_Cases	Conf_Deaths	Daily_Cases	Daily_Deaths
2020_04_06	       1	       0	       1	       0
2020_04_07	       1	       0	       0	       0
2020_04_08	       1	       0	       0	       0
2020_04_09	       1	       0	       0	       0
2020_04_10	       3	       0	       2	       0
2020_04_11	       3	       0	       0	       0
2020_04_12	       4	       0	       1	       0
2020_04_13	       4	       0	       0	       0
2020_04_14	       4	       0	       0	       0
2020_04_15	       4	       0	       0	       0
2020_04_16	       4	       0	       0	       0
2020_04_17	       4	       0	       0	       0
2020_04_18	       4	       0	       0	       0
2020_04_19	       4	       0	       0	       0
2020_04_20	       4	       0	       0	       0
2020_04_21	       4	       0	       0	       0
2020_04_22	       4	       0	       0	       0
2020_04_23	       4	       0	       0	       0
2020_04_24	       4	       0	       0	       0
2020_04_25	       5	       0	       1	       0
2020_04_26	       5	       0	       0	       0
2020_04_27	       6	       0	       1	       0
2020_04_28	       6	       0	       0	       0
2020_04_29	      34	       0	      28	       0
2020_04_30	      34	       0	       0	       0
2020_05_01	      35	       0	       1	       0
2020_05_02	      45	       0	      10	       0
2020_05_03	      45	       0	       0	       0
2020_05_04	      46	       0	       1	       0
2020_05_05	      49	       0	       3	       0
2020_05_06	      49	       0	       0	       0
2020_05_07	      58	       0	       9	       0
2020_05_08	      90	       0	      32	       0
2020_05_09	     120	       0	      30	       0
2020_05_10	     120	       0	       0	       0
2020_05_11	     156	       0	      36	       0
2020_05_12	     174	       0	      18	       0
2020_05_13	     174	       0	       0	       0
2020_05_14	     194	       0	      20	       0
2020_05_15	     231	       1	      37	       1
2020_05_16	     231	       1	       0	       0
2020_05_17	     231	       1	       0	       0
2020_05_18	     282	       4	      51	       3
2020_05_19	     282	       4	       0	       0
2020_05_20	     282	       4	       0	       0
2020_05_21	     339	       6	      57	       2
2020_05_22	     473	       6	     134	       0
2020_05_23	     473	       5	       0	      -1
2020_05_24	     563	       6	      90	       1
2020_05_25	     655	       8	      92	       2
2020_05_26	     655	       8	       0	       0
2020_05_27	     806	       8	     151	       0
2020_05_28	     806	       8	       0	       0
2020_05_29	     994	      10	     188	       2
2020_05_30	     994	      10	       0	       0
2020_05_31	     994	      10	       0	       0
2020_06_01	     994	      10	       0	       0
2020_06_02	     994	      10	       0	       0
2020_06_03	     994	      10	       0	       0
2020_06_04	    1317	      14	     323	       4
2020_06_05	    1317	      14	       0	       0
2020_06_06	    1317	      14	       0	       0
2020_06_07	    1317	      14	       0	       0
2020_06_08	    1317	      14	       0	       0
2020_06_09	    1604	      19	     287	       5
2020_06_10	    1606	      20	       2	       1
2020_06_11	    1606	      20	       0	       0
2020_06_12	    1606	      22	       0	       2
2020_06_13	    1670	      22	      64	       0
2020_06_14	    1684	      25	      14	       3
2020_06_15	    1693	      27	       9	       2
2020_06_16	    1755	      30	      62	       3
2020_06_17	    1776	      30	      21	       0
2020_06_18	    1807	      31	      31	       1
2020_06_19	    1813	      31	       6	       0
2020_06_20	    1830	      32	      17	       1
2020_06_21	    1864	      34	      34	       2
2020_06_22	    1882	      34	      18	       0
2020_06_23	    1892	      34	      10	       0
2020_06_24	    1916	      35	      24	       1
2020_06_25	    1930	      36	      14	       1
2020_06_26	    1942	      36	      12	       0
2020_06_27	    1952	      36	      10	       0
2020_06_28	    1958	      36	       6	       0
2020_06_29	    1966	      36	       8	       0
2020_06_30	    2006	      37	      40	       1
2020_07_01	    2007	      38	       1	       1
2020_07_02	    2007	      38	       0	       0
2020_07_03	    2036	      38	      29	       0
2020_07_04	    2036	      38	       0	       0
2020_07_05	    2058	      38	      22	       0
2020_07_06	    2093	      40	      35	       2
2020_07_07	    2098	      40	       5	       0
2020_07_08	    2106	      40	       8	       0
2020_07_09	    2106	      40	       0	       0
2020_07_10	    2129	      41	      23	       1
2020_07_11	    2129	      41	       0	       0
2020_07_12	    2139	      41	      10	       0
2020_07_13	    2148	      41	       9	       0
2020_07_14	    2148	      41	       0	       0
2020_07_15	    2153	      41	       5	       0
2020_07_16	    2171	      41	      18	       0
2020_07_17	    2191	      43	      20	       2
2020_07_18	    2191	      43	       0	       0
2020_07_19	    2200	      43	       9	       0
2020_07_20	    2211	      45	      11	       2
2020_07_21	    2211	      45	       0	       0
2020_07_22	    2211	      45	       0	       0
2020_07_23	    2239	      45	      28	       0
2020_07_24	    2258	      45	      19	       0
2020_07_25	    2258	      45	       0	       0
2020_07_26	    2258	      45	       0	       0
2020_07_27	    2305	      46	      47	       1
2020_07_28	    2305	      46	       0	       0
2020_07_29	    2322	      46	      17	       0
2020_07_30	    2322	      46	       0	       0
2020_07_31	    2322	      46	       0	       0
2020_08_01	    2352	      46	      30	       0
2020_08_02	    2429	      46	      77	       0
2020_08_03	    2429	      46	       0	       0
2020_08_04	    2437	      47	       8	       1
2020_08_05	    2437	      47	       0	       0
2020_08_06	    2450	      47	      13	       0
2020_08_07	    2450	      47	       0	       0
2020_08_08	    2463	      47	      13	       0
2020_08_09	    2470	      47	       7	       0
2020_08_10	    2470	      47	       0	       0
2020_08_11	    2472	      47	       2	       0
2020_08_12	    2477	      47	       5	       0
2020_08_13	    2478	      47	       1	       0
2020_08_14	    2482	      47	       4	       0
2020_08_15	    2488	      47	       6	       0
2020_08_16	    2489	      47	       1	       0
2020_08_17	    2490	      47	       1	       0
2020_08_18	    2491	      47	       1	       0
2020_08_19	    2493	      47	       2	       0
2020_08_20	    2494	      47	       1	       0
2020_08_21	    2496	      47	       2	       0
2020_08_22	    2497	      47	       1	       0
2020_08_23	    2499	      47	       2	       0
2020_08_24	    2501	      47	       2	       0
2020_08_25	    2504	      47	       3	       0
2020_08_26	    2507	      47	       3	       0
2020_08_27	    2510	      47	       3	       0
2020_08_28	    2513	      47	       3	       0
2020_08_29	    2516	      47	       3	       0
2020_08_30	    2519	      47	       3	       0
2020_08_31	    2522	      47	       3	       0
2020_09_01	    2526	      47	       4	       0
2020_09_02	    2529	      47	       3	       0
2020_09_03	    2533	      47	       4	       0
2020_09_04	    2536	      47	       3	       0
2020_09_05	    2540	      47	       4	       0
2020_09_06	    2544	      48	       4	       1
2020_09_07	    2548	      48	       4	       0
2020_09_08	    2553	      48	       5	       0
2020_09_09	    2558	      48	       5	       0
2020_09_10	    2563	      48	       5	       0
2020_09_11	    2568	      48	       5	       0
2020_09_12	    2573	      48	       5	       0
2020_09_13	    2578	      49	       5	       1
2020_09_14	    2587	      49	       9	       0
2020_09_15	    2596	      49	       9	       0
2020_09_16	    2605	      49	       9	       0
2020_09_17	    2614	      49	       9	       0
2020_09_18	    2623	      49	       9	       0
2020_09_19	    2632	      49	       9	       0
2020_09_20	    2642	      49	      10	       0
2020_09_21	    2648	      49	       6	       0
2020_09_22	    2654	      49	       6	       0
2020_09_23	    2660	      49	       6	       0
2020_09_24	    2667	      49	       7	       0
2020_09_25	    2673	      49	       6	       0
2020_09_26	    2679	      49	       6	       0
2020_09_27	    2686	      49	       7	       0
2020_09_28	    2691	      49	       5	       0
2020_09_29	    2697	      49	       6	       0
2020_09_30	    2703	      49	       6	       0
2020_10_01	    2708	      49	       5	       0
2020_10_02	    2714	      49	       6	       0
2020_10_03	    2720	      49	       6	       0
2020_10_04	    2726	      50	       6	       1
2020_10_05	    2733	      50	       7	       0
2020_10_06	    2740	      51	       7	       1
2020_10_07	    2747	      52	       7	       1
2020_10_08	    2755	      52	       8	       0
2020_10_09	    2762	      53	       7	       1
2020_10_10	    2769	      54	       7	       1
2020_10_11	    2777	      55	       8	       1
2020_10_12	    2787	      55	      10	       0
2020_10_13	    2797	      55	      10	       0
2020_10_14	    2807	      55	      10	       0
2020_10_15	    2817	      55	      10	       0
2020_10_16	    2827	      55	      10	       0
2020_10_17	    2837	      55	      10	       0
2020_10_18	    2847	      55	      10	       0
2020_10_19	    2853	      55	       6	       0
2020_10_20	    2859	      55	       6	       0
2020_10_21	    2865	      55	       6	       0
2020_10_22	    2871	      55	       6	       0
2020_10_23	    2877	      55	       6	       0
2020_10_24	    2883	      55	       6	       0
2020_10_25	    2890	      56	       7	       1
2020_10_26	    2895	      56	       5	       0
2020_10_27	    2900	      56	       5	       0
2020_10_28	    2905	      57	       5	       1
2020_10_29	    2910	      57	       5	       0
2020_10_30	    2915	      58	       5	       1
2020_10_31	    2920	      58	       5	       0
2020_11_01	    2926	      59	       6	       1
2020_11_02	    2928	      59	       2	       0
2020_11_03	    2930	      59	       2	       0
2020_11_04	    2933	      59	       3	       0
2020_11_05	    2935	      59	       2	       0
2020_11_06	    2938	      59	       3	       0
2020_11_07	    2940	      59	       2	       0
2020_11_08	    2943	      59	       3	       0
2020_11_09	    2951	      59	       8	       0
2020_11_10	    2960	      59	       9	       0
2020_11_11	    2968	      59	       8	       0
2020_11_12	    2977	      59	       9	       0
2020_11_13	    2985	      59	       8	       0
2020_11_14	    2994	      59	       9	       0
2020_11_15	    3003	      59	       9	       0
2020_11_16	    3009	      59	       6	       0
2020_11_17	    3015	      59	       6	       0
2020_11_18	    3021	      59	       6	       0
2020_11_19	    3028	      59	       7	       0
2020_11_20	    3034	      59	       6	       0
2020_11_21	    3040	      59	       6	       0
2020_11_22	    3047	      60	       7	       1
2020_11_23	    3055	      60	       8	       0
2020_11_24	    3063	      60	       8	       0
2020_11_25	    3071	      60	       8	       0
2020_11_26	    3079	      60	       8	       0
2020_11_27	    3087	      60	       8	       0
2020_11_28	    3095	      60	       8	       0
2020_11_29	    3104	      61	       9	       1
2020_11_30	    3112	      61	       8	       0
2020_12_01	    3121	      61	       9	       0
2020_12_02	    3130	      61	       9	       0
2020_12_03	    3139	      61	       9	       0
2020_12_04	    3148	      61	       9	       0
2020_12_05	    3157	      61	       9	       0
2020_12_06	    3166	      61	       9	       0
2020_12_07	    3168	      61	       2	       0
2020_12_08	    3170	      61	       2	       0
2020_12_09	    3172	      61	       2	       0
2020_12_10	    3174	      61	       2	       0
2020_12_11	    3176	      61	       2	       0
2020_12_12	    3178	      61	       2	       0
2020_12_13	    3181	      62	       3	       1
2020_12_14	    3187	      62	       6	       0
2020_12_15	    3194	      62	       7	       0
2020_12_16	    3201	      62	       7	       0
2020_12_17	    3207	      62	       6	       0
2020_12_18	    3214	      62	       7	       0
2020_12_19	    3221	      62	       7	       0
2020_12_20	    3228	      62	       7	       0
2020_12_21	    3239	      62	      11	       0
2020_12_22	    3250	      62	      11	       0
2020_12_23	    3262	      62	      12	       0
2020_12_24	    3273	      62	      11	       0
2020_12_25	    3285	      62	      12	       0
2020_12_26	    3296	      62	      11	       0
2020_12_27	    3308	      62	      12	       0
2020_12_28	    3343	      62	      35	       0
2020_12_29	    3379	      62	      36	       0
2020_12_30	    3415	      62	      36	       0
2020_12_31	    3450	      62	      35	       0
2021_01_01	    3486	      62	      36	       0
2021_01_02	    3522	      62	      36	       0
2021_01_03	    3558	      63	      36	       1
2021_01_04	    3569	      63	      11	       0
2021_01_05	    3581	      63	      12	       0
2021_01_06	    3593	      63	      12	       0
2021_01_07	    3604	      63	      11	       0
2021_01_08	    3616	      63	      12	       0
2021_01_09	    3628	      63	      12	       0
2021_01_10	    3640	      63	      12	       0
2021_01_11	    3647	      63	       7	       0
2021_01_12	    3655	      63	       8	       0
2021_01_13	    3662	      63	       7	       0
2021_01_14	    3670	      63	       8	       0
2021_01_15	    3677	      63	       7	       0
2021_01_16	    3685	      63	       8	       0
2021_01_17	    3693	      63	       8	       0
2021_01_18	    3704	      63	      11	       0
2021_01_19	    3715	      63	      11	       0
2021_01_20	    3727	      63	      12	       0
2021_01_21	    3738	      63	      11	       0
2021_01_22	    3750	      63	      12	       0
2021_01_23	    3761	      63	      11	       0
2021_01_24	    3773	      64	      12	       1
2021_01_25	    3799	      64	      26	       0
2021_01_26	    3826	      64	      27	       0
2021_01_27	    3853	      64	      27	       0
2021_01_28	    3880	      64	      27	       0
2021_01_29	    3907	      64	      27	       0
2021_01_30	    3934	      64	      27	       0
2021_01_31	    3961	      64	      27	       0
2021_02_01	    4017	      64	      56	       0
2021_02_02	    4073	      64	      56	       0
2021_02_03	    4129	      64	      56	       0
2021_02_04	    4186	      64	      57	       0
2021_02_05	    4242	      64	      56	       0
2021_02_06	    4298	      64	      56	       0
2021_02_07	    4355	      65	      57	       1
2021_02_08	    4491	      66	     136	       1
2021_02_09	    4627	      67	     136	       1
2021_02_10	    4764	      68	     137	       1
2021_02_11	    4900	      70	     136	       2
2021_02_12	    5037	      71	     137	       1
2021_02_13	    5173	      72	     136	       1
2021_02_14	    5310	      74	     137	       2
2021_02_15	    5468	      75	     158	       1
2021_02_16	    5626	      77	     158	       2
2021_02_17	    5784	      78	     158	       1
2021_02_18	    5942	      80	     158	       2
2021_02_19	    6100	      81	     158	       1
2021_02_20	    6258	      83	     158	       2
2021_02_21	    6417	      85	     159	       2
2021_02_22	    6550	      85	     133	       0
2021_02_23	    6683	      85	     133	       0
2021_02_24	    6816	      85	     133	       0
2021_02_25	    6949	      86	     133	       1
2021_02_26	    7082	      86	     133	       0
2021_02_27	    7215	      86	     133	       0
2021_02_28	    7349	      87	     134	       1
2021_03_01	    7538	      89	     189	       2
2021_03_02	    7728	      91	     190	       2
2021_03_03	    7918	      93	     190	       2
2021_03_04	    8107	      95	     189	       2
2021_03_05	    8297	      97	     190	       2
2021_03_06	    8487	      99	     190	       2
2021_03_07	    8677	     102	     190	       3
2021_03_08	    8784	     102	     107	       0
2021_03_09	    8891	     102	     107	       0
2021_03_10	    8999	     102	     108	       0
2021_03_11	    9106	     103	     107	       1
2021_03_12	    9214	     103	     108	       0
2021_03_13	    9321	     103	     107	       0
2021_03_14	    9429	     104	     108	       1
2021_03_15	    9489	     104	      60	       0
2021_03_16	    9549	     104	      60	       0
2021_03_17	    9609	     104	      60	       0
2021_03_18	    9669	     105	      60	       1
2021_03_19	    9729	     105	      60	       0
2021_03_20	    9789	     105	      60	       0
2021_03_21	    9849	     106	      60	       1
2021_03_22	    9877	     106	      28	       0
2021_03_23	    9905	     106	      28	       0
2021_03_24	    9934	     106	      29	       0
2021_03_25	    9962	     107	      28	       1
2021_03_26	    9991	     107	      29	       0
2021_03_27	   10019	     107	      28	       0
2021_03_28	   10048	     108	      29	       1
2021_03_29	   10077	     108	      29	       0
2021_03_30	   10107	     109	      30	       1
2021_03_31	   10136	     109	      29	       0
2021_04_01	   10166	     110	      30	       1
2021_04_02	   10195	     110	      29	       0
2021_04_03	   10225	     111	      30	       1
2021_04_04	   10255	     112	      30	       1
2021_04_05	   10267	     112	      12	       0
2021_04_06	   10279	     112	      12	       0
2021_04_07	   10291	     112	      12	       0
2021_04_08	   10303	     113	      12	       1
2021_04_09	   10315	     113	      12	       0
2021_04_10	   10327	     113	      12	       0
2021_04_11	   10340	     114	      13	       1
2021_04_12	   10353	     114	      13	       0
2021_04_13	   10366	     114	      13	       0
2021_04_14	   10379	     114	      13	       0
2021_04_15	   10392	     114	      13	       0
2021_04_16	   10405	     114	      13	       0
2021_04_17	   10418	     114	      13	       0
2021_04_18	   10432	     114	      14	       0
2021_04_19	   10443	     114	      11	       0
2021_04_20	   10455	     114	      12	       0
2021_04_21	   10467	     114	      12	       0
2021_04_22	   10479	     114	      12	       0
2021_04_23	   10491	     114	      12	       0
2021_04_24	   10503	     114	      12	       0
2021_04_25	   10515	     114	      12	       0
2021_04_26	   10524	     114	       9	       0
2021_04_27	   10534	     114	      10	       0
2021_04_28	   10544	     114	      10	       0
2021_04_29	   10553	     114	       9	       0
2021_04_30	   10563	     114	      10	       0
2021_05_01	   10573	     114	      10	       0
2021_05_02	   10583	     115	      10	       1
2021_05_03	   10590	     115	       7	       0
2021_05_04	   10598	     115	       8	       0
2021_05_05	   10606	     115	       8	       0
2021_05_06	   10613	     115	       7	       0
2021_05_07	   10621	     115	       8	       0
2021_05_08	   10629	     115	       8	       0
2021_05_09	   10637	     116	       8	       1
2021_05_10	   10639	     115	       2	      -1
2021_05_11	   10641	     115	       2	       0
2021_05_12	   10643	     115	       2	       0
2021_05_13	   10645	     115	       2	       0
2021_05_14	   10647	     115	       2	       0
2021_05_15	   10649	     115	       2	       0
2021_05_16	   10652	     115	       3	       0
2021_05_17	   10654	     115	       2	       0
2021_05_18	   10657	     115	       3	       0
2021_05_19	   10659	     115	       2	       0
2021_05_20	   10662	     115	       3	       0
2021_05_21	   10664	     115	       2	       0
2021_05_22	   10667	     115	       3	       0
2021_05_23	   10670	     115	       3	       0
2021_05_24	   10672	     115	       2	       0
2021_05_25	   10675	     115	       3	       0
2021_05_26	   10677	     115	       2	       0
2021_05_27	   10680	     115	       3	       0
2021_05_28	   10682	     115	       2	       0
2021_05_29	   10685	     115	       3	       0
2021_05_30	   10688	     115	       3	       0
2021_05_31	   10688	     115	       0	       0
2021_06_01	   10688	     115	       0	       0
2021_06_02	   10688	     115	       0	       0
2021_06_03	   10688	     115	       0	       0
2021_06_04	   10688	     115	       0	       0
2021_06_05	   10688	     115	       0	       0
2021_06_06	   10688	     115	       0	       0
2021_06_07	   10688	     115	       0	       0
2021_06_08	   10688	     115	       0	       0
2021_06_09	   10688	     115	       0	       0
2021_06_10	   10688	     115	       0	       0
2021_06_11	   10688	     115	       0	       0
2021_06_12	   10688	     115	       0	       0
2021_06_13	   10688	     115	       0	       0
