#
# COVID-19 Country file (official WHO count)
# Country = Spain
# Latitude = 40.0
# Population = 46459.219
# Territory = 505992.0
# LEB = 83.6
# DPA = 428000
# DPA65 = 368080
# GDP = 29562.0
# GDP_PPP = 40341.0
# COVID-19 Mortality = 1731.9
# First_Case = 2020_02_01
# Last_Case = 2021_06_13
# First_Death = 2020_03_05
# Last_Death = 2021_06_13
# Status as of 2021_06_13 = Community transmission
# Vaccine type = Moderna, Oxford/AstraZeneca, Pfizer/BioNTech
# Vaccine start = 2021_01_04
#
Date	Conf_Cases	Conf_Deaths	Daily_Cases	Daily_Deaths
2020_02_01	       1	       0	       1	       0
2020_02_02	       1	       0	       0	       0
2020_02_03	       1	       0	       0	       0
2020_02_04	       1	       0	       0	       0
2020_02_05	       1	       0	       0	       0
2020_02_06	       1	       0	       0	       0
2020_02_07	       1	       0	       0	       0
2020_02_08	       1	       0	       0	       0
2020_02_09	       1	       0	       0	       0
2020_02_10	       2	       0	       1	       0
2020_02_11	       2	       0	       0	       0
2020_02_12	       2	       0	       0	       0
2020_02_13	       2	       0	       0	       0
2020_02_14	       2	       0	       0	       0
2020_02_15	       2	       0	       0	       0
2020_02_16	       2	       0	       0	       0
2020_02_17	       2	       0	       0	       0
2020_02_18	       2	       0	       0	       0
2020_02_19	       2	       0	       0	       0
2020_02_20	       2	       0	       0	       0
2020_02_21	       2	       0	       0	       0
2020_02_22	       2	       0	       0	       0
2020_02_23	       2	       0	       0	       0
2020_02_24	       2	       0	       0	       0
2020_02_25	       2	       0	       0	       0
2020_02_26	       2	       0	       0	       0
2020_02_27	      12	       0	      10	       0
2020_02_28	      25	       0	      13	       0
2020_02_29	      32	       0	       7	       0
2020_03_01	      45	       0	      13	       0
2020_03_02	      45	       0	       0	       0
2020_03_03	     114	       0	      69	       0
2020_03_04	     151	       0	      37	       0
2020_03_05	     198	       1	      47	       1
2020_03_06	     257	       3	      59	       2
2020_03_07	     374	       5	     117	       2
2020_03_08	     430	       5	      56	       0
2020_03_09	     589	      10	     159	       5
2020_03_10	    1024	      28	     435	      18
2020_03_11	    1639	      36	     615	       8
2020_03_12	    2140	      48	     501	      12
2020_03_13	    2965	      84	     825	      36
2020_03_14	    4231	     120	    1266	      36
2020_03_15	    5753	     136	    1522	      16
2020_03_16	    7753	     288	    2000	     152
2020_03_17	    9191	     309	    1438	      21
2020_03_18	   11178	     491	    1987	     182
2020_03_19	   13716	     598	    2538	     107
2020_03_20	   17147	     767	    3431	     169
2020_03_21	   19980	    1002	    2833	     235
2020_03_22	   24926	    1326	    4946	     324
2020_03_23	   28572	    1720	    3646	     394
2020_03_24	   33089	    2182	    4517	     462
2020_03_25	   39673	    2696	    6584	     514
2020_03_26	   47610	    3434	    7937	     738
2020_03_27	   56188	    4089	    8578	     655
2020_03_28	   64059	    4858	    7871	     769
2020_03_29	   72248	    5690	    8189	     832
2020_03_30	   78797	    6528	    6549	     838
2020_03_31	   85195	    7340	    6398	     812
2020_04_01	   94417	    8189	    9222	     849
2020_04_02	  102136	    9053	    7719	     864
2020_04_03	  110238	   10003	    8102	     950
2020_04_04	  117710	   10935	    7472	     932
2020_04_05	  124736	   11744	    7026	     809
2020_04_06	  130759	   12418	    6023	     674
2020_04_07	  135032	   13055	    4273	     637
2020_04_08	  140510	   13798	    5478	     743
2020_04_09	  146690	   14555	    6180	     757
2020_04_10	  152446	   15238	    5756	     683
2020_04_11	  157022	   15843	    4576	     605
2020_04_12	  161852	   16353	    4830	     510
2020_04_13	  166019	   16972	    4167	     619
2020_04_14	  169496	   17489	    3477	     517
2020_04_15	  172541	   18056	    3045	     567
2020_04_16	  177633	   18579	    5092	     523
2020_04_17	  182816	   19130	    5183	     551
2020_04_18	  188068	   19478	    5252	     348
2020_04_19	  191726	   20043	    3658	     565
2020_04_20	  195944	   20453	    4218	     410
2020_04_21	  200210	   20852	    4266	     399
2020_04_22	  204178	   21282	    3968	     430
2020_04_23	  208389	   21717	    4211	     435
2020_04_24	  213024	   22157	    4635	     440
2020_04_25	  219764	   22524	    6740	     367
2020_04_26	  219764	   22524	       0	       0
2020_04_27	  207634	   23190	  -12130	     666
2020_04_28	  209465	   23190	    1831	       0
2020_04_29	  210773	   23822	    1308	     632
2020_04_30	  212917	   24275	    2144	     453
2020_05_01	  213435	   24543	     518	     268
2020_05_02	  215216	   24824	    1781	     281
2020_05_03	  216582	   25100	    1366	     276
2020_05_04	  217466	   25264	     884	     164
2020_05_05	  218011	   25428	     545	     164
2020_05_06	  219329	   25613	    1318	     185
2020_05_07	  220325	   25857	     996	     244
2020_05_08	  221447	   26070	    1122	     213
2020_05_09	  222857	   26251	    1410	     181
2020_05_10	  223578	   26478	     721	     227
2020_05_11	  224390	   26621	     812	     143
2020_05_12	  227436	   26744	    3046	     123
2020_05_13	  228030	   26920	     594	     176
2020_05_14	  228691	   27104	     661	     184
2020_05_15	  229540	   27321	     849	     217
2020_05_16	  230183	   27459	     643	     138
2020_05_17	  230698	   27563	     515	     104
2020_05_18	  231350	   27650	     652	      87
2020_05_19	  231606	   27709	     256	      59
2020_05_20	  232037	   27778	     431	      69
2020_05_21	  232555	   27888	     518	     110
2020_05_22	  233037	   27940	     482	      52
2020_05_23	  234824	   28628	    1787	     688
2020_05_24	  235290	   28678	     466	      50
2020_05_25	  235772	   28752	     482	      74
2020_05_26	  235400	   26834	    -372	   -1918
2020_05_27	  236631	   29035	    1231	    2201
2020_05_28	  237141	   29036	     510	       1
2020_05_29	  238278	   29037	    1137	       1
2020_05_30	  238936	   29039	     658	       2
2020_05_31	  239600	   29043	     664	       4
2020_06_01	  239801	   29045	     201	       2
2020_06_02	  240010	   29858	     209	     813
2020_06_03	  240304	   29858	     294	       0
2020_06_04	  240326	   27940	      22	   -1918
2020_06_05	  240660	   27133	     334	    -807
2020_06_06	  240978	   27134	     318	       1
2020_06_07	  241310	   27135	     332	       1
2020_06_08	  241550	   27136	     240	       1
2020_06_09	  241717	   27136	     167	       0
2020_06_10	  241966	   27136	     249	       0
2020_06_11	  242280	   27136	     314	       0
2020_06_12	  242707	   27136	     427	       0
2020_06_13	  243209	   27136	     502	       0
2020_06_14	  243605	   27136	     396	       0
2020_06_15	  243928	   27136	     323	       0
2020_06_16	  244109	   27136	     181	       0
2020_06_17	  244328	   27136	     219	       0
2020_06_18	  244683	   27136	     355	       0
2020_06_19	  245268	   27136	     585	       0
2020_06_20	  245575	   28315	     307	    1179
2020_06_21	  245938	   28322	     363	       7
2020_06_22	  246272	   28323	     334	       1
2020_06_23	  246504	   28324	     232	       1
2020_06_24	  246752	   28325	     248	       1
2020_06_25	  247086	   28327	     334	       2
2020_06_26	  247486	   28330	     400	       3
2020_06_27	  247905	   28338	     419	       8
2020_06_28	  248469	   28341	     564	       3
2020_06_29	  248770	   28343	     301	       2
2020_06_30	  248970	   28346	     200	       3
2020_07_01	  249271	   28355	     301	       9
2020_07_02	  249659	   28363	     388	       8
2020_07_03	  250103	   28368	     444	       5
2020_07_04	  250545	   28385	     442	      17
2020_07_05	  250545	   28385	       0	       0
2020_07_06	  250545	   28385	       0	       0
2020_07_07	  251789	   28388	    1244	       3
2020_07_08	  252130	   28392	     341	       4
2020_07_09	  252513	   28396	     383	       4
2020_07_10	  253056	   28401	     543	       5
2020_07_11	  253908	   28403	     852	       2
2020_07_12	  253908	   28403	       0	       0
2020_07_13	  253908	   28403	       0	       0
2020_07_14	  255953	   28406	    2045	       3
2020_07_15	  256619	   28409	     666	       3
2020_07_16	  257494	   28413	     875	       4
2020_07_17	  258855	   28416	    1361	       3
2020_07_18	  260255	   28420	    1400	       4
2020_07_19	  260255	   28420	       0	       0
2020_07_20	  260255	   28420	       0	       0
2020_07_21	  264836	   28422	    4581	       2
2020_07_22	  266194	   28424	    1358	       2
2020_07_23	  267551	   28426	    1357	       2
2020_07_24	  270166	   28429	    2615	       3
2020_07_25	  272421	   28432	    2255	       3
2020_07_26	  272421	   28432	       0	       0
2020_07_27	  272421	   28432	       0	       0
2020_07_28	  278782	   28434	    6361	       2
2020_07_29	  280610	   28436	    1828	       2
2020_07_30	  282641	   28441	    2031	       5
2020_07_31	  285430	   28443	    2789	       2
2020_08_01	  288522	   28445	    3092	       2
2020_08_02	  288522	   28445	       0	       0
2020_08_03	  288522	   28445	       0	       0
2020_08_04	  297054	   28472	    8532	      27
2020_08_05	  302814	   28498	    5760	      26
2020_08_06	  305767	   28499	    2953	       1
2020_08_07	  309855	   28500	    4088	       1
2020_08_08	  314362	   28503	    4507	       3
2020_08_09	  314362	   28503	       0	       0
2020_08_10	  314362	   28503	       0	       0
2020_08_11	  314362	   28503	       0	       0
2020_08_12	  326612	   28581	   12250	      78
2020_08_13	  329784	   28579	    3172	      -2
2020_08_14	  337334	   28605	    7550	      26
2020_08_15	  342813	   28617	    5479	      12
2020_08_16	  342813	   28617	       0	       0
2020_08_17	  348990	   28648	    6177	      31
2020_08_18	  355167	   28680	    6177	      32
2020_08_19	  361344	   28711	    6177	      31
2020_08_20	  367522	   28743	    6178	      32
2020_08_21	  373699	   28774	    6177	      31
2020_08_22	  379876	   28806	    6177	      32
2020_08_23	  386054	   28838	    6178	      32
2020_08_24	  393658	   28862	    7604	      24
2020_08_25	  401263	   28887	    7605	      25
2020_08_26	  408867	   28912	    7604	      25
2020_08_27	  416472	   28936	    7605	      24
2020_08_28	  424076	   28961	    7604	      25
2020_08_29	  431681	   28986	    7605	      25
2020_08_30	  439286	   29011	    7605	      25
2020_08_31	  447815	   29069	    8529	      58
2020_09_01	  456344	   29127	    8529	      58
2020_09_02	  464873	   29185	    8529	      58
2020_09_03	  473402	   29243	    8529	      58
2020_09_04	  481931	   29301	    8529	      58
2020_09_05	  490460	   29359	    8529	      58
2020_09_06	  498989	   29418	    8529	      59
2020_09_07	  508608	   29465	    9619	      47
2020_09_08	  518228	   29512	    9620	      47
2020_09_09	  527847	   29559	    9619	      47
2020_09_10	  537467	   29606	    9620	      47
2020_09_11	  547086	   29653	    9619	      47
2020_09_12	  556706	   29700	    9620	      47
2020_09_13	  566326	   29747	    9620	      47
2020_09_14	  576856	   29853	   10530	     106
2020_09_15	  587387	   29960	   10531	     107
2020_09_16	  597917	   30067	   10530	     107
2020_09_17	  608448	   30174	   10531	     107
2020_09_18	  618978	   30281	   10530	     107
2020_09_19	  629509	   30388	   10531	     107
2020_09_20	  640040	   30495	   10531	     107
2020_09_21	  650960	   30600	   10920	     105
2020_09_22	  661880	   30705	   10920	     105
2020_09_23	  672800	   30810	   10920	     105
2020_09_24	  683720	   30916	   10920	     106
2020_09_25	  694640	   31021	   10920	     105
2020_09_26	  705560	   31126	   10920	     105
2020_09_27	  716481	   31232	   10921	     106
2020_09_28	  726974	   31354	   10493	     122
2020_09_29	  737467	   31476	   10493	     122
2020_09_30	  747960	   31598	   10493	     122
2020_10_01	  758453	   31720	   10493	     122
2020_10_02	  768946	   31842	   10493	     122
2020_10_03	  779439	   31964	   10493	     122
2020_10_04	  789932	   32086	   10493	     122
2020_10_05	  800100	   32206	   10168	     120
2020_10_06	  810269	   32326	   10169	     120
2020_10_07	  820437	   32447	   10168	     121
2020_10_08	  830606	   32567	   10169	     120
2020_10_09	  840774	   32688	   10168	     121
2020_10_10	  850943	   32808	   10169	     120
2020_10_11	  861112	   32929	   10169	     121
2020_10_12	  871890	   33049	   10778	     120
2020_10_13	  882668	   33170	   10778	     121
2020_10_14	  893446	   33291	   10778	     121
2020_10_15	  904225	   33412	   10779	     121
2020_10_16	  915003	   33533	   10778	     121
2020_10_17	  925781	   33654	   10778	     121
2020_10_18	  936560	   33775	   10779	     121
2020_10_19	  952213	   33914	   15653	     139
2020_10_20	  967866	   34054	   15653	     140
2020_10_21	  983519	   34193	   15653	     139
2020_10_22	  999172	   34333	   15653	     140
2020_10_23	 1014825	   34472	   15653	     139
2020_10_24	 1030478	   34612	   15653	     140
2020_10_25	 1046132	   34752	   15654	     140
2020_10_26	 1066067	   34912	   19935	     160
2020_10_27	 1086002	   35073	   19935	     161
2020_10_28	 1105937	   35234	   19935	     161
2020_10_29	 1125872	   35395	   19935	     161
2020_10_30	 1145807	   35556	   19935	     161
2020_10_31	 1165742	   35717	   19935	     161
2020_11_01	 1185678	   35878	   19936	     161
2020_11_02	 1206128	   36300	   20450	     422
2020_11_03	 1226579	   36722	   20451	     422
2020_11_04	 1247029	   37144	   20450	     422
2020_11_05	 1267480	   37566	   20451	     422
2020_11_06	 1287930	   37988	   20450	     422
2020_11_07	 1308381	   38410	   20451	     422
2020_11_08	 1328832	   38833	   20451	     423
2020_11_09	 1347369	   39109	   18537	     276
2020_11_10	 1365906	   39386	   18537	     277
2020_11_11	 1384443	   39662	   18537	     276
2020_11_12	 1402980	   39939	   18537	     277
2020_11_13	 1421517	   40215	   18537	     276
2020_11_14	 1440054	   40492	   18537	     277
2020_11_15	 1458591	   40769	   18537	     277
2020_11_16	 1472610	   41033	   14019	     264
2020_11_17	 1486630	   41297	   14020	     264
2020_11_18	 1500650	   41561	   14020	     264
2020_11_19	 1514670	   41826	   14020	     265
2020_11_20	 1528690	   42090	   14020	     264
2020_11_21	 1542710	   42354	   14020	     264
2020_11_22	 1556730	   42619	   14020	     265
2020_11_23	 1566941	   42911	   10211	     292
2020_11_24	 1577152	   43204	   10211	     293
2020_11_25	 1587363	   43497	   10211	     293
2020_11_26	 1597574	   43789	   10211	     292
2020_11_27	 1607785	   44082	   10211	     293
2020_11_28	 1617996	   44375	   10211	     293
2020_11_29	 1628208	   44668	   10212	     293
2020_11_30	 1636270	   44894	    8062	     226
2020_12_01	 1644333	   45120	    8063	     226
2020_12_02	 1652396	   45346	    8063	     226
2020_12_03	 1660458	   45573	    8062	     227
2020_12_04	 1668521	   45799	    8063	     226
2020_12_05	 1676584	   46025	    8063	     226
2020_12_06	 1684647	   46252	    8063	     227
2020_12_07	 1691208	   46448	    6561	     196
2020_12_08	 1697769	   46644	    6561	     196
2020_12_09	 1704330	   46840	    6561	     196
2020_12_10	 1710891	   47036	    6561	     196
2020_12_11	 1717452	   47232	    6561	     196
2020_12_12	 1724013	   47428	    6561	     196
2020_12_13	 1730575	   47624	    6562	     196
2020_12_14	 1740098	   47810	    9523	     186
2020_12_15	 1749621	   47996	    9523	     186
2020_12_16	 1759144	   48182	    9523	     186
2020_12_17	 1768667	   48368	    9523	     186
2020_12_18	 1778190	   48554	    9523	     186
2020_12_19	 1787713	   48740	    9523	     186
2020_12_20	 1797236	   48926	    9523	     186
2020_12_21	 1805481	   49054	    8245	     128
2020_12_22	 1813726	   49182	    8245	     128
2020_12_23	 1821971	   49310	    8245	     128
2020_12_24	 1830216	   49439	    8245	     129
2020_12_25	 1838461	   49567	    8245	     128
2020_12_26	 1846706	   49695	    8245	     128
2020_12_27	 1854951	   49824	    8245	     129
2020_12_28	 1860458	   49912	    5507	      88
2020_12_29	 1865965	   50000	    5507	      88
2020_12_30	 1871472	   50088	    5507	      88
2020_12_31	 1876980	   50177	    5508	      89
2021_01_01	 1882487	   50265	    5507	      88
2021_01_02	 1887994	   50353	    5507	      88
2021_01_03	 1893502	   50442	    5508	      89
2021_01_04	 1912367	   50620	   18865	     178
2021_01_05	 1931232	   50798	   18865	     178
2021_01_06	 1950098	   50976	   18866	     178
2021_01_07	 1968963	   51155	   18865	     179
2021_01_08	 1987829	   51333	   18866	     178
2021_01_09	 2006694	   51511	   18865	     178
2021_01_10	 2025560	   51690	   18866	     179
2021_01_11	 2052189	   51888	   26629	     198
2021_01_12	 2078819	   52086	   26630	     198
2021_01_13	 2105448	   52285	   26629	     199
2021_01_14	 2132078	   52483	   26630	     198
2021_01_15	 2158707	   52682	   26629	     199
2021_01_16	 2185337	   52880	   26630	     198
2021_01_17	 2211967	   53079	   26630	     199
2021_01_18	 2246925	   53359	   34958	     280
2021_01_19	 2281883	   53639	   34958	     280
2021_01_20	 2316841	   53919	   34958	     280
2021_01_21	 2351800	   54200	   34959	     281
2021_01_22	 2386758	   54480	   34958	     280
2021_01_23	 2421716	   54760	   34958	     280
2021_01_24	 2456675	   55041	   34959	     281
2021_01_25	 2492150	   55436	   35475	     395
2021_01_26	 2527625	   55831	   35475	     395
2021_01_27	 2563100	   56226	   35475	     395
2021_01_28	 2598575	   56621	   35475	     395
2021_01_29	 2634050	   57016	   35475	     395
2021_01_30	 2669525	   57411	   35475	     395
2021_01_31	 2705001	   57806	   35476	     395
2021_02_01	 2734775	   58234	   29774	     428
2021_02_02	 2764550	   58662	   29775	     428
2021_02_03	 2794325	   59090	   29775	     428
2021_02_04	 2824100	   59518	   29775	     428
2021_02_05	 2853875	   59946	   29775	     428
2021_02_06	 2883650	   60374	   29775	     428
2021_02_07	 2913425	   60802	   29775	     428
2021_02_08	 2931714	   61289	   18289	     487
2021_02_09	 2950004	   61777	   18290	     488
2021_02_10	 2968294	   62265	   18290	     488
2021_02_11	 2986584	   62753	   18290	     488
2021_02_12	 3004874	   63241	   18290	     488
2021_02_13	 3023164	   63729	   18290	     488
2021_02_14	 3041454	   64217	   18290	     488
2021_02_15	 3052915	   64572	   11461	     355
2021_02_16	 3064377	   64927	   11462	     355
2021_02_17	 3075839	   65282	   11462	     355
2021_02_18	 3087301	   65638	   11462	     356
2021_02_19	 3098763	   65993	   11462	     355
2021_02_20	 3110225	   66348	   11462	     355
2021_02_21	 3121687	   66704	   11462	     356
2021_02_22	 3130047	   67005	    8360	     301
2021_02_23	 3138408	   67306	    8361	     301
2021_02_24	 3146769	   67607	    8361	     301
2021_02_25	 3155129	   67909	    8360	     302
2021_02_26	 3163490	   68210	    8361	     301
2021_02_27	 3171851	   68511	    8361	     301
2021_02_28	 3180212	   68813	    8361	     302
2021_03_01	 3174804	   69054	   -5408	     241
2021_03_02	 3169396	   69295	   -5408	     241
2021_03_03	 3163988	   69536	   -5408	     241
2021_03_04	 3158581	   69777	   -5407	     241
2021_03_05	 3153173	   70018	   -5408	     241
2021_03_06	 3147765	   70259	   -5408	     241
2021_03_07	 3142358	   70501	   -5407	     242
2021_03_08	 3148264	   70752	    5906	     251
2021_03_09	 3154171	   71003	    5907	     251
2021_03_10	 3160077	   71254	    5906	     251
2021_03_11	 3165984	   71505	    5907	     251
2021_03_12	 3171890	   71756	    5906	     251
2021_03_13	 3177797	   72007	    5907	     251
2021_03_14	 3183704	   72258	    5907	     251
2021_03_15	 3186905	   72334	    3201	      76
2021_03_16	 3190107	   72410	    3202	      76
2021_03_17	 3193309	   72487	    3202	      77
2021_03_18	 3196510	   72563	    3201	      76
2021_03_19	 3199712	   72640	    3202	      77
2021_03_20	 3202914	   72716	    3202	      76
2021_03_21	 3206116	   72793	    3202	      77
2021_03_22	 3212062	   73025	    5946	     232
2021_03_23	 3218008	   73257	    5946	     232
2021_03_24	 3223954	   73490	    5946	     233
2021_03_25	 3229900	   73722	    5946	     232
2021_03_26	 3235846	   73955	    5946	     233
2021_03_27	 3241792	   74187	    5946	     232
2021_03_28	 3247738	   74420	    5946	     233
2021_03_29	 3253974	   74580	    6236	     160
2021_03_30	 3260211	   74740	    6237	     160
2021_03_31	 3266447	   74900	    6236	     160
2021_04_01	 3272684	   75060	    6237	     160
2021_04_02	 3278920	   75220	    6236	     160
2021_04_03	 3285157	   75380	    6237	     160
2021_04_04	 3291394	   75541	    6237	     161
2021_04_05	 3297857	   75632	    6463	      91
2021_04_06	 3304320	   75723	    6463	      91
2021_04_07	 3310783	   75814	    6463	      91
2021_04_08	 3317247	   75905	    6464	      91
2021_04_09	 3323710	   75996	    6463	      91
2021_04_10	 3330173	   76087	    6463	      91
2021_04_11	 3336637	   76179	    6464	      92
2021_04_12	 3345215	   76279	    8578	     100
2021_04_13	 3353793	   76379	    8578	     100
2021_04_14	 3362371	   76480	    8578	     101
2021_04_15	 3370950	   76580	    8579	     100
2021_04_16	 3379528	   76681	    8578	     101
2021_04_17	 3388106	   76781	    8578	     100
2021_04_18	 3396685	   76882	    8579	     101
2021_04_19	 3405285	   76969	    8600	      87
2021_04_20	 3413885	   77057	    8600	      88
2021_04_21	 3422485	   77145	    8600	      88
2021_04_22	 3431085	   77232	    8600	      87
2021_04_23	 3439685	   77320	    8600	      88
2021_04_24	 3448285	   77408	    8600	      88
2021_04_25	 3456886	   77496	    8601	      88
2021_04_26	 3465179	   77579	    8293	      83
2021_04_27	 3473473	   77662	    8294	      83
2021_04_28	 3481767	   77746	    8294	      84
2021_04_29	 3490060	   77829	    8293	      83
2021_04_30	 3498354	   77913	    8294	      84
2021_05_01	 3506648	   77996	    8294	      83
2021_05_02	 3514942	   78080	    8294	      84
2021_05_03	 3523876	   78194	    8934	     114
2021_05_04	 3532811	   78308	    8935	     114
2021_05_05	 3541746	   78422	    8935	     114
2021_05_06	 3550681	   78536	    8935	     114
2021_05_07	 3559616	   78650	    8935	     114
2021_05_08	 3568551	   78764	    8935	     114
2021_05_09	 3577486	   78879	    8935	     115
2021_05_10	 3580481	   78936	    2995	      57
2021_05_11	 3583476	   78993	    2995	      57
2021_05_12	 3586471	   79051	    2995	      58
2021_05_13	 3589466	   79108	    2995	      57
2021_05_14	 3592461	   79166	    2995	      58
2021_05_15	 3595456	   79223	    2995	      57
2021_05_16	 3598452	   79281	    2996	      58
2021_05_17	 3603196	   79326	    4744	      45
2021_05_18	 3607940	   79372	    4744	      46
2021_05_19	 3612684	   79418	    4744	      46
2021_05_20	 3617428	   79463	    4744	      45
2021_05_21	 3622172	   79509	    4744	      46
2021_05_22	 3626916	   79555	    4744	      46
2021_05_23	 3631661	   79601	    4745	      46
2021_05_24	 3636163	   79642	    4502	      41
2021_05_25	 3640665	   79683	    4502	      41
2021_05_26	 3645167	   79724	    4502	      41
2021_05_27	 3649669	   79765	    4502	      41
2021_05_28	 3654171	   79806	    4502	      41
2021_05_29	 3658673	   79847	    4502	      41
2021_05_30	 3663176	   79888	    4503	      41
2021_05_31	 3667438	   79918	    4262	      30
2021_06_01	 3671700	   79948	    4262	      30
2021_06_02	 3675962	   79978	    4262	      30
2021_06_03	 3680225	   80008	    4263	      30
2021_06_04	 3684487	   80038	    4262	      30
2021_06_05	 3688749	   80068	    4262	      30
2021_06_06	 3693012	   80099	    4263	      31
2021_06_07	 3698218	   80151	    5206	      52
2021_06_08	 3703425	   80203	    5207	      52
2021_06_09	 3708631	   80255	    5206	      52
2021_06_10	 3713838	   80308	    5207	      53
2021_06_11	 3719044	   80360	    5206	      52
2021_06_12	 3724251	   80412	    5207	      52
2021_06_13	 3729458	   80465	    5207	      53
