#
# COVID-19 Country file (official WHO count)
# Country = Sudan
# Latitude = 16.0
# Population = 43541.203
# Territory = 1861484.0
# LEB = 65.3
# DPA = 305000
# DPA65 = 88450
# GDP = 1553.0
# GDP_PPP = 4449.0
# COVID-19 Mortality = 62.7
# First_Case = 2020_03_14
# Last_Case = 2021_06_13
# First_Death = 2020_03_16
# Last_Death = 2021_06_13
# Status as of 2021_06_13 = Clusters of cases
# Vaccine type = Unknown
# Vaccine start = NA
#
Date	Conf_Cases	Conf_Deaths	Daily_Cases	Daily_Deaths
2020_03_14	       1	       0	       1	       0
2020_03_15	       1	       0	       0	       0
2020_03_16	       1	       1	       0	       1
2020_03_17	       2	       1	       1	       0
2020_03_18	       1	       1	      -1	       0
2020_03_19	       1	       1	       0	       0
2020_03_20	       1	       1	       0	       0
2020_03_21	       1	       1	       0	       0
2020_03_22	       2	       1	       1	       0
2020_03_23	       2	       1	       0	       0
2020_03_24	       2	       1	       0	       0
2020_03_25	       3	       1	       1	       0
2020_03_26	       3	       1	       0	       0
2020_03_27	       3	       1	       0	       0
2020_03_28	       3	       1	       0	       0
2020_03_29	       5	       1	       2	       0
2020_03_30	       6	       2	       1	       1
2020_03_31	       6	       2	       0	       0
2020_04_01	       7	       2	       1	       0
2020_04_02	       7	       2	       0	       0
2020_04_03	       8	       2	       1	       0
2020_04_04	      10	       2	       2	       0
2020_04_05	      10	       2	       0	       0
2020_04_06	      12	       2	       2	       0
2020_04_07	      14	       2	       2	       0
2020_04_08	      14	       2	       0	       0
2020_04_09	      14	       2	       0	       0
2020_04_10	      15	       2	       1	       0
2020_04_11	      17	       2	       2	       0
2020_04_12	      19	       2	       2	       0
2020_04_13	      19	       2	       0	       0
2020_04_14	      29	       4	      10	       2
2020_04_15	      32	       5	       3	       1
2020_04_16	      32	       5	       0	       0
2020_04_17	      32	       5	       0	       0
2020_04_18	      33	       6	       1	       1
2020_04_19	      66	      10	      33	       4
2020_04_20	      92	      12	      26	       2
2020_04_21	     107	      12	      15	       0
2020_04_22	     140	      13	      33	       1
2020_04_23	     162	      13	      22	       0
2020_04_24	     174	      16	      12	       3
2020_04_25	     174	      16	       0	       0
2020_04_26	     213	      17	      39	       1
2020_04_27	     237	      21	      24	       4
2020_04_28	     275	      22	      38	       1
2020_04_29	     318	      25	      43	       3
2020_04_30	     375	      28	      57	       3
2020_05_01	     442	      31	      67	       3
2020_05_02	     533	      36	      91	       5
2020_05_03	     592	      41	      59	       5
2020_05_04	     592	      41	       0	       0
2020_05_05	     678	      41	      86	       0
2020_05_06	     778	      45	     100	       4
2020_05_07	     852	      49	      74	       4
2020_05_08	     930	      52	      78	       3
2020_05_09	    1111	      59	     181	       7
2020_05_10	    1164	      64	      53	       5
2020_05_11	    1365	      70	     201	       6
2020_05_12	    1526	      74	     161	       4
2020_05_13	    1660	      80	     134	       6
2020_05_14	    1817	      90	     157	      10
2020_05_15	    1964	      91	     147	       1
2020_05_16	    1964	      91	       0	       0
2020_05_17	    2289	      97	     325	       6
2020_05_18	    2591	     105	     302	       8
2020_05_19	    2591	     105	       0	       0
2020_05_20	    2728	     111	     137	       6
2020_05_21	    3138	     121	     410	      10
2020_05_22	    3138	     121	       0	       0
2020_05_23	    3378	     137	     240	      16
2020_05_24	    3634	     146	     256	       9
2020_05_25	    3826	     165	     192	      19
2020_05_26	    3976	     170	     150	       5
2020_05_27	    4146	     184	     170	      14
2020_05_28	    4346	     195	     200	      11
2020_05_29	    4346	     195	       0	       0
2020_05_30	    4521	     233	     175	      38
2020_05_31	    4800	     262	     279	      29
2020_06_01	    5026	     286	     226	      24
2020_06_02	    5173	     298	     147	      12
2020_06_03	    5310	     307	     137	       9
2020_06_04	    5499	     314	     189	       7
2020_06_05	    5714	     333	     215	      19
2020_06_06	    5865	     347	     151	      14
2020_06_07	    6081	     359	     216	      12
2020_06_08	    6083	     359	       2	       0
2020_06_09	    6244	     372	     161	      13
2020_06_10	    6427	     389	     183	      17
2020_06_11	    6582	     401	     155	      12
2020_06_12	    6730	     413	     148	      12
2020_06_13	    6879	     433	     149	      20
2020_06_14	    7007	     447	     128	      14
2020_06_15	    7220	     459	     213	      12
2020_06_16	    7435	     468	     215	       9
2020_06_17	    7740	     477	     305	       9
2020_06_18	    8020	     487	     280	      10
2020_06_19	    8020	     487	       0	       0
2020_06_20	    8416	     513	     396	      26
2020_06_21	    8580	     521	     164	       8
2020_06_22	    8580	     521	       0	       0
2020_06_23	    8698	     533	     118	      12
2020_06_24	    8791	     540	      93	       7
2020_06_25	    8889	     548	      98	       8
2020_06_26	    8984	     556	      95	       8
2020_06_27	    9258	     572	     274	      16
2020_06_28	    9258	     572	       0	       0
2020_06_29	    9258	     572	       0	       0
2020_06_30	    9258	     572	       0	       0
2020_07_01	    9258	     572	       0	       0
2020_07_02	    9574	     602	     316	      30
2020_07_03	    9663	     604	      89	       2
2020_07_04	    9663	     604	       0	       0
2020_07_05	    9767	     608	     104	       4
2020_07_06	    9767	     608	       0	       0
2020_07_07	    9894	     616	     127	       8
2020_07_08	    9997	     622	     103	       6
2020_07_09	   10084	     636	      87	      14
2020_07_10	   10204	     649	     120	      13
2020_07_11	   10204	     649	       0	       0
2020_07_12	   10250	     650	      46	       1
2020_07_13	   10250	     650	       0	       0
2020_07_14	   10316	     657	      66	       7
2020_07_15	   10417	     659	     101	       2
2020_07_16	   10527	     668	     110	       9
2020_07_17	   10527	     668	       0	       0
2020_07_18	   10527	     668	       0	       0
2020_07_19	   10762	     680	     235	      12
2020_07_20	   10992	     693	     230	      13
2020_07_21	   10992	     693	       0	       0
2020_07_22	   11127	     706	     135	      13
2020_07_23	   11237	     708	     110	       2
2020_07_24	   11302	     715	      65	       7
2020_07_25	   11302	     715	       0	       0
2020_07_26	   11302	     715	       0	       0
2020_07_27	   11424	     720	     122	       5
2020_07_28	   11496	     725	      72	       5
2020_07_29	   11496	     725	       0	       0
2020_07_30	   11496	     725	       0	       0
2020_07_31	   11496	     725	       0	       0
2020_08_01	   11644	     746	     148	      21
2020_08_02	   11738	     752	      94	       6
2020_08_03	   11738	     752	       0	       0
2020_08_04	   11738	     752	       0	       0
2020_08_05	   11780	     763	      42	      11
2020_08_06	   11780	     763	       0	       0
2020_08_07	   11850	     769	      70	       6
2020_08_08	   11894	     773	      44	       4
2020_08_09	   11894	     773	       0	       0
2020_08_10	   11956	     781	      62	       8
2020_08_11	   11956	     781	       0	       0
2020_08_12	   12033	     786	      77	       5
2020_08_13	   12115	     792	      82	       6
2020_08_14	   12162	     793	      47	       1
2020_08_15	   12211	     796	      49	       3
2020_08_16	   12314	     798	     103	       2
2020_08_17	   12366	     800	      52	       2
2020_08_18	   12419	     802	      53	       2
2020_08_19	   12471	     805	      52	       3
2020_08_20	   12524	     807	      53	       2
2020_08_21	   12576	     810	      52	       3
2020_08_22	   12629	     812	      53	       2
2020_08_23	   12682	     815	      53	       3
2020_08_24	   12754	     816	      72	       1
2020_08_25	   12826	     817	      72	       1
2020_08_26	   12899	     818	      73	       1
2020_08_27	   12971	     819	      72	       1
2020_08_28	   13044	     820	      73	       1
2020_08_29	   13116	     821	      72	       1
2020_08_30	   13189	     823	      73	       2
2020_08_31	   13220	     824	      31	       1
2020_09_01	   13251	     825	      31	       1
2020_09_02	   13282	     826	      31	       1
2020_09_03	   13313	     828	      31	       2
2020_09_04	   13344	     829	      31	       1
2020_09_05	   13375	     830	      31	       1
2020_09_06	   13407	     832	      32	       2
2020_09_07	   13416	     832	       9	       0
2020_09_08	   13425	     832	       9	       0
2020_09_09	   13434	     832	       9	       0
2020_09_10	   13443	     833	       9	       1
2020_09_11	   13452	     833	       9	       0
2020_09_12	   13461	     833	       9	       0
2020_09_13	   13470	     834	       9	       1
2020_09_14	   13479	     834	       9	       0
2020_09_15	   13488	     834	       9	       0
2020_09_16	   13497	     834	       9	       0
2020_09_17	   13507	     835	      10	       1
2020_09_18	   13516	     835	       9	       0
2020_09_19	   13525	     835	       9	       0
2020_09_20	   13535	     836	      10	       1
2020_09_21	   13545	     836	      10	       0
2020_09_22	   13555	     836	      10	       0
2020_09_23	   13565	     836	      10	       0
2020_09_24	   13575	     836	      10	       0
2020_09_25	   13585	     836	      10	       0
2020_09_26	   13595	     836	      10	       0
2020_09_27	   13606	     836	      11	       0
2020_09_28	   13612	     836	       6	       0
2020_09_29	   13619	     836	       7	       0
2020_09_30	   13626	     836	       7	       0
2020_10_01	   13632	     836	       6	       0
2020_10_02	   13639	     836	       7	       0
2020_10_03	   13646	     836	       7	       0
2020_10_04	   13653	     836	       7	       0
2020_10_05	   13655	     836	       2	       0
2020_10_06	   13657	     836	       2	       0
2020_10_07	   13660	     836	       3	       0
2020_10_08	   13662	     836	       2	       0
2020_10_09	   13665	     836	       3	       0
2020_10_10	   13667	     836	       2	       0
2020_10_11	   13670	     836	       3	       0
2020_10_12	   13677	     836	       7	       0
2020_10_13	   13685	     836	       8	       0
2020_10_14	   13693	     836	       8	       0
2020_10_15	   13700	     836	       7	       0
2020_10_16	   13708	     836	       8	       0
2020_10_17	   13716	     836	       8	       0
2020_10_18	   13724	     836	       8	       0
2020_10_19	   13727	     836	       3	       0
2020_10_20	   13730	     836	       3	       0
2020_10_21	   13733	     836	       3	       0
2020_10_22	   13737	     836	       4	       0
2020_10_23	   13740	     836	       3	       0
2020_10_24	   13743	     836	       3	       0
2020_10_25	   13747	     837	       4	       1
2020_10_26	   13755	     837	       8	       0
2020_10_27	   13763	     837	       8	       0
2020_10_28	   13771	     837	       8	       0
2020_10_29	   13779	     837	       8	       0
2020_10_30	   13787	     837	       8	       0
2020_10_31	   13795	     837	       8	       0
2020_11_01	   13804	     837	       9	       0
2020_11_02	   13854	     876	      50	      39
2020_11_03	   13904	     916	      50	      40
2020_11_04	   13954	     956	      50	      40
2020_11_05	   14004	     996	      50	      40
2020_11_06	   14054	    1036	      50	      40
2020_11_07	   14104	    1076	      50	      40
2020_11_08	   14155	    1116	      51	      40
2020_11_09	   14222	    1116	      67	       0
2020_11_10	   14289	    1116	      67	       0
2020_11_11	   14356	    1116	      67	       0
2020_11_12	   14424	    1116	      68	       0
2020_11_13	   14491	    1116	      67	       0
2020_11_14	   14558	    1116	      67	       0
2020_11_15	   14626	    1116	      68	       0
2020_11_16	   14799	    1127	     173	      11
2020_11_17	   14972	    1138	     173	      11
2020_11_18	   15145	    1149	     173	      11
2020_11_19	   15319	    1160	     174	      11
2020_11_20	   15492	    1171	     173	      11
2020_11_21	   15665	    1182	     173	      11
2020_11_22	   15839	    1193	     174	      11
2020_11_23	   16062	    1199	     223	       6
2020_11_24	   16286	    1205	     224	       6
2020_11_25	   16509	    1211	     223	       6
2020_11_26	   16733	    1217	     224	       6
2020_11_27	   16956	    1223	     223	       6
2020_11_28	   17180	    1229	     224	       6
2020_11_29	   17404	    1235	     224	       6
2020_11_30	   17738	    1244	     334	       9
2020_12_01	   18073	    1253	     335	       9
2020_12_02	   18408	    1263	     335	      10
2020_12_03	   18742	    1272	     334	       9
2020_12_04	   19077	    1282	     335	      10
2020_12_05	   19412	    1291	     335	       9
2020_12_06	   19747	    1301	     335	      10
2020_12_07	   19981	    1307	     234	       6
2020_12_08	   20215	    1314	     234	       7
2020_12_09	   20449	    1320	     234	       6
2020_12_10	   20683	    1327	     234	       7
2020_12_11	   20917	    1333	     234	       6
2020_12_12	   21151	    1340	     234	       7
2020_12_13	   21386	    1347	     235	       7
2020_12_14	   21591	    1359	     205	      12
2020_12_15	   21796	    1371	     205	      12
2020_12_16	   22001	    1384	     205	      13
2020_12_17	   22207	    1396	     206	      12
2020_12_18	   22412	    1409	     205	      13
2020_12_19	   22617	    1421	     205	      12
2020_12_20	   22823	    1434	     206	      13
2020_12_21	   22893	    1438	      70	       4
2020_12_22	   22963	    1443	      70	       5
2020_12_23	   23034	    1448	      71	       5
2020_12_24	   23104	    1453	      70	       5
2020_12_25	   23175	    1458	      71	       5
2020_12_26	   23245	    1463	      70	       5
2020_12_27	   23316	    1468	      71	       5
2020_12_28	   23316	    1468	       0	       0
2020_12_29	   23316	    1468	       0	       0
2020_12_30	   23316	    1468	       0	       0
2020_12_31	   23316	    1468	       0	       0
2021_01_01	   23316	    1468	       0	       0
2021_01_02	   23316	    1468	       0	       0
2021_01_03	   23316	    1468	       0	       0
2021_01_04	   23316	    1468	       0	       0
2021_01_05	   23316	    1468	       0	       0
2021_01_06	   23316	    1468	       0	       0
2021_01_07	   23316	    1468	       0	       0
2021_01_08	   23316	    1468	       0	       0
2021_01_09	   23316	    1468	       0	       0
2021_01_10	   23316	    1468	       0	       0
2021_01_11	   23739	    1487	     423	      19
2021_01_12	   24162	    1506	     423	      19
2021_01_13	   24585	    1525	     423	      19
2021_01_14	   25009	    1545	     424	      20
2021_01_15	   25432	    1564	     423	      19
2021_01_16	   25855	    1583	     423	      19
2021_01_17	   26279	    1603	     424	      20
2021_01_18	   26599	    1620	     320	      17
2021_01_19	   26919	    1637	     320	      17
2021_01_20	   27240	    1654	     321	      17
2021_01_21	   27560	    1671	     320	      17
2021_01_22	   27881	    1688	     321	      17
2021_01_23	   28201	    1705	     320	      17
2021_01_24	   28522	    1722	     321	      17
2021_01_25	   28654	    1734	     132	      12
2021_01_26	   28786	    1746	     132	      12
2021_01_27	   28919	    1758	     133	      12
2021_01_28	   29051	    1770	     132	      12
2021_01_29	   29184	    1782	     133	      12
2021_01_30	   29316	    1794	     132	      12
2021_01_31	   29449	    1807	     133	      13
2021_02_01	   29494	    1811	      45	       4
2021_02_02	   29539	    1815	      45	       4
2021_02_03	   29584	    1819	      45	       4
2021_02_04	   29629	    1823	      45	       4
2021_02_05	   29674	    1827	      45	       4
2021_02_06	   29719	    1831	      45	       4
2021_02_07	   29765	    1835	      46	       4
2021_02_08	   29789	    1837	      24	       2
2021_02_09	   29813	    1839	      24	       2
2021_02_10	   29837	    1841	      24	       2
2021_02_11	   29861	    1843	      24	       2
2021_02_12	   29885	    1845	      24	       2
2021_02_13	   29909	    1847	      24	       2
2021_02_14	   29933	    1849	      24	       2
2021_02_15	   29960	    1851	      27	       2
2021_02_16	   29988	    1853	      28	       2
2021_02_17	   30016	    1855	      28	       2
2021_02_18	   30044	    1857	      28	       2
2021_02_19	   30072	    1859	      28	       2
2021_02_20	   30100	    1861	      28	       2
2021_02_21	   30128	    1864	      28	       3
2021_02_22	   30159	    1866	      31	       2
2021_02_23	   30190	    1868	      31	       2
2021_02_24	   30221	    1870	      31	       2
2021_02_25	   30253	    1873	      32	       3
2021_02_26	   30284	    1875	      31	       2
2021_02_27	   30315	    1877	      31	       2
2021_02_28	   30347	    1880	      32	       3
2021_03_01	   30374	    1882	      27	       2
2021_03_02	   30402	    1884	      28	       2
2021_03_03	   30429	    1886	      27	       2
2021_03_04	   30457	    1888	      28	       2
2021_03_05	   30484	    1890	      27	       2
2021_03_06	   30512	    1892	      28	       2
2021_03_07	   30540	    1895	      28	       3
2021_03_08	   30594	    1903	      54	       8
2021_03_09	   30649	    1911	      55	       8
2021_03_10	   30704	    1919	      55	       8
2021_03_11	   30758	    1928	      54	       9
2021_03_12	   30813	    1936	      55	       8
2021_03_13	   30868	    1944	      55	       8
2021_03_14	   30923	    1953	      55	       9
2021_03_15	   30955	    1957	      32	       4
2021_03_16	   30987	    1962	      32	       5
2021_03_17	   31019	    1967	      32	       5
2021_03_18	   31051	    1971	      32	       4
2021_03_19	   31083	    1976	      32	       5
2021_03_20	   31115	    1981	      32	       5
2021_03_21	   31147	    1986	      32	       5
2021_03_22	   31184	    1992	      37	       6
2021_03_23	   31221	    1998	      37	       6
2021_03_24	   31258	    2004	      37	       6
2021_03_25	   31295	    2010	      37	       6
2021_03_26	   31332	    2016	      37	       6
2021_03_27	   31369	    2022	      37	       6
2021_03_28	   31407	    2028	      38	       6
2021_03_29	   31467	    2033	      60	       5
2021_03_30	   31528	    2038	      61	       5
2021_03_31	   31589	    2043	      61	       5
2021_04_01	   31650	    2048	      61	       5
2021_04_02	   31711	    2053	      61	       5
2021_04_03	   31772	    2058	      61	       5
2021_04_04	   31833	    2063	      61	       5
2021_04_05	   31833	    2063	       0	       0
2021_04_06	   31833	    2063	       0	       0
2021_04_07	   31833	    2063	       0	       0
2021_04_08	   31833	    2063	       0	       0
2021_04_09	   31833	    2063	       0	       0
2021_04_10	   31833	    2063	       0	       0
2021_04_11	   31833	    2063	       0	       0
2021_04_12	   32002	    2083	     169	      20
2021_04_13	   32172	    2104	     170	      21
2021_04_14	   32342	    2125	     170	      21
2021_04_15	   32512	    2145	     170	      20
2021_04_16	   32682	    2166	     170	      21
2021_04_17	   32852	    2187	     170	      21
2021_04_18	   33022	    2208	     170	      21
2021_04_19	   33115	    2221	      93	      13
2021_04_20	   33208	    2234	      93	      13
2021_04_21	   33301	    2247	      93	      13
2021_04_22	   33394	    2260	      93	      13
2021_04_23	   33487	    2273	      93	      13
2021_04_24	   33580	    2286	      93	      13
2021_04_25	   33673	    2300	      93	      14
2021_04_26	   33711	    2307	      38	       7
2021_04_27	   33750	    2314	      39	       7
2021_04_28	   33789	    2321	      39	       7
2021_04_29	   33827	    2328	      38	       7
2021_04_30	   33866	    2335	      39	       7
2021_05_01	   33905	    2342	      39	       7
2021_05_02	   33944	    2349	      39	       7
2021_05_03	   34070	    2362	     126	      13
2021_05_04	   34196	    2376	     126	      14
2021_05_05	   34322	    2390	     126	      14
2021_05_06	   34448	    2403	     126	      13
2021_05_07	   34574	    2417	     126	      14
2021_05_08	   34700	    2431	     126	      14
2021_05_09	   34826	    2445	     126	      14
2021_05_10	   34835	    2445	       9	       0
2021_05_11	   34844	    2445	       9	       0
2021_05_12	   34853	    2445	       9	       0
2021_05_13	   34862	    2445	       9	       0
2021_05_14	   34871	    2445	       9	       0
2021_05_15	   34880	    2445	       9	       0
2021_05_16	   34889	    2446	       9	       1
2021_05_17	   34889	    2446	       0	       0
2021_05_18	   34889	    2446	       0	       0
2021_05_19	   34889	    2446	       0	       0
2021_05_20	   34889	    2446	       0	       0
2021_05_21	   34889	    2446	       0	       0
2021_05_22	   34889	    2446	       0	       0
2021_05_23	   34889	    2446	       0	       0
2021_05_24	   34973	    2472	      84	      26
2021_05_25	   35057	    2498	      84	      26
2021_05_26	   35141	    2524	      84	      26
2021_05_27	   35226	    2550	      85	      26
2021_05_28	   35310	    2576	      84	      26
2021_05_29	   35394	    2602	      84	      26
2021_05_30	   35479	    2628	      85	      26
2021_05_31	   35554	    2637	      75	       9
2021_06_01	   35629	    2647	      75	      10
2021_06_02	   35704	    2657	      75	      10
2021_06_03	   35779	    2667	      75	      10
2021_06_04	   35854	    2677	      75	      10
2021_06_05	   35929	    2687	      75	      10
2021_06_06	   36004	    2697	      75	      10
2021_06_07	   36046	    2702	      42	       5
2021_06_08	   36089	    2707	      43	       5
2021_06_09	   36132	    2712	      43	       5
2021_06_10	   36175	    2717	      43	       5
2021_06_11	   36218	    2722	      43	       5
2021_06_12	   36261	    2727	      43	       5
2021_06_13	   36304	    2732	      43	       5
