#
# COVID-19 Country file (official WHO count)
# Country = Sweden
# Latitude = 59.0
# Population = 10121.686
# Territory = 450295.0
# LEB = 82.8
# DPA = 91000
# DPA65 = 80080
# GDP = 53297.0
# GDP_PPP = 53499.0
# COVID-19 Mortality = 1439.9
# First_Case = 2020_02_01
# Last_Case = 2021_06_13
# First_Death = 2020_03_16
# Last_Death = 2021_06_13
# Status as of 2021_06_13 = Community transmission
# Vaccine type = Oxford/AstraZeneca, Pfizer/BioNTech
# Vaccine start = 2020_12_27
#
Date	Conf_Cases	Conf_Deaths	Daily_Cases	Daily_Deaths
2020_02_01	       1	       0	       1	       0
2020_02_02	       1	       0	       0	       0
2020_02_03	       1	       0	       0	       0
2020_02_04	       1	       0	       0	       0
2020_02_05	       1	       0	       0	       0
2020_02_06	       1	       0	       0	       0
2020_02_07	       1	       0	       0	       0
2020_02_08	       1	       0	       0	       0
2020_02_09	       1	       0	       0	       0
2020_02_10	       1	       0	       0	       0
2020_02_11	       1	       0	       0	       0
2020_02_12	       1	       0	       0	       0
2020_02_13	       1	       0	       0	       0
2020_02_14	       1	       0	       0	       0
2020_02_15	       1	       0	       0	       0
2020_02_16	       1	       0	       0	       0
2020_02_17	       1	       0	       0	       0
2020_02_18	       1	       0	       0	       0
2020_02_19	       1	       0	       0	       0
2020_02_20	       1	       0	       0	       0
2020_02_21	       1	       0	       0	       0
2020_02_22	       1	       0	       0	       0
2020_02_23	       1	       0	       0	       0
2020_02_24	       1	       0	       0	       0
2020_02_25	       1	       0	       0	       0
2020_02_26	       1	       0	       0	       0
2020_02_27	       2	       0	       1	       0
2020_02_28	       7	       0	       5	       0
2020_02_29	      12	       0	       5	       0
2020_03_01	      13	       0	       1	       0
2020_03_02	      14	       0	       1	       0
2020_03_03	      15	       0	       1	       0
2020_03_04	      24	       0	       9	       0
2020_03_05	      35	       0	      11	       0
2020_03_06	      61	       0	      26	       0
2020_03_07	     137	       0	      76	       0
2020_03_08	     161	       0	      24	       0
2020_03_09	     203	       0	      42	       0
2020_03_10	     248	       0	      45	       0
2020_03_11	     326	       0	      78	       0
2020_03_12	     461	       0	     135	       0
2020_03_13	     620	       0	     159	       0
2020_03_14	     775	       0	     155	       0
2020_03_15	     924	       0	     149	       0
2020_03_16	     992	       3	      68	       3
2020_03_17	    1059	       3	      67	       0
2020_03_18	    1167	       3	     108	       0
2020_03_19	    1279	       3	     112	       0
2020_03_20	    1423	       3	     144	       0
2020_03_21	    1623	      16	     200	      13
2020_03_22	    1746	      20	     123	       4
2020_03_23	    1906	      21	     160	       1
2020_03_24	    2016	      25	     110	       4
2020_03_25	    2272	      36	     256	      11
2020_03_26	    2510	      42	     238	       6
2020_03_27	    2806	      66	     296	      24
2020_03_28	    3046	      92	     240	      26
2020_03_29	    3447	     102	     401	      10
2020_03_30	    3700	     110	     253	       8
2020_03_31	    4028	     146	     328	      36
2020_04_01	    4435	     180	     407	      34
2020_04_02	    4947	     239	     512	      59
2020_04_03	    5466	     282	     519	      43
2020_04_04	    6078	     333	     612	      51
2020_04_05	    6443	     373	     365	      40
2020_04_06	    6830	     401	     387	      28
2020_04_07	    7206	     477	     376	      76
2020_04_08	    7693	     591	     487	     114
2020_04_09	    8419	     687	     726	      96
2020_04_10	    9141	     793	     722	     106
2020_04_11	    9685	     870	     544	      77
2020_04_12	   10151	     887	     466	      17
2020_04_13	   10483	     899	     332	      12
2020_04_14	   10948	     919	     465	      20
2020_04_15	   11445	    1033	     497	     114
2020_04_16	   11927	    1203	     482	     170
2020_04_17	   12540	    1333	     613	     130
2020_04_18	   13216	    1400	     676	      67
2020_04_19	   13822	    1511	     606	     111
2020_04_20	   14385	    1540	     563	      29
2020_04_21	   14777	    1580	     392	      40
2020_04_22	   15322	    1765	     545	     185
2020_04_23	   16004	    1937	     682	     172
2020_04_24	   16755	    2021	     751	      84
2020_04_25	   17567	    2152	     812	     131
2020_04_26	   18177	    2192	     610	      40
2020_04_27	   18640	    2194	     463	       2
2020_04_28	   18926	    2274	     286	      80
2020_04_29	   19621	    2355	     695	      81
2020_04_30	   20302	    2462	     681	     107
2020_05_01	   21092	    2586	     790	     124
2020_05_02	   21520	    2653	     428	      67
2020_05_03	   22082	    2669	     562	      16
2020_05_04	   22317	    2679	     235	      10
2020_05_05	   22721	    2769	     404	      90
2020_05_06	   23216	    2854	     495	      85
2020_05_07	   23918	    2941	     702	      87
2020_05_08	   24623	    3040	     705	      99
2020_05_09	   25265	    3175	     642	     135
2020_05_10	   25921	    3220	     656	      45
2020_05_11	   26322	    3225	     401	       5
2020_05_12	   26670	    3256	     348	      31
2020_05_13	   27272	    3313	     602	      57
2020_05_14	   27909	    3460	     637	     147
2020_05_15	   28582	    3529	     673	      69
2020_05_16	   29207	    3646	     625	     117
2020_05_17	   29677	    3674	     470	      28
2020_05_18	   30143	    3679	     466	       5
2020_05_19	   30377	    3698	     234	      19
2020_05_20	   30799	    3743	     422	      45
2020_05_21	   31523	    3831	     724	      88
2020_05_22	   32172	    3871	     649	      40
2020_05_23	   32809	    3925	     637	      54
2020_05_24	   33188	    3992	     379	      67
2020_05_25	   33459	    3998	     271	       6
2020_05_26	   33843	    4029	     384	      31
2020_05_27	   34440	    4125	     597	      96
2020_05_28	   35088	    4220	     648	      95
2020_05_29	   35727	    4266	     639	      46
2020_05_30	   36476	    4350	     749	      84
2020_05_31	   37113	    4395	     637	      45
2020_06_01	   37542	    4395	     429	       0
2020_06_02	   37814	    4403	     272	       8
2020_06_03	   38589	    4468	     775	      65
2020_06_04	   40803	    4542	    2214	      74
2020_06_05	   41883	    4562	    1080	      20
2020_06_06	   42939	    4639	    1056	      77
2020_06_07	   43887	    4656	     948	      17
2020_06_08	   44730	    4659	     843	       3
2020_06_09	   45133	    4694	     403	      35
2020_06_10	   45924	    4717	     791	      23
2020_06_11	   46814	    4795	     890	      78
2020_06_12	   48288	    4814	    1474	      19
2020_06_13	   49684	    4854	    1396	      40
2020_06_14	   50931	    4874	    1247	      20
2020_06_15	   51614	    4874	     683	       0
2020_06_16	   52383	    4891	     769	      17
2020_06_17	   53323	    4939	     940	      48
2020_06_18	   54562	    5041	    1239	     102
2020_06_19	   56043	    5053	    1481	      12
2020_06_20	   56043	    5053	       0	       0
2020_06_21	   56043	    5053	       0	       0
2020_06_22	   56043	    5053	       0	       0
2020_06_23	   58932	    5122	    2889	      69
2020_06_24	   60837	    5161	    1905	      39
2020_06_25	   62324	    5209	    1487	      48
2020_06_26	   63890	    5230	    1566	      21
2020_06_27	   65137	    5280	    1247	      50
2020_06_28	   65137	    5280	       0	       0
2020_06_29	   65137	    5280	       0	       0
2020_06_30	   67667	    5310	    2530	      30
2020_07_01	   68451	    5333	     784	      23
2020_07_02	   69692	    5370	    1241	      37
2020_07_03	   70639	    5411	     947	      41
2020_07_04	   71419	    5420	     780	       9
2020_07_05	   71419	    5420	       0	       0
2020_07_06	   71419	    5420	       0	       0
2020_07_07	   73061	    5433	    1642	      13
2020_07_08	   73344	    5447	     283	      14
2020_07_09	   73858	    5482	     514	      35
2020_07_10	   74333	    5500	     475	      18
2020_07_11	   74898	    5526	     565	      26
2020_07_12	   74898	    5526	       0	       0
2020_07_13	   74898	    5526	       0	       0
2020_07_14	   75826	    5536	     928	      10
2020_07_15	   76001	    5545	     175	       9
2020_07_16	   76492	    5572	     491	      27
2020_07_17	   76877	    5593	     385	      21
2020_07_18	   77281	    5619	     404	      26
2020_07_19	   77281	    5619	       0	       0
2020_07_20	   77281	    5619	       0	       0
2020_07_21	   78048	    5639	     767	      20
2020_07_22	   78166	    5646	     118	       7
2020_07_23	   78504	    5667	     338	      21
2020_07_24	   78763	    5676	     259	       9
2020_07_25	   78997	    5697	     234	      21
2020_07_26	   78997	    5697	       0	       0
2020_07_27	   78997	    5697	       0	       0
2020_07_28	   79395	    5700	     398	       3
2020_07_29	   79494	    5702	      99	       2
2020_07_30	   79782	    5730	     288	      28
2020_07_31	   80100	    5739	     318	       9
2020_08_01	   80422	    5743	     322	       4
2020_08_02	   80422	    5743	       0	       0
2020_08_03	   80422	    5743	       0	       0
2020_08_04	   81012	    5744	     590	       1
2020_08_05	   81181	    5747	     169	       3
2020_08_06	   81540	    5760	     359	      13
2020_08_07	   81967	    5766	     427	       6
2020_08_08	   82323	    5763	     356	      -3
2020_08_09	   82323	    5763	       0	       0
2020_08_10	   82323	    5763	       0	       0
2020_08_11	   82972	    5766	     649	       3
2020_08_12	   83126	    5770	     154	       4
2020_08_13	   83455	    5774	     329	       4
2020_08_14	   83852	    5776	     397	       2
2020_08_15	   84294	    5783	     442	       7
2020_08_16	   84294	    5783	       0	       0
2020_08_17	   84547	    5786	     253	       3
2020_08_18	   84800	    5790	     253	       4
2020_08_19	   85054	    5794	     254	       4
2020_08_20	   85307	    5798	     253	       4
2020_08_21	   85561	    5802	     254	       4
2020_08_22	   85814	    5806	     253	       4
2020_08_23	   86068	    5810	     254	       4
2020_08_24	   85766	    5811	    -302	       1
2020_08_25	   85465	    5813	    -301	       2
2020_08_26	   85163	    5814	    -302	       1
2020_08_27	   84862	    5816	    -301	       2
2020_08_28	   84560	    5817	    -302	       1
2020_08_29	   84259	    5819	    -301	       2
2020_08_30	   83958	    5821	    -301	       2
2020_08_31	   84104	    5823	     146	       2
2020_09_01	   84251	    5825	     147	       2
2020_09_02	   84398	    5827	     147	       2
2020_09_03	   84544	    5829	     146	       2
2020_09_04	   84691	    5831	     147	       2
2020_09_05	   84838	    5833	     147	       2
2020_09_06	   84985	    5835	     147	       2
2020_09_07	   85202	    5836	     217	       1
2020_09_08	   85419	    5838	     217	       2
2020_09_09	   85636	    5839	     217	       1
2020_09_10	   85853	    5841	     217	       2
2020_09_11	   86070	    5842	     217	       1
2020_09_12	   86287	    5844	     217	       2
2020_09_13	   86505	    5846	     218	       2
2020_09_14	   86752	    5848	     247	       2
2020_09_15	   86999	    5851	     247	       3
2020_09_16	   87247	    5854	     248	       3
2020_09_17	   87494	    5856	     247	       2
2020_09_18	   87742	    5859	     248	       3
2020_09_19	   87989	    5862	     247	       3
2020_09_20	   88237	    5865	     248	       3
2020_09_21	   88620	    5867	     383	       2
2020_09_22	   89004	    5869	     384	       2
2020_09_23	   89388	    5871	     384	       2
2020_09_24	   89771	    5873	     383	       2
2020_09_25	   90155	    5875	     384	       2
2020_09_26	   90539	    5877	     384	       2
2020_09_27	   90923	    5880	     384	       3
2020_09_28	   91403	    5882	     480	       2
2020_09_29	   91883	    5884	     480	       2
2020_09_30	   92363	    5886	     480	       2
2020_10_01	   92843	    5888	     480	       2
2020_10_02	   93323	    5890	     480	       2
2020_10_03	   93803	    5892	     480	       2
2020_10_04	   94283	    5895	     480	       3
2020_10_05	   94878	    5894	     595	      -1
2020_10_06	   95473	    5894	     595	       0
2020_10_07	   96069	    5894	     596	       0
2020_10_08	   96664	    5894	     595	       0
2020_10_09	   97260	    5894	     596	       0
2020_10_10	   97855	    5894	     595	       0
2020_10_11	   98451	    5894	     596	       0
2020_10_12	   99129	    5897	     678	       3
2020_10_13	   99807	    5900	     678	       3
2020_10_14	  100486	    5904	     679	       4
2020_10_15	  101164	    5907	     678	       3
2020_10_16	  101843	    5911	     679	       4
2020_10_17	  102521	    5914	     678	       3
2020_10_18	  103200	    5918	     679	       4
2020_10_19	  104256	    5920	    1056	       2
2020_10_20	  105312	    5922	    1056	       2
2020_10_21	  106368	    5924	    1056	       2
2020_10_22	  107425	    5926	    1057	       2
2020_10_23	  108481	    5928	    1056	       2
2020_10_24	  109537	    5930	    1056	       2
2020_10_25	  110594	    5933	    1057	       3
2020_10_26	  112559	    5933	    1965	       0
2020_10_27	  114525	    5934	    1966	       1
2020_10_28	  116491	    5935	    1966	       1
2020_10_29	  118457	    5935	    1966	       0
2020_10_30	  120423	    5936	    1966	       1
2020_10_31	  122389	    5937	    1966	       1
2020_11_01	  124355	    5938	    1966	       1
2020_11_02	  127513	    5950	    3158	      12
2020_11_03	  130671	    5962	    3158	      12
2020_11_04	  133829	    5974	    3158	      12
2020_11_05	  136987	    5986	    3158	      12
2020_11_06	  140145	    5998	    3158	      12
2020_11_07	  143303	    6010	    3158	      12
2020_11_08	  146461	    6022	    3158	      12
2020_11_09	  150874	    6042	    4413	      20
2020_11_10	  155287	    6062	    4413	      20
2020_11_11	  159701	    6082	    4414	      20
2020_11_12	  164114	    6103	    4413	      21
2020_11_13	  168528	    6123	    4414	      20
2020_11_14	  172941	    6143	    4413	      20
2020_11_15	  177355	    6164	    4414	      21
2020_11_16	  181775	    6198	    4420	      34
2020_11_17	  186195	    6233	    4420	      35
2020_11_18	  190615	    6267	    4420	      34
2020_11_19	  195035	    6302	    4420	      35
2020_11_20	  199455	    6336	    4420	      34
2020_11_21	  203875	    6371	    4420	      35
2020_11_22	  208295	    6406	    4420	      35
2020_11_23	  213271	    6445	    4976	      39
2020_11_24	  218247	    6484	    4976	      39
2020_11_25	  223223	    6523	    4976	      39
2020_11_26	  228200	    6563	    4977	      40
2020_11_27	  233176	    6602	    4976	      39
2020_11_28	  238152	    6641	    4976	      39
2020_11_29	  243129	    6681	    4977	      40
2020_11_30	  248240	    6736	    5111	      55
2020_12_01	  253352	    6791	    5112	      55
2020_12_02	  258464	    6846	    5112	      55
2020_12_03	  263576	    6901	    5112	      55
2020_12_04	  268688	    6956	    5112	      55
2020_12_05	  273800	    7011	    5112	      55
2020_12_06	  278912	    7067	    5112	      56
2020_12_07	  284795	    7130	    5883	      63
2020_12_08	  290679	    7194	    5884	      64
2020_12_09	  296563	    7258	    5884	      64
2020_12_10	  302446	    7322	    5883	      64
2020_12_11	  308330	    7386	    5884	      64
2020_12_12	  314214	    7450	    5884	      64
2020_12_13	  320098	    7514	    5884	      64
2020_12_14	  326815	    7582	    6717	      68
2020_12_15	  333532	    7650	    6717	      68
2020_12_16	  340250	    7719	    6718	      69
2020_12_17	  346967	    7787	    6717	      68
2020_12_18	  353685	    7856	    6718	      69
2020_12_19	  360402	    7924	    6717	      68
2020_12_20	  367120	    7993	    6718	      69
2020_12_21	  371252	    8033	    4132	      40
2020_12_22	  375385	    8074	    4133	      41
2020_12_23	  379517	    8115	    4132	      41
2020_12_24	  383650	    8156	    4133	      41
2020_12_25	  387782	    8197	    4132	      41
2020_12_26	  391915	    8238	    4133	      41
2020_12_27	  396048	    8279	    4133	      41
2020_12_28	  401952	    8343	    5904	      64
2020_12_29	  407856	    8407	    5904	      64
2020_12_30	  413761	    8471	    5905	      64
2020_12_31	  419665	    8535	    5904	      64
2021_01_01	  425570	    8599	    5905	      64
2021_01_02	  431474	    8663	    5904	      64
2021_01_03	  437379	    8727	    5905	      64
2021_01_04	  444820	    8827	    7441	     100
2021_01_05	  452262	    8928	    7442	     101
2021_01_06	  459704	    9029	    7442	     101
2021_01_07	  467145	    9130	    7441	     101
2021_01_08	  474587	    9231	    7442	     101
2021_01_09	  482029	    9332	    7442	     101
2021_01_10	  489471	    9433	    7442	     101
2021_01_11	  494330	    9560	    4859	     127
2021_01_12	  499189	    9687	    4859	     127
2021_01_13	  504048	    9814	    4859	     127
2021_01_14	  508908	    9941	    4860	     127
2021_01_15	  513767	   10068	    4859	     127
2021_01_16	  518626	   10195	    4859	     127
2021_01_17	  523486	   10323	    4860	     128
2021_01_18	  526868	   10420	    3382	      97
2021_01_19	  530251	   10517	    3383	      97
2021_01_20	  533634	   10615	    3383	      98
2021_01_21	  537017	   10712	    3383	      97
2021_01_22	  540400	   10810	    3383	      98
2021_01_23	  543783	   10907	    3383	      97
2021_01_24	  547166	   11005	    3383	      98
2021_01_25	  549993	   11088	    2827	      83
2021_01_26	  552820	   11172	    2827	      84
2021_01_27	  555647	   11256	    2827	      84
2021_01_28	  558475	   11339	    2828	      83
2021_01_29	  561302	   11423	    2827	      84
2021_01_30	  564129	   11507	    2827	      84
2021_01_31	  566957	   11591	    2828	      84
2021_02_01	  569972	   11665	    3015	      74
2021_02_02	  572987	   11740	    3015	      75
2021_02_03	  576002	   11815	    3015	      75
2021_02_04	  579017	   11890	    3015	      75
2021_02_05	  582032	   11965	    3015	      75
2021_02_06	  585047	   12040	    3015	      75
2021_02_07	  588062	   12115	    3015	      75
2021_02_08	  590969	   12159	    2907	      44
2021_02_09	  593876	   12204	    2907	      45
2021_02_10	  596783	   12249	    2907	      45
2021_02_11	  599690	   12293	    2907	      44
2021_02_12	  602597	   12338	    2907	      45
2021_02_13	  605504	   12383	    2907	      45
2021_02_14	  608411	   12428	    2907	      45
2021_02_15	  611661	   12459	    3250	      31
2021_02_16	  614912	   12491	    3251	      32
2021_02_17	  618163	   12522	    3251	      31
2021_02_18	  621413	   12554	    3250	      32
2021_02_19	  624664	   12585	    3251	      31
2021_02_20	  627915	   12617	    3251	      32
2021_02_21	  631166	   12649	    3251	      32
2021_02_22	  634900	   12674	    3734	      25
2021_02_23	  638635	   12699	    3735	      25
2021_02_24	  642370	   12724	    3735	      25
2021_02_25	  646104	   12750	    3734	      26
2021_02_26	  649839	   12775	    3735	      25
2021_02_27	  653574	   12800	    3735	      25
2021_02_28	  657309	   12826	    3735	      26
2021_03_01	  661259	   12851	    3950	      25
2021_03_02	  665209	   12876	    3950	      25
2021_03_03	  669159	   12901	    3950	      25
2021_03_04	  673110	   12927	    3951	      26
2021_03_05	  677060	   12952	    3950	      25
2021_03_06	  681010	   12977	    3950	      25
2021_03_07	  684961	   13003	    3951	      26
2021_03_08	  688899	   13023	    3938	      20
2021_03_09	  692837	   13043	    3938	      20
2021_03_10	  696775	   13064	    3938	      21
2021_03_11	  700713	   13084	    3938	      20
2021_03_12	  704651	   13105	    3938	      21
2021_03_13	  708589	   13125	    3938	      20
2021_03_14	  712527	   13146	    3938	      21
2021_03_15	  717062	   13162	    4535	      16
2021_03_16	  721597	   13179	    4535	      17
2021_03_17	  726132	   13195	    4535	      16
2021_03_18	  730667	   13212	    4535	      17
2021_03_19	  735202	   13228	    4535	      16
2021_03_20	  739737	   13245	    4535	      17
2021_03_21	  744272	   13262	    4535	      17
2021_03_22	  749378	   13282	    5106	      20
2021_03_23	  754485	   13302	    5107	      20
2021_03_24	  759591	   13322	    5106	      20
2021_03_25	  764698	   13342	    5107	      20
2021_03_26	  769804	   13362	    5106	      20
2021_03_27	  774911	   13382	    5107	      20
2021_03_28	  780018	   13402	    5107	      20
2021_03_29	  784757	   13415	    4739	      13
2021_03_30	  789496	   13429	    4739	      14
2021_03_31	  794235	   13443	    4739	      14
2021_04_01	  798974	   13456	    4739	      13
2021_04_02	  803713	   13470	    4739	      14
2021_04_03	  808452	   13484	    4739	      14
2021_04_04	  813191	   13498	    4739	      14
2021_04_05	  819506	   13515	    6315	      17
2021_04_06	  825822	   13533	    6316	      18
2021_04_07	  832138	   13550	    6316	      17
2021_04_08	  838453	   13568	    6315	      18
2021_04_09	  844769	   13585	    6316	      17
2021_04_10	  851085	   13603	    6316	      18
2021_04_11	  857401	   13621	    6316	      18
2021_04_12	  863506	   13644	    6105	      23
2021_04_13	  869611	   13668	    6105	      24
2021_04_14	  875716	   13692	    6105	      24
2021_04_15	  881822	   13716	    6106	      24
2021_04_16	  887927	   13740	    6105	      24
2021_04_17	  894032	   13764	    6105	      24
2021_04_18	  900138	   13788	    6106	      24
2021_04_19	  905595	   13807	    5457	      19
2021_04_20	  911053	   13826	    5458	      19
2021_04_21	  916511	   13845	    5458	      19
2021_04_22	  921969	   13865	    5458	      20
2021_04_23	  927427	   13884	    5458	      19
2021_04_24	  932885	   13903	    5458	      19
2021_04_25	  938343	   13923	    5458	      20
2021_04_26	  943380	   13940	    5037	      17
2021_04_27	  948417	   13958	    5037	      18
2021_04_28	  953454	   13976	    5037	      18
2021_04_29	  958492	   13994	    5038	      18
2021_04_30	  963529	   14012	    5037	      18
2021_05_01	  968566	   14030	    5037	      18
2021_05_02	  973604	   14048	    5038	      18
2021_05_03	  978488	   14065	    4884	      17
2021_05_04	  983372	   14083	    4884	      18
2021_05_05	  988256	   14101	    4884	      18
2021_05_06	  993140	   14119	    4884	      18
2021_05_07	  998024	   14137	    4884	      18
2021_05_08	 1002908	   14155	    4884	      18
2021_05_09	 1007792	   14173	    4884	      18
2021_05_10	 1011982	   14187	    4190	      14
2021_05_11	 1016173	   14202	    4191	      15
2021_05_12	 1020363	   14216	    4190	      14
2021_05_13	 1024554	   14231	    4191	      15
2021_05_14	 1028744	   14245	    4190	      14
2021_05_15	 1032935	   14260	    4191	      15
2021_05_16	 1037126	   14275	    4191	      15
2021_05_17	 1040156	   14288	    3030	      13
2021_05_18	 1043187	   14301	    3031	      13
2021_05_19	 1046218	   14314	    3031	      13
2021_05_20	 1049248	   14327	    3030	      13
2021_05_21	 1052279	   14340	    3031	      13
2021_05_22	 1055310	   14353	    3031	      13
2021_05_23	 1058341	   14366	    3031	      13
2021_05_24	 1059788	   14378	    1447	      12
2021_05_25	 1061235	   14390	    1447	      12
2021_05_26	 1062683	   14402	    1448	      12
2021_05_27	 1064130	   14414	    1447	      12
2021_05_28	 1065578	   14426	    1448	      12
2021_05_29	 1067025	   14438	    1447	      12
2021_05_30	 1068473	   14451	    1448	      13
2021_05_31	 1069842	   14461	    1369	      10
2021_06_01	 1071212	   14471	    1370	      10
2021_06_02	 1072582	   14481	    1370	      10
2021_06_03	 1073952	   14492	    1370	      11
2021_06_04	 1075322	   14502	    1370	      10
2021_06_05	 1076692	   14512	    1370	      10
2021_06_06	 1078062	   14523	    1370	      11
2021_06_07	 1078832	   14530	     770	       7
2021_06_08	 1079603	   14537	     771	       7
2021_06_09	 1080373	   14544	     770	       7
2021_06_10	 1081144	   14552	     771	       8
2021_06_11	 1081914	   14559	     770	       7
2021_06_12	 1082685	   14566	     771	       7
2021_06_13	 1083456	   14574	     771	       8
