#
# COVID-19 Country file (official WHO count)
# Country = Thailand
# Latitude = 14.0
# Population = 69410.868
# Territory = 513120.0
# LEB = 77.1
# DPA = 542000
# DPA65 = 336040
# GDP = 7220.0
# GDP_PPP = 19404.0
# COVID-19 Mortality = 20.9
# First_Case = 2020_01_20
# Last_Case = 2021_06_13
# First_Death = 2020_03_02
# Last_Death = 2021_06_13
# Status as of 2021_06_13 = Clusters of cases
# Vaccine type = Oxford/AstraZeneca, Sinovac
# Vaccine start = 2021_02_27
#
Date	Conf_Cases	Conf_Deaths	Daily_Cases	Daily_Deaths
2020_01_20	       2	       0	       2	       0
2020_01_21	       2	       0	       0	       0
2020_01_22	       4	       0	       2	       0
2020_01_23	       4	       0	       0	       0
2020_01_24	       4	       0	       0	       0
2020_01_25	       4	       0	       0	       0
2020_01_26	       5	       0	       1	       0
2020_01_27	       5	       0	       0	       0
2020_01_28	      14	       0	       9	       0
2020_01_29	      14	       0	       0	       0
2020_01_30	      14	       0	       0	       0
2020_01_31	      14	       0	       0	       0
2020_02_01	      19	       0	       5	       0
2020_02_02	      19	       0	       0	       0
2020_02_03	      19	       0	       0	       0
2020_02_04	      19	       0	       0	       0
2020_02_05	      25	       0	       6	       0
2020_02_06	      25	       0	       0	       0
2020_02_07	      25	       0	       0	       0
2020_02_08	      32	       0	       7	       0
2020_02_09	      32	       0	       0	       0
2020_02_10	      32	       0	       0	       0
2020_02_11	      33	       0	       1	       0
2020_02_12	      33	       0	       0	       0
2020_02_13	      33	       0	       0	       0
2020_02_14	      33	       0	       0	       0
2020_02_15	      34	       0	       1	       0
2020_02_16	      34	       0	       0	       0
2020_02_17	      35	       0	       1	       0
2020_02_18	      35	       0	       0	       0
2020_02_19	      35	       0	       0	       0
2020_02_20	      35	       0	       0	       0
2020_02_21	      35	       0	       0	       0
2020_02_22	      35	       0	       0	       0
2020_02_23	      35	       0	       0	       0
2020_02_24	      35	       0	       0	       0
2020_02_25	      37	       0	       2	       0
2020_02_26	      40	       0	       3	       0
2020_02_27	      40	       0	       0	       0
2020_02_28	      40	       0	       0	       0
2020_02_29	      42	       0	       2	       0
2020_03_01	      42	       0	       0	       0
2020_03_02	      42	       1	       0	       1
2020_03_03	      43	       1	       1	       0
2020_03_04	      43	       1	       0	       0
2020_03_05	      47	       1	       4	       0
2020_03_06	      47	       1	       0	       0
2020_03_07	      48	       1	       1	       0
2020_03_08	      50	       1	       2	       0
2020_03_09	      50	       1	       0	       0
2020_03_10	      53	       1	       3	       0
2020_03_11	      59	       1	       6	       0
2020_03_12	      70	       1	      11	       0
2020_03_13	      75	       1	       5	       0
2020_03_14	      75	       1	       0	       0
2020_03_15	      75	       1	       0	       0
2020_03_16	     114	       1	      39	       0
2020_03_17	     147	       1	      33	       0
2020_03_18	     177	       1	      30	       0
2020_03_19	     212	       1	      35	       0
2020_03_20	     322	       1	     110	       0
2020_03_21	     322	       1	       0	       0
2020_03_22	     411	       1	      89	       0
2020_03_23	     721	       1	     310	       0
2020_03_24	     827	       4	     106	       3
2020_03_25	     934	       4	     107	       0
2020_03_26	     934	       4	       0	       0
2020_03_27	    1136	       5	     202	       1
2020_03_28	    1136	       5	       0	       0
2020_03_29	    1388	       7	     252	       2
2020_03_30	    1524	       9	     136	       2
2020_03_31	    1524	       9	       0	       0
2020_04_01	    1771	      12	     247	       3
2020_04_02	    1771	      12	       0	       0
2020_04_03	    1875	      15	     104	       3
2020_04_04	    1978	      19	     103	       4
2020_04_05	    2067	      20	      89	       1
2020_04_06	    2169	      23	     102	       3
2020_04_07	    2220	      26	      51	       3
2020_04_08	    2369	      30	     149	       4
2020_04_09	    2423	      32	      54	       2
2020_04_10	    2473	      33	      50	       1
2020_04_11	    2518	      35	      45	       2
2020_04_12	    2551	      38	      33	       3
2020_04_13	    2579	      40	      28	       2
2020_04_14	    2613	      41	      34	       1
2020_04_15	    2643	      43	      30	       2
2020_04_16	    2672	      46	      29	       3
2020_04_17	    2700	      47	      28	       1
2020_04_18	    2733	      47	      33	       0
2020_04_19	    2765	      47	      32	       0
2020_04_20	    2792	      47	      27	       0
2020_04_21	    2811	      48	      19	       1
2020_04_22	    2826	      49	      15	       1
2020_04_23	    2839	      50	      13	       1
2020_04_24	    2854	      50	      15	       0
2020_04_25	    2907	      51	      53	       1
2020_04_26	    2922	      51	      15	       0
2020_04_27	    2931	      52	       9	       1
2020_04_28	    2938	      54	       7	       2
2020_04_29	    2947	      54	       9	       0
2020_04_30	    2954	      54	       7	       0
2020_05_01	    2960	      54	       6	       0
2020_05_02	    2966	      54	       6	       0
2020_05_03	    2969	      54	       3	       0
2020_05_04	    2987	      54	      18	       0
2020_05_05	    2988	      54	       1	       0
2020_05_06	    2989	      55	       1	       1
2020_05_07	    2992	      55	       3	       0
2020_05_08	    3000	      55	       8	       0
2020_05_09	    3004	      56	       4	       1
2020_05_10	    3009	      56	       5	       0
2020_05_11	    3009	      56	       0	       0
2020_05_12	    3017	      56	       8	       0
2020_05_13	    3017	      56	       0	       0
2020_05_14	    3018	      56	       1	       0
2020_05_15	    3025	      56	       7	       0
2020_05_16	    3025	      56	       0	       0
2020_05_17	    3028	      56	       3	       0
2020_05_18	    3031	      56	       3	       0
2020_05_19	    3033	      56	       2	       0
2020_05_20	    3034	      56	       1	       0
2020_05_21	    3037	      56	       3	       0
2020_05_22	    3037	      56	       0	       0
2020_05_23	    3040	      56	       3	       0
2020_05_24	    3040	      56	       0	       0
2020_05_25	    3042	      57	       2	       1
2020_05_26	    3045	      57	       3	       0
2020_05_27	    3054	      57	       9	       0
2020_05_28	    3065	      57	      11	       0
2020_05_29	    3076	      57	      11	       0
2020_05_30	    3077	      57	       1	       0
2020_05_31	    3081	      57	       4	       0
2020_06_01	    3082	      57	       1	       0
2020_06_02	    3083	      58	       1	       1
2020_06_03	    3084	      58	       1	       0
2020_06_04	    3101	      58	      17	       0
2020_06_05	    3102	      58	       1	       0
2020_06_06	    3104	      58	       2	       0
2020_06_07	    3112	      58	       8	       0
2020_06_08	    3119	      58	       7	       0
2020_06_09	    3121	      58	       2	       0
2020_06_10	    3125	      58	       4	       0
2020_06_11	    3125	      58	       0	       0
2020_06_12	    3129	      58	       4	       0
2020_06_13	    3134	      58	       5	       0
2020_06_14	    3135	      58	       1	       0
2020_06_15	    3135	      58	       0	       0
2020_06_16	    3135	      58	       0	       0
2020_06_17	    3135	      58	       0	       0
2020_06_18	    3141	      58	       6	       0
2020_06_19	    3146	      58	       5	       0
2020_06_20	    3147	      58	       1	       0
2020_06_21	    3148	      58	       1	       0
2020_06_22	    3151	      58	       3	       0
2020_06_23	    3156	      58	       5	       0
2020_06_24	    3157	      58	       1	       0
2020_06_25	    3158	      58	       1	       0
2020_06_26	    3162	      58	       4	       0
2020_06_27	    3162	      58	       0	       0
2020_06_28	    3162	      58	       0	       0
2020_06_29	    3169	      58	       7	       0
2020_06_30	    3171	      58	       2	       0
2020_07_01	    3173	      58	       2	       0
2020_07_02	    3179	      58	       6	       0
2020_07_03	    3180	      58	       1	       0
2020_07_04	    3185	      58	       5	       0
2020_07_05	    3190	      58	       5	       0
2020_07_06	    3195	      58	       5	       0
2020_07_07	    3195	      58	       0	       0
2020_07_08	    3197	      58	       2	       0
2020_07_09	    3202	      58	       5	       0
2020_07_10	    3202	      58	       0	       0
2020_07_11	    3216	      58	      14	       0
2020_07_12	    3217	      58	       1	       0
2020_07_13	    3220	      58	       3	       0
2020_07_14	    3227	      58	       7	       0
2020_07_15	    3232	      58	       5	       0
2020_07_16	    3236	      58	       4	       0
2020_07_17	    3239	      58	       3	       0
2020_07_18	    3246	      58	       7	       0
2020_07_19	    3249	      58	       3	       0
2020_07_20	    3250	      58	       1	       0
2020_07_21	    3255	      58	       5	       0
2020_07_22	    3261	      58	       6	       0
2020_07_23	    3269	      58	       8	       0
2020_07_24	    3279	      58	      10	       0
2020_07_25	    3282	      58	       3	       0
2020_07_26	    3282	      58	       0	       0
2020_07_27	    3295	      58	      13	       0
2020_07_28	    3297	      58	       2	       0
2020_07_29	    3298	      58	       1	       0
2020_07_30	    3304	      58	       6	       0
2020_07_31	    3310	      58	       6	       0
2020_08_01	    3312	      58	       2	       0
2020_08_02	    3317	      58	       5	       0
2020_08_03	    3320	      58	       3	       0
2020_08_04	    3321	      58	       1	       0
2020_08_05	    3328	      58	       7	       0
2020_08_06	    3330	      58	       2	       0
2020_08_07	    3345	      58	      15	       0
2020_08_08	    3348	      58	       3	       0
2020_08_09	    3351	      58	       3	       0
2020_08_10	    3351	      58	       0	       0
2020_08_11	    3351	      58	       0	       0
2020_08_12	    3356	      58	       5	       0
2020_08_13	    3359	      58	       3	       0
2020_08_14	    3376	      58	      17	       0
2020_08_15	    3376	      58	       0	       0
2020_08_16	    3377	      58	       1	       0
2020_08_17	    3379	      58	       2	       0
2020_08_18	    3382	      58	       3	       0
2020_08_19	    3384	      58	       2	       0
2020_08_20	    3387	      58	       3	       0
2020_08_21	    3389	      58	       2	       0
2020_08_22	    3392	      58	       3	       0
2020_08_23	    3395	      58	       3	       0
2020_08_24	    3397	      58	       2	       0
2020_08_25	    3399	      58	       2	       0
2020_08_26	    3401	      58	       2	       0
2020_08_27	    3404	      58	       3	       0
2020_08_28	    3406	      58	       2	       0
2020_08_29	    3408	      58	       2	       0
2020_08_30	    3411	      58	       3	       0
2020_08_31	    3415	      58	       4	       0
2020_09_01	    3420	      58	       5	       0
2020_09_02	    3425	      58	       5	       0
2020_09_03	    3429	      58	       4	       0
2020_09_04	    3434	      58	       5	       0
2020_09_05	    3439	      58	       5	       0
2020_09_06	    3444	      58	       5	       0
2020_09_07	    3448	      58	       4	       0
2020_09_08	    3452	      58	       4	       0
2020_09_09	    3456	      58	       4	       0
2020_09_10	    3460	      58	       4	       0
2020_09_11	    3464	      58	       4	       0
2020_09_12	    3468	      58	       4	       0
2020_09_13	    3473	      58	       5	       0
2020_09_14	    3477	      58	       4	       0
2020_09_15	    3482	      58	       5	       0
2020_09_16	    3487	      58	       5	       0
2020_09_17	    3491	      58	       4	       0
2020_09_18	    3496	      58	       5	       0
2020_09_19	    3501	      58	       5	       0
2020_09_20	    3506	      59	       5	       1
2020_09_21	    3508	      59	       2	       0
2020_09_22	    3510	      59	       2	       0
2020_09_23	    3513	      59	       3	       0
2020_09_24	    3515	      59	       2	       0
2020_09_25	    3518	      59	       3	       0
2020_09_26	    3520	      59	       2	       0
2020_09_27	    3523	      59	       3	       0
2020_09_28	    3531	      59	       8	       0
2020_09_29	    3540	      59	       9	       0
2020_09_30	    3549	      59	       9	       0
2020_10_01	    3558	      59	       9	       0
2020_10_02	    3567	      59	       9	       0
2020_10_03	    3576	      59	       9	       0
2020_10_04	    3585	      59	       9	       0
2020_10_05	    3592	      59	       7	       0
2020_10_06	    3599	      59	       7	       0
2020_10_07	    3606	      59	       7	       0
2020_10_08	    3614	      59	       8	       0
2020_10_09	    3621	      59	       7	       0
2020_10_10	    3628	      59	       7	       0
2020_10_11	    3636	      59	       8	       0
2020_10_12	    3645	      59	       9	       0
2020_10_13	    3654	      59	       9	       0
2020_10_14	    3663	      59	       9	       0
2020_10_15	    3672	      59	       9	       0
2020_10_16	    3681	      59	       9	       0
2020_10_17	    3690	      59	       9	       0
2020_10_18	    3700	      59	      10	       0
2020_10_19	    3706	      59	       6	       0
2020_10_20	    3713	      59	       7	       0
2020_10_21	    3719	      59	       6	       0
2020_10_22	    3726	      59	       7	       0
2020_10_23	    3732	      59	       6	       0
2020_10_24	    3739	      59	       7	       0
2020_10_25	    3746	      59	       7	       0
2020_10_26	    3751	      59	       5	       0
2020_10_27	    3756	      59	       5	       0
2020_10_28	    3762	      59	       6	       0
2020_10_29	    3767	      59	       5	       0
2020_10_30	    3773	      59	       6	       0
2020_10_31	    3778	      59	       5	       0
2020_11_01	    3784	      59	       6	       0
2020_11_02	    3791	      59	       7	       0
2020_11_03	    3799	      59	       8	       0
2020_11_04	    3806	      59	       7	       0
2020_11_05	    3814	      59	       8	       0
2020_11_06	    3821	      59	       7	       0
2020_11_07	    3829	      59	       8	       0
2020_11_08	    3837	      60	       8	       1
2020_11_09	    3841	      60	       4	       0
2020_11_10	    3845	      60	       4	       0
2020_11_11	    3849	      60	       4	       0
2020_11_12	    3853	      60	       4	       0
2020_11_13	    3857	      60	       4	       0
2020_11_14	    3861	      60	       4	       0
2020_11_15	    3866	      60	       5	       0
2020_11_16	    3872	      60	       6	       0
2020_11_17	    3879	      60	       7	       0
2020_11_18	    3886	      60	       7	       0
2020_11_19	    3892	      60	       6	       0
2020_11_20	    3899	      60	       7	       0
2020_11_21	    3906	      60	       7	       0
2020_11_22	    3913	      60	       7	       0
2020_11_23	    3920	      60	       7	       0
2020_11_24	    3928	      60	       8	       0
2020_11_25	    3935	      60	       7	       0
2020_11_26	    3943	      60	       8	       0
2020_11_27	    3950	      60	       7	       0
2020_11_28	    3958	      60	       8	       0
2020_11_29	    3966	      60	       8	       0
2020_11_30	    3981	      60	      15	       0
2020_12_01	    3996	      60	      15	       0
2020_12_02	    4011	      60	      15	       0
2020_12_03	    4026	      60	      15	       0
2020_12_04	    4041	      60	      15	       0
2020_12_05	    4056	      60	      15	       0
2020_12_06	    4072	      60	      16	       0
2020_12_07	    4089	      60	      17	       0
2020_12_08	    4106	      60	      17	       0
2020_12_09	    4123	      60	      17	       0
2020_12_10	    4140	      60	      17	       0
2020_12_11	    4157	      60	      17	       0
2020_12_12	    4174	      60	      17	       0
2020_12_13	    4192	      60	      18	       0
2020_12_14	    4211	      60	      19	       0
2020_12_15	    4231	      60	      20	       0
2020_12_16	    4251	      60	      20	       0
2020_12_17	    4271	      60	      20	       0
2020_12_18	    4291	      60	      20	       0
2020_12_19	    4311	      60	      20	       0
2020_12_20	    4331	      60	      20	       0
2020_12_21	    4572	      60	     241	       0
2020_12_22	    4813	      60	     241	       0
2020_12_23	    5054	      60	     241	       0
2020_12_24	    5296	      60	     242	       0
2020_12_25	    5537	      60	     241	       0
2020_12_26	    5778	      60	     241	       0
2020_12_27	    6020	      60	     242	       0
2020_12_28	    6214	      60	     194	       0
2020_12_29	    6408	      61	     194	       1
2020_12_30	    6602	      61	     194	       0
2020_12_31	    6796	      62	     194	       1
2021_01_01	    6990	      62	     194	       0
2021_01_02	    7184	      63	     194	       1
2021_01_03	    7379	      64	     195	       1
2021_01_04	    7796	      64	     417	       0
2021_01_05	    8213	      64	     417	       0
2021_01_06	    8630	      65	     417	       1
2021_01_07	    9047	      65	     417	       0
2021_01_08	    9464	      66	     417	       1
2021_01_09	    9881	      66	     417	       0
2021_01_10	   10298	      67	     417	       1
2021_01_11	   10548	      67	     250	       0
2021_01_12	   10799	      67	     251	       0
2021_01_13	   11050	      68	     251	       1
2021_01_14	   11301	      68	     251	       0
2021_01_15	   11552	      69	     251	       1
2021_01_16	   11803	      69	     251	       0
2021_01_17	   12054	      70	     251	       1
2021_01_18	   12260	      70	     206	       0
2021_01_19	   12467	      70	     207	       0
2021_01_20	   12673	      71	     206	       1
2021_01_21	   12880	      71	     207	       0
2021_01_22	   13086	      72	     206	       1
2021_01_23	   13293	      72	     207	       0
2021_01_24	   13500	      73	     207	       1
2021_01_25	   14254	      73	     754	       0
2021_01_26	   15009	      74	     755	       1
2021_01_27	   15763	      74	     754	       0
2021_01_28	   16518	      75	     755	       1
2021_01_29	   17272	      75	     754	       0
2021_01_30	   18027	      76	     755	       1
2021_01_31	   18782	      77	     755	       1
2021_02_01	   19437	      77	     655	       0
2021_02_02	   20093	      77	     656	       0
2021_02_03	   20748	      77	     655	       0
2021_02_04	   21404	      78	     656	       1
2021_02_05	   22059	      78	     655	       0
2021_02_06	   22715	      78	     656	       0
2021_02_07	   23371	      79	     656	       1
2021_02_08	   23542	      79	     171	       0
2021_02_09	   23713	      79	     171	       0
2021_02_10	   23885	      79	     172	       0
2021_02_11	   24056	      79	     171	       0
2021_02_12	   24228	      79	     172	       0
2021_02_13	   24399	      79	     171	       0
2021_02_14	   24571	      80	     172	       1
2021_02_15	   24691	      80	     120	       0
2021_02_16	   24812	      80	     121	       0
2021_02_17	   24932	      81	     120	       1
2021_02_18	   25053	      81	     121	       0
2021_02_19	   25173	      82	     120	       1
2021_02_20	   25294	      82	     121	       0
2021_02_21	   25415	      83	     121	       1
2021_02_22	   25491	      83	      76	       0
2021_02_23	   25568	      83	      77	       0
2021_02_24	   25644	      83	      76	       0
2021_02_25	   25721	      83	      77	       0
2021_02_26	   25797	      83	      76	       0
2021_02_27	   25874	      83	      77	       0
2021_02_28	   25951	      83	      77	       0
2021_03_01	   26010	      83	      59	       0
2021_03_02	   26070	      83	      60	       0
2021_03_03	   26130	      83	      60	       0
2021_03_04	   26190	      84	      60	       1
2021_03_05	   26250	      84	      60	       0
2021_03_06	   26310	      84	      60	       0
2021_03_07	   26370	      85	      60	       1
2021_03_08	   26449	      85	      79	       0
2021_03_09	   26529	      85	      80	       0
2021_03_10	   26608	      85	      79	       0
2021_03_11	   26688	      85	      80	       0
2021_03_12	   26767	      85	      79	       0
2021_03_13	   26847	      85	      80	       0
2021_03_14	   26927	      86	      80	       1
2021_03_15	   27052	      86	     125	       0
2021_03_16	   27177	      87	     125	       1
2021_03_17	   27302	      87	     125	       0
2021_03_18	   27427	      88	     125	       1
2021_03_19	   27552	      88	     125	       0
2021_03_20	   27677	      89	     125	       1
2021_03_21	   27803	      90	     126	       1
2021_03_22	   27936	      90	     133	       0
2021_03_23	   28069	      91	     133	       1
2021_03_24	   28202	      91	     133	       0
2021_03_25	   28335	      92	     133	       1
2021_03_26	   28468	      92	     133	       0
2021_03_27	   28601	      93	     133	       1
2021_03_28	   28734	      94	     133	       1
2021_03_29	   28790	      94	      56	       0
2021_03_30	   28846	      94	      56	       0
2021_03_31	   28902	      94	      56	       0
2021_04_01	   28958	      94	      56	       0
2021_04_02	   29014	      94	      56	       0
2021_04_03	   29070	      94	      56	       0
2021_04_04	   29127	      95	      57	       1
2021_04_05	   29626	      95	     499	       0
2021_04_06	   30126	      95	     500	       0
2021_04_07	   30626	      95	     500	       0
2021_04_08	   31125	      96	     499	       1
2021_04_09	   31625	      96	     500	       0
2021_04_10	   32125	      96	     500	       0
2021_04_11	   32625	      97	     500	       1
2021_04_12	   34014	      97	    1389	       0
2021_04_13	   35404	      98	    1390	       1
2021_04_14	   36793	      98	    1389	       0
2021_04_15	   38183	      99	    1390	       1
2021_04_16	   39572	      99	    1389	       0
2021_04_17	   40962	     100	    1390	       1
2021_04_18	   42352	     101	    1390	       1
2021_04_19	   44224	     106	    1872	       5
2021_04_20	   46097	     112	    1873	       6
2021_04_21	   47969	     117	    1872	       5
2021_04_22	   49842	     123	    1873	       6
2021_04_23	   51714	     128	    1872	       5
2021_04_24	   53587	     134	    1873	       6
2021_04_25	   55460	     140	    1873	       6
2021_04_26	   57392	     155	    1932	      15
2021_04_27	   59324	     170	    1932	      15
2021_04_28	   61256	     185	    1932	      15
2021_04_29	   63188	     200	    1932	      15
2021_04_30	   65120	     215	    1932	      15
2021_05_01	   67052	     230	    1932	      15
2021_05_02	   68984	     245	    1932	      15
2021_05_03	   71039	     267	    2055	      22
2021_05_04	   73095	     289	    2056	      22
2021_05_05	   75151	     311	    2056	      22
2021_05_06	   77207	     333	    2056	      22
2021_05_07	   79263	     355	    2056	      22
2021_05_08	   81319	     377	    2056	      22
2021_05_09	   83375	     399	    2056	      22
2021_05_10	   85956	     426	    2581	      27
2021_05_11	   88538	     453	    2582	      27
2021_05_12	   91120	     480	    2582	      27
2021_05_13	   93701	     507	    2581	      27
2021_05_14	   96283	     534	    2582	      27
2021_05_15	   98865	     561	    2582	      27
2021_05_16	  101447	     589	    2582	      28
2021_05_17	  105454	     615	    4007	      26
2021_05_18	  109462	     642	    4008	      27
2021_05_19	  113469	     669	    4007	      27
2021_05_20	  117477	     695	    4008	      26
2021_05_21	  121484	     722	    4007	      27
2021_05_22	  125492	     749	    4008	      27
2021_05_23	  129500	     776	    4008	      27
2021_05_24	  133043	     809	    3543	      33
2021_05_25	  136587	     843	    3544	      34
2021_05_26	  140131	     877	    3544	      34
2021_05_27	  143675	     910	    3544	      33
2021_05_28	  147219	     944	    3544	      34
2021_05_29	  150763	     978	    3544	      34
2021_05_30	  154307	    1012	    3544	      34
2021_05_31	  157615	    1044	    3308	      32
2021_06_01	  160924	    1076	    3309	      32
2021_06_02	  164232	    1108	    3308	      32
2021_06_03	  167541	    1140	    3309	      32
2021_06_04	  170849	    1172	    3308	      32
2021_06_05	  174158	    1204	    3309	      32
2021_06_06	  177467	    1236	    3309	      32
2021_06_07	  180101	    1266	    2634	      30
2021_06_08	  182736	    1296	    2635	      30
2021_06_09	  185370	    1327	    2634	      31
2021_06_10	  188005	    1357	    2635	      30
2021_06_11	  190639	    1388	    2634	      31
2021_06_12	  193274	    1418	    2635	      30
2021_06_13	  195909	    1449	    2635	      31
