#
# COVID-19 Country file (official WHO count)
# Country = Tunisia
# Latitude = 37.0
# Population = 11903.136
# Territory = 163610.0
# LEB = 76.7
# DPA = 73000
# DPA65 = 51100
# GDP = 3403.0
# GDP_PPP = 12532.0
# COVID-19 Mortality = 1128.8
# First_Case = 2020_03_03
# Last_Case = 2021_06_13
# First_Death = 2020_03_21
# Last_Death = 2021_06_13
# Status as of 2021_06_13 = Community transmission
# Vaccine type = Pfizer/BioNTech, Sputnik V
# Vaccine start = 2021_03_12
#
Date	Conf_Cases	Conf_Deaths	Daily_Cases	Daily_Deaths
2020_03_03	       1	       0	       1	       0
2020_03_04	       1	       0	       0	       0
2020_03_05	       1	       0	       0	       0
2020_03_06	       1	       0	       0	       0
2020_03_07	       1	       0	       0	       0
2020_03_08	       1	       0	       0	       0
2020_03_09	       2	       0	       1	       0
2020_03_10	       2	       0	       0	       0
2020_03_11	       6	       0	       4	       0
2020_03_12	       6	       0	       0	       0
2020_03_13	       7	       0	       1	       0
2020_03_14	      16	       0	       9	       0
2020_03_15	      16	       0	       0	       0
2020_03_16	      18	       0	       2	       0
2020_03_17	      20	       0	       2	       0
2020_03_18	      24	       0	       4	       0
2020_03_19	      29	       0	       5	       0
2020_03_20	      39	       0	      10	       0
2020_03_21	      54	       1	      15	       1
2020_03_22	      60	       1	       6	       0
2020_03_23	      75	       3	      15	       2
2020_03_24	      89	       3	      14	       0
2020_03_25	     114	       3	      25	       0
2020_03_26	     173	       5	      59	       2
2020_03_27	     197	       5	      24	       0
2020_03_28	     227	       6	      30	       1
2020_03_29	     278	       8	      51	       2
2020_03_30	     312	       8	      34	       0
2020_03_31	     362	       9	      50	       1
2020_04_01	     394	      10	      32	       1
2020_04_02	     423	      12	      29	       2
2020_04_03	     455	      14	      32	       2
2020_04_04	     495	      18	      40	       4
2020_04_05	     553	      19	      58	       1
2020_04_06	     574	      22	      21	       3
2020_04_07	     596	      22	      22	       0
2020_04_08	     623	      23	      27	       1
2020_04_09	     628	      24	       5	       1
2020_04_10	     643	      25	      15	       1
2020_04_11	     671	      25	      28	       0
2020_04_12	     685	      28	      14	       3
2020_04_13	     707	      31	      22	       3
2020_04_14	     726	      34	      19	       3
2020_04_15	     747	      34	      21	       0
2020_04_16	     780	      35	      33	       1
2020_04_17	     822	      37	      42	       2
2020_04_18	     864	      37	      42	       0
2020_04_19	     866	      37	       2	       0
2020_04_20	     866	      37	       0	       0
2020_04_21	     884	      38	      18	       1
2020_04_22	     901	      38	      17	       0
2020_04_23	     909	      38	       8	       0
2020_04_24	     918	      38	       9	       0
2020_04_25	     922	      38	       4	       0
2020_04_26	     939	      38	      17	       0
2020_04_27	     949	      38	      10	       0
2020_04_28	     967	      39	      18	       1
2020_04_29	     975	      40	       8	       1
2020_04_30	     980	      40	       5	       0
2020_05_01	     994	      41	      14	       1
2020_05_02	     998	      41	       4	       0
2020_05_03	    1009	      42	      11	       1
2020_05_04	    1009	      42	       0	       0
2020_05_05	    1018	      43	       9	       1
2020_05_06	    1022	      43	       4	       0
2020_05_07	    1025	      43	       3	       0
2020_05_08	    1026	      44	       1	       1
2020_05_09	    1030	      45	       4	       1
2020_05_10	    1032	      45	       2	       0
2020_05_11	    1032	      45	       0	       0
2020_05_12	    1032	      45	       0	       0
2020_05_13	    1032	      45	       0	       0
2020_05_14	    1032	      45	       0	       0
2020_05_15	    1032	      45	       0	       0
2020_05_16	    1035	      45	       3	       0
2020_05_17	    1037	      45	       2	       0
2020_05_18	    1037	      45	       0	       0
2020_05_19	    1043	      46	       6	       1
2020_05_20	    1044	      47	       1	       1
2020_05_21	    1045	      47	       1	       0
2020_05_22	    1046	      47	       1	       0
2020_05_23	    1048	      47	       2	       0
2020_05_24	    1048	      48	       0	       1
2020_05_25	    1051	      48	       3	       0
2020_05_26	    1051	      48	       0	       0
2020_05_27	    1051	      48	       0	       0
2020_05_28	    1051	      48	       0	       0
2020_05_29	    1068	      48	      17	       0
2020_05_30	    1071	      48	       3	       0
2020_05_31	    1076	      48	       5	       0
2020_06_01	    1077	      48	       1	       0
2020_06_02	    1084	      48	       7	       0
2020_06_03	    1086	      48	       2	       0
2020_06_04	    1087	      49	       1	       1
2020_06_05	    1087	      49	       0	       0
2020_06_06	    1087	      49	       0	       0
2020_06_07	    1087	      49	       0	       0
2020_06_08	    1087	      49	       0	       0
2020_06_09	    1087	      49	       0	       0
2020_06_10	    1087	      49	       0	       0
2020_06_11	    1087	      49	       0	       0
2020_06_12	    1087	      49	       0	       0
2020_06_13	    1093	      49	       6	       0
2020_06_14	    1094	      49	       1	       0
2020_06_15	    1096	      49	       2	       0
2020_06_16	    1110	      49	      14	       0
2020_06_17	    1125	      49	      15	       0
2020_06_18	    1128	      50	       3	       1
2020_06_19	    1132	      50	       4	       0
2020_06_20	    1146	      50	      14	       0
2020_06_21	    1156	      50	      10	       0
2020_06_22	    1157	      50	       1	       0
2020_06_23	    1159	      50	       2	       0
2020_06_24	    1159	      50	       0	       0
2020_06_25	    1160	      50	       1	       0
2020_06_26	    1162	      50	       2	       0
2020_06_27	    1164	      50	       2	       0
2020_06_28	    1168	      50	       4	       0
2020_06_29	    1169	      50	       1	       0
2020_06_30	    1172	      50	       3	       0
2020_07_01	    1174	      50	       2	       0
2020_07_02	    1175	      50	       1	       0
2020_07_03	    1178	      50	       3	       0
2020_07_04	    1181	      50	       3	       0
2020_07_05	    1181	      50	       0	       0
2020_07_06	    1188	      50	       7	       0
2020_07_07	    1199	      50	      11	       0
2020_07_08	    1205	      50	       6	       0
2020_07_09	    1221	      50	      16	       0
2020_07_10	    1231	      50	      10	       0
2020_07_11	    1240	      50	       9	       0
2020_07_12	    1245	      50	       5	       0
2020_07_13	    1263	      50	      18	       0
2020_07_14	    1302	      50	      39	       0
2020_07_15	    1306	      50	       4	       0
2020_07_16	    1319	      50	      13	       0
2020_07_17	    1327	      50	       8	       0
2020_07_18	    1336	      50	       9	       0
2020_07_19	    1348	      50	      12	       0
2020_07_20	    1374	      50	      26	       0
2020_07_21	    1381	      50	       7	       0
2020_07_22	    1389	      50	       8	       0
2020_07_23	    1394	      50	       5	       0
2020_07_24	    1406	      50	      12	       0
2020_07_25	    1425	      50	      19	       0
2020_07_26	    1425	      50	       0	       0
2020_07_27	    1452	      50	      27	       0
2020_07_28	    1455	      50	       3	       0
2020_07_29	    1468	      50	      13	       0
2020_07_30	    1488	      50	      20	       0
2020_07_31	    1514	      50	      26	       0
2020_08_01	    1535	      50	      21	       0
2020_08_02	    1552	      51	      17	       1
2020_08_03	    1561	      51	       9	       0
2020_08_04	    1565	      51	       4	       0
2020_08_05	    1584	      51	      19	       0
2020_08_06	    1601	      51	      17	       0
2020_08_07	    1642	      51	      41	       0
2020_08_08	    1656	      51	      14	       0
2020_08_09	    1678	      51	      22	       0
2020_08_10	    1678	      51	       0	       0
2020_08_11	    1717	      51	      39	       0
2020_08_12	    1738	      52	      21	       1
2020_08_13	    1780	      52	      42	       0
2020_08_14	    1847	      53	      67	       1
2020_08_15	    1903	      53	      56	       0
2020_08_16	    2023	      54	     120	       1
2020_08_17	    2125	      56	     102	       2
2020_08_18	    2227	      58	     102	       2
2020_08_19	    2329	      60	     102	       2
2020_08_20	    2431	      62	     102	       2
2020_08_21	    2533	      64	     102	       2
2020_08_22	    2635	      66	     102	       2
2020_08_23	    2738	      68	     103	       2
2020_08_24	    2857	      69	     119	       1
2020_08_25	    2976	      70	     119	       1
2020_08_26	    3095	      71	     119	       1
2020_08_27	    3214	      72	     119	       1
2020_08_28	    3333	      73	     119	       1
2020_08_29	    3452	      74	     119	       1
2020_08_30	    3572	      75	     120	       1
2020_08_31	    3744	      77	     172	       2
2020_09_01	    3916	      80	     172	       3
2020_09_02	    4088	      82	     172	       2
2020_09_03	    4260	      85	     172	       3
2020_09_04	    4432	      87	     172	       2
2020_09_05	    4604	      90	     172	       3
2020_09_06	    4776	      93	     172	       3
2020_09_07	    5041	      95	     265	       2
2020_09_08	    5307	      97	     266	       2
2020_09_09	    5572	      99	     265	       2
2020_09_10	    5838	     101	     266	       2
2020_09_11	    6103	     103	     265	       2
2020_09_12	    6369	     105	     266	       2
2020_09_13	    6635	     107	     266	       2
2020_09_14	    7078	     113	     443	       6
2020_09_15	    7521	     120	     443	       7
2020_09_16	    7964	     127	     443	       7
2020_09_17	    8407	     134	     443	       7
2020_09_18	    8850	     141	     443	       7
2020_09_19	    9293	     148	     443	       7
2020_09_20	    9736	     155	     443	       7
2020_09_21	   10513	     162	     777	       7
2020_09_22	   11290	     169	     777	       7
2020_09_23	   12068	     177	     778	       8
2020_09_24	   12845	     184	     777	       7
2020_09_25	   13623	     192	     778	       8
2020_09_26	   14400	     199	     777	       7
2020_09_27	   15178	     207	     778	       8
2020_09_28	   16001	     216	     823	       9
2020_09_29	   16825	     226	     824	      10
2020_09_30	   17649	     236	     824	      10
2020_10_01	   18472	     246	     823	      10
2020_10_02	   19296	     256	     824	      10
2020_10_03	   20120	     266	     824	      10
2020_10_04	   20944	     276	     824	      10
2020_10_05	   22417	     301	    1473	      25
2020_10_06	   23891	     327	    1474	      26
2020_10_07	   25364	     353	    1473	      26
2020_10_08	   26838	     378	    1474	      25
2020_10_09	   28311	     404	    1473	      26
2020_10_10	   29785	     430	    1474	      26
2020_10_11	   31259	     456	    1474	      26
2020_10_12	   32585	     480	    1326	      24
2020_10_13	   33911	     504	    1326	      24
2020_10_14	   35237	     528	    1326	      24
2020_10_15	   36563	     553	    1326	      25
2020_10_16	   37889	     577	    1326	      24
2020_10_17	   39215	     601	    1326	      24
2020_10_18	   40542	     626	    1327	      25
2020_10_19	   42235	     677	    1693	      51
2020_10_20	   43929	     728	    1694	      51
2020_10_21	   45623	     779	    1694	      51
2020_10_22	   47317	     830	    1694	      51
2020_10_23	   49011	     881	    1694	      51
2020_10_24	   50705	     932	    1694	      51
2020_10_25	   52399	     983	    1694	      51
2020_10_26	   53458	    1030	    1059	      47
2020_10_27	   54517	    1078	    1059	      48
2020_10_28	   55576	    1126	    1059	      48
2020_10_29	   56635	    1173	    1059	      47
2020_10_30	   57694	    1221	    1059	      48
2020_10_31	   58753	    1269	    1059	      48
2020_11_01	   59813	    1317	    1060	      48
2020_11_02	   61203	    1392	    1390	      75
2020_11_03	   62593	    1468	    1390	      76
2020_11_04	   63983	    1544	    1390	      76
2020_11_05	   65373	    1620	    1390	      76
2020_11_06	   66763	    1696	    1390	      76
2020_11_07	   68153	    1772	    1390	      76
2020_11_08	   69543	    1848	    1390	      76
2020_11_09	   70942	    1909	    1399	      61
2020_11_10	   72341	    1971	    1399	      62
2020_11_11	   73741	    2032	    1400	      61
2020_11_12	   75140	    2094	    1399	      62
2020_11_13	   76540	    2155	    1400	      61
2020_11_14	   77939	    2217	    1399	      62
2020_11_15	   79339	    2279	    1400	      62
2020_11_16	   80500	    2346	    1161	      67
2020_11_17	   81662	    2414	    1162	      68
2020_11_18	   82824	    2481	    1162	      67
2020_11_19	   83985	    2549	    1161	      68
2020_11_20	   85147	    2616	    1162	      67
2020_11_21	   86309	    2684	    1162	      68
2020_11_22	   87471	    2752	    1162	      68
2020_11_23	   88543	    2809	    1072	      57
2020_11_24	   89616	    2866	    1073	      57
2020_11_25	   90689	    2923	    1073	      57
2020_11_26	   91761	    2981	    1072	      58
2020_11_27	   92834	    3038	    1073	      57
2020_11_28	   93907	    3095	    1073	      57
2020_11_29	   94980	    3153	    1073	      58
2020_11_30	   96124	    3206	    1144	      53
2020_12_01	   97268	    3259	    1144	      53
2020_12_02	   98413	    3312	    1145	      53
2020_12_03	   99557	    3366	    1144	      54
2020_12_04	  100702	    3419	    1145	      53
2020_12_05	  101846	    3472	    1144	      53
2020_12_06	  102991	    3526	    1145	      54
2020_12_07	  104048	    3570	    1057	      44
2020_12_08	  105105	    3614	    1057	      44
2020_12_09	  106163	    3658	    1058	      44
2020_12_10	  107220	    3703	    1057	      45
2020_12_11	  108278	    3747	    1058	      44
2020_12_12	  109335	    3791	    1057	      44
2020_12_13	  110393	    3836	    1058	      45
2020_12_14	  111644	    3877	    1251	      41
2020_12_15	  112895	    3918	    1251	      41
2020_12_16	  114146	    3960	    1251	      42
2020_12_17	  115397	    4001	    1251	      41
2020_12_18	  116648	    4043	    1251	      42
2020_12_19	  117899	    4084	    1251	      41
2020_12_20	  119151	    4126	    1252	      42
2020_12_21	  120733	    4168	    1582	      42
2020_12_22	  122316	    4211	    1583	      43
2020_12_23	  123899	    4254	    1583	      43
2020_12_24	  125481	    4297	    1582	      43
2020_12_25	  127064	    4340	    1583	      43
2020_12_26	  128647	    4383	    1583	      43
2020_12_27	  130230	    4426	    1583	      43
2020_12_28	  131908	    4474	    1678	      48
2020_12_29	  133586	    4522	    1678	      48
2020_12_30	  135265	    4571	    1679	      49
2020_12_31	  136943	    4619	    1678	      48
2021_01_01	  138622	    4668	    1679	      49
2021_01_02	  140300	    4716	    1678	      48
2021_01_03	  141979	    4765	    1679	      49
2021_01_04	  144198	    4820	    2219	      55
2021_01_05	  146417	    4875	    2219	      55
2021_01_06	  148636	    4931	    2219	      56
2021_01_07	  150856	    4986	    2220	      55
2021_01_08	  153075	    5042	    2219	      56
2021_01_09	  155294	    5097	    2219	      55
2021_01_10	  157514	    5153	    2220	      56
2021_01_11	  160330	    5219	    2816	      66
2021_01_12	  163147	    5285	    2817	      66
2021_01_13	  165964	    5351	    2817	      66
2021_01_14	  168780	    5417	    2816	      66
2021_01_15	  171597	    5483	    2817	      66
2021_01_16	  174414	    5549	    2817	      66
2021_01_17	  177231	    5616	    2817	      67
2021_01_18	  179814	    5692	    2583	      76
2021_01_19	  182397	    5769	    2583	      77
2021_01_20	  184980	    5846	    2583	      77
2021_01_21	  187564	    5923	    2584	      77
2021_01_22	  190147	    6000	    2583	      77
2021_01_23	  192730	    6077	    2583	      77
2021_01_24	  195314	    6154	    2584	      77
2021_01_25	  197050	    6229	    1736	      75
2021_01_26	  198786	    6304	    1736	      75
2021_01_27	  200522	    6379	    1736	      75
2021_01_28	  202259	    6454	    1737	      75
2021_01_29	  203995	    6529	    1736	      75
2021_01_30	  205731	    6604	    1736	      75
2021_01_31	  207468	    6680	    1737	      76
2021_02_01	  208712	    6748	    1244	      68
2021_02_02	  209956	    6817	    1244	      69
2021_02_03	  211200	    6886	    1244	      69
2021_02_04	  212444	    6955	    1244	      69
2021_02_05	  213688	    7024	    1244	      69
2021_02_06	  214932	    7093	    1244	      69
2021_02_07	  216176	    7162	    1244	      69
2021_02_08	  217080	    7211	     904	      49
2021_02_09	  217984	    7260	     904	      49
2021_02_10	  218888	    7310	     904	      50
2021_02_11	  219792	    7359	     904	      49
2021_02_12	  220696	    7409	     904	      50
2021_02_13	  221600	    7458	     904	      49
2021_02_14	  222504	    7508	     904	      50
2021_02_15	  223238	    7543	     734	      35
2021_02_16	  223972	    7578	     734	      35
2021_02_17	  224706	    7613	     734	      35
2021_02_18	  225440	    7649	     734	      36
2021_02_19	  226174	    7684	     734	      35
2021_02_20	  226908	    7719	     734	      35
2021_02_21	  227643	    7755	     735	      36
2021_02_22	  228353	    7786	     710	      31
2021_02_23	  229063	    7817	     710	      31
2021_02_24	  229773	    7848	     710	      31
2021_02_25	  230484	    7880	     711	      32
2021_02_26	  231194	    7911	     710	      31
2021_02_27	  231904	    7942	     710	      31
2021_02_28	  232615	    7974	     711	      32
2021_03_01	  233245	    8001	     630	      27
2021_03_02	  233875	    8029	     630	      28
2021_03_03	  234506	    8056	     631	      27
2021_03_04	  235136	    8084	     630	      28
2021_03_05	  235767	    8111	     631	      27
2021_03_06	  236397	    8139	     630	      28
2021_03_07	  237028	    8167	     631	      28
2021_03_08	  237632	    8194	     604	      27
2021_03_09	  238236	    8221	     604	      27
2021_03_10	  238840	    8249	     604	      28
2021_03_11	  239444	    8276	     604	      27
2021_03_12	  240048	    8304	     604	      28
2021_03_13	  240652	    8331	     604	      27
2021_03_14	  241257	    8359	     605	      28
2021_03_15	  241849	    8382	     592	      23
2021_03_16	  242442	    8406	     593	      24
2021_03_17	  243034	    8430	     592	      24
2021_03_18	  243627	    8454	     593	      24
2021_03_19	  244219	    8478	     592	      24
2021_03_20	  244812	    8502	     593	      24
2021_03_21	  245405	    8526	     593	      24
2021_03_22	  246019	    8551	     614	      25
2021_03_23	  246633	    8577	     614	      26
2021_03_24	  247247	    8602	     614	      25
2021_03_25	  247861	    8628	     614	      26
2021_03_26	  248475	    8653	     614	      25
2021_03_27	  249089	    8679	     614	      26
2021_03_28	  249703	    8705	     614	      26
2021_03_29	  250936	    8737	    1233	      32
2021_03_30	  252169	    8769	    1233	      32
2021_03_31	  253402	    8801	    1233	      32
2021_04_01	  254635	    8834	    1233	      33
2021_04_02	  255868	    8866	    1233	      32
2021_04_03	  257101	    8898	    1233	      32
2021_04_04	  258335	    8931	    1234	      33
2021_04_05	  260043	    8974	    1708	      43
2021_04_06	  261752	    9017	    1709	      43
2021_04_07	  263461	    9061	    1709	      44
2021_04_08	  265170	    9104	    1709	      43
2021_04_09	  266879	    9148	    1709	      44
2021_04_10	  268588	    9191	    1709	      43
2021_04_11	  270297	    9235	    1709	      44
2021_04_12	  272251	    9303	    1954	      68
2021_04_13	  274205	    9372	    1954	      69
2021_04_14	  276159	    9441	    1954	      69
2021_04_15	  278113	    9510	    1954	      69
2021_04_16	  280067	    9579	    1954	      69
2021_04_17	  282021	    9648	    1954	      69
2021_04_18	  283976	    9717	    1955	      69
2021_04_19	  286061	    9790	    2085	      73
2021_04_20	  288146	    9863	    2085	      73
2021_04_21	  290231	    9937	    2085	      74
2021_04_22	  292316	   10010	    2085	      73
2021_04_23	  294401	   10084	    2085	      74
2021_04_24	  296486	   10157	    2085	      73
2021_04_25	  298572	   10231	    2086	      74
2021_04_26	  300309	   10313	    1737	      82
2021_04_27	  302046	   10395	    1737	      82
2021_04_28	  303784	   10478	    1738	      83
2021_04_29	  305521	   10560	    1737	      82
2021_04_30	  307259	   10643	    1738	      83
2021_05_01	  308996	   10725	    1737	      82
2021_05_02	  310734	   10808	    1738	      83
2021_05_03	  311988	   10885	    1254	      77
2021_05_04	  313242	   10962	    1254	      77
2021_05_05	  314496	   11040	    1254	      78
2021_05_06	  315750	   11117	    1254	      77
2021_05_07	  317004	   11195	    1254	      78
2021_05_08	  318258	   11272	    1254	      77
2021_05_09	  319512	   11350	    1254	      78
2021_05_10	  320414	   11411	     902	      61
2021_05_11	  321317	   11472	     903	      61
2021_05_12	  322220	   11533	     903	      61
2021_05_13	  323123	   11595	     903	      62
2021_05_14	  324026	   11656	     903	      61
2021_05_15	  324929	   11717	     903	      61
2021_05_16	  325832	   11779	     903	      62
2021_05_17	  327013	   11836	    1181	      57
2021_05_18	  328194	   11894	    1181	      58
2021_05_19	  329375	   11951	    1181	      57
2021_05_20	  330556	   12009	    1181	      58
2021_05_21	  331737	   12066	    1181	      57
2021_05_22	  332918	   12124	    1181	      58
2021_05_23	  334099	   12182	    1181	      58
2021_05_24	  335424	   12238	    1325	      56
2021_05_25	  336749	   12294	    1325	      56
2021_05_26	  338074	   12350	    1325	      56
2021_05_27	  339399	   12406	    1325	      56
2021_05_28	  340724	   12462	    1325	      56
2021_05_29	  342049	   12518	    1325	      56
2021_05_30	  343374	   12574	    1325	      56
2021_05_31	  344860	   12627	    1486	      53
2021_06_01	  346347	   12680	    1487	      53
2021_06_02	  347834	   12734	    1487	      54
2021_06_03	  349321	   12787	    1487	      53
2021_06_04	  350808	   12841	    1487	      54
2021_06_05	  352295	   12894	    1487	      53
2021_06_06	  353782	   12948	    1487	      54
2021_06_07	  355677	   13017	    1895	      69
2021_06_08	  357572	   13087	    1895	      70
2021_06_09	  359467	   13157	    1895	      70
2021_06_10	  361362	   13226	    1895	      69
2021_06_11	  363257	   13296	    1895	      70
2021_06_12	  365152	   13366	    1895	      70
2021_06_13	  367047	   13436	    1895	      70
