#
# COVID-19 Country file (official WHO count)
# Country = Turkey
# Latitude = 39.0
# Population = 83835.750
# Territory = 783562.0
# LEB = 77.7
# DPA = 451000
# DPA65 = 297660
# GDP = 9624.0
# GDP_PPP = 27965.0
# COVID-19 Mortality = 580.5
# First_Case = 2020_03_12
# Last_Case = 2021_06_13
# First_Death = 2020_03_19
# Last_Death = 2021_06_13
# Status as of 2021_06_13 = Community transmission
# Vaccine type = Pfizer/BioNTech, Sinovac
# Vaccine start = 2021_02_12
#
Date	Conf_Cases	Conf_Deaths	Daily_Cases	Daily_Deaths
2020_03_12	       1	       0	       1	       0
2020_03_13	       1	       0	       0	       0
2020_03_14	       5	       0	       4	       0
2020_03_15	       5	       0	       0	       0
2020_03_16	       5	       0	       0	       0
2020_03_17	      47	       0	      42	       0
2020_03_18	      47	       0	       0	       0
2020_03_19	     191	       2	     144	       2
2020_03_20	     191	       2	       0	       0
2020_03_21	     670	       9	     479	       7
2020_03_22	     947	      21	     277	      12
2020_03_23	    1236	      30	     289	       9
2020_03_24	    1529	      37	     293	       7
2020_03_25	    1872	      44	     343	       7
2020_03_26	    2433	      59	     561	      15
2020_03_27	    3629	      75	    1196	      16
2020_03_28	    5698	      92	    2069	      17
2020_03_29	    7402	     108	    1704	      16
2020_03_30	    9271	     131	    1869	      23
2020_03_31	   10827	     168	    1556	      37
2020_04_01	   13531	     214	    2704	      46
2020_04_02	   15679	     277	    2148	      63
2020_04_03	   18135	     356	    2456	      79
2020_04_04	   20921	     425	    2786	      69
2020_04_05	   23934	     501	    3013	      76
2020_04_06	   27069	     574	    3135	      73
2020_04_07	   30217	     649	    3148	      75
2020_04_08	   34109	     725	    3892	      76
2020_04_09	   38226	     812	    4117	      87
2020_04_10	   42282	     908	    4056	      96
2020_04_11	   47029	    1006	    4747	      98
2020_04_12	   52167	    1101	    5138	      95
2020_04_13	   56956	    1198	    4789	      97
2020_04_14	   61049	    1296	    4093	      98
2020_04_15	   65111	    1403	    4062	     107
2020_04_16	   69392	    1518	    4281	     115
2020_04_17	   74193	    1643	    4801	     125
2020_04_18	   78546	    1769	    4353	     126
2020_04_19	   82329	    1890	    3783	     121
2020_04_20	   86306	    2017	    3977	     127
2020_04_21	   90980	    2140	    4674	     123
2020_04_22	   95591	    2259	    4611	     119
2020_04_23	   98674	    2376	    3083	     117
2020_04_24	  101790	    2491	    3116	     115
2020_04_25	  104912	    2600	    3122	     109
2020_04_26	  107773	    2706	    2861	     106
2020_04_27	  110130	    2805	    2357	      99
2020_04_28	  112261	    2900	    2131	      95
2020_04_29	  114653	    2992	    2392	      92
2020_04_30	  117589	    3081	    2936	      89
2020_05_01	  120204	    3174	    2615	      93
2020_05_02	  122392	    3258	    2188	      84
2020_05_03	  124375	    3336	    1983	      78
2020_05_04	  126045	    3397	    1670	      61
2020_05_05	  127659	    3461	    1614	      64
2020_05_06	  129491	    3520	    1832	      59
2020_05_07	  131744	    3584	    2253	      64
2020_05_08	  133721	    3641	    1977	      57
2020_05_09	  135569	    3689	    1848	      48
2020_05_10	  137115	    3739	    1546	      50
2020_05_11	  138657	    3786	    1542	      47
2020_05_12	  139771	    3841	    1114	      55
2020_05_13	  141475	    3894	    1704	      53
2020_05_14	  143114	    3952	    1639	      58
2020_05_15	  144749	    4007	    1635	      55
2020_05_16	  146457	    4055	    1708	      48
2020_05_17	  148067	    4096	    1610	      41
2020_05_18	  149435	    4140	    1368	      44
2020_05_19	  150593	    4171	    1158	      31
2020_05_20	  151615	    4199	    1022	      28
2020_05_21	  152587	    4222	     972	      23
2020_05_22	  153548	    4249	     961	      27
2020_05_23	  154500	    4276	     952	      27
2020_05_24	  155686	    4308	    1186	      32
2020_05_25	  156827	    4340	    1141	      32
2020_05_26	  157814	    4369	     987	      29
2020_05_27	  158762	    4397	     948	      28
2020_05_28	  159797	    4431	    1035	      34
2020_05_29	  160979	    4461	    1182	      30
2020_05_30	  162120	    4489	    1141	      28
2020_05_31	  163103	    4515	     983	      26
2020_06_01	  163942	    4540	     839	      25
2020_06_02	  164769	    4563	     827	      23
2020_06_03	  165555	    4585	     786	      22
2020_06_04	  166422	    4609	     867	      24
2020_06_05	  167410	    4630	     988	      21
2020_06_06	  168340	    4648	     930	      18
2020_06_07	  169218	    4669	     878	      21
2020_06_08	  170132	    4692	     914	      23
2020_06_09	  171121	    4711	     989	      19
2020_06_10	  172114	    4729	     993	      18
2020_06_11	  173036	    4746	     922	      17
2020_06_12	  174023	    4763	     987	      17
2020_06_13	  175218	    4778	    1195	      15
2020_06_14	  176677	    4792	    1459	      14
2020_06_15	  178239	    4807	    1562	      15
2020_06_16	  179831	    4825	    1592	      18
2020_06_17	  181298	    4842	    1467	      17
2020_06_18	  182727	    4861	    1429	      19
2020_06_19	  184031	    4882	    1304	      21
2020_06_20	  185245	    4905	    1214	      23
2020_06_21	  186493	    4927	    1248	      22
2020_06_22	  187685	    4950	    1192	      23
2020_06_23	  188897	    4974	    1212	      24
2020_06_24	  190165	    5001	    1268	      27
2020_06_25	  191657	    5025	    1492	      24
2020_06_26	  193115	    5046	    1458	      21
2020_06_27	  194511	    5065	    1396	      19
2020_06_28	  195883	    5082	    1372	      17
2020_06_29	  197239	    5097	    1356	      15
2020_06_30	  198613	    5115	    1374	      18
2020_07_01	  199906	    5131	    1293	      16
2020_07_02	  201098	    5150	    1192	      19
2020_07_03	  202284	    5167	    1186	      17
2020_07_04	  203456	    5186	    1172	      19
2020_07_05	  204610	    5206	    1154	      20
2020_07_06	  205758	    5225	    1148	      19
2020_07_07	  206844	    5241	    1086	      16
2020_07_08	  207897	    5260	    1053	      19
2020_07_09	  208938	    5282	    1041	      22
2020_07_10	  209962	    5300	    1024	      18
2020_07_11	  210965	    5323	    1003	      23
2020_07_12	  211981	    5344	    1016	      21
2020_07_13	  212993	    5363	    1012	      19
2020_07_14	  214001	    5382	    1008	      19
2020_07_15	  214993	    5402	     992	      20
2020_07_16	  215940	    5419	     947	      17
2020_07_17	  216873	    5440	     933	      21
2020_07_18	  217799	    5458	     926	      18
2020_07_19	  218717	    5475	     918	      17
2020_07_20	  219641	    5491	     924	      16
2020_07_21	  220572	    5508	     931	      17
2020_07_22	  221500	    5526	     928	      18
2020_07_23	  222402	    5545	     902	      19
2020_07_24	  223315	    5563	     913	      18
2020_07_25	  224252	    5580	     937	      17
2020_07_26	  224252	    5580	       0	       0
2020_07_27	  226100	    5613	    1848	      33
2020_07_28	  227019	    5630	     919	      17
2020_07_29	  227982	    5645	     963	      15
2020_07_30	  228924	    5659	     942	      14
2020_07_31	  229891	    5674	     967	      15
2020_08_01	  230873	    5691	     982	      17
2020_08_02	  231869	    5710	     996	      19
2020_08_03	  232856	    5728	     987	      18
2020_08_04	  233851	    5747	     995	      19
2020_08_05	  234934	    5765	    1083	      18
2020_08_06	  236112	    5784	    1178	      19
2020_08_07	  237265	    5798	    1153	      14
2020_08_08	  238450	    5813	    1185	      15
2020_08_09	  239622	    5829	    1172	      16
2020_08_10	  240804	    5844	    1182	      15
2020_08_11	  241997	    5858	    1193	      14
2020_08_12	  243180	    5873	    1183	      15
2020_08_13	  244392	    5891	    1212	      18
2020_08_14	  245635	    5912	    1243	      21
2020_08_15	  246861	    5934	    1226	      22
2020_08_16	  248117	    5955	    1256	      21
2020_08_17	  249390	    5976	    1273	      21
2020_08_18	  250664	    5997	    1274	      21
2020_08_19	  251937	    6018	    1273	      21
2020_08_20	  253211	    6039	    1274	      21
2020_08_21	  254484	    6060	    1273	      21
2020_08_22	  255758	    6081	    1274	      21
2020_08_23	  257032	    6102	    1274	      21
2020_08_24	  258465	    6128	    1433	      26
2020_08_25	  259898	    6154	    1433	      26
2020_08_26	  261331	    6180	    1433	      26
2020_08_27	  262764	    6206	    1433	      26
2020_08_28	  264197	    6232	    1433	      26
2020_08_29	  265630	    6258	    1433	      26
2020_08_30	  267064	    6284	    1434	      26
2020_08_31	  268658	    6332	    1594	      48
2020_09_01	  270253	    6380	    1595	      48
2020_09_02	  271848	    6428	    1595	      48
2020_09_03	  273443	    6476	    1595	      48
2020_09_04	  275038	    6524	    1595	      48
2020_09_05	  276633	    6572	    1595	      48
2020_09_06	  278228	    6620	    1595	      48
2020_09_07	  279857	    6674	    1629	      54
2020_09_08	  281487	    6728	    1630	      54
2020_09_09	  283116	    6782	    1629	      54
2020_09_10	  284746	    6836	    1630	      54
2020_09_11	  286375	    6890	    1629	      54
2020_09_12	  288005	    6944	    1630	      54
2020_09_13	  289635	    6999	    1630	      55
2020_09_14	  291308	    7062	    1673	      63
2020_09_15	  292981	    7126	    1673	      64
2020_09_16	  294654	    7190	    1673	      64
2020_09_17	  296328	    7253	    1674	      63
2020_09_18	  298001	    7317	    1673	      64
2020_09_19	  299674	    7381	    1673	      64
2020_09_20	  301348	    7445	    1674	      64
2020_09_21	  303007	    7514	    1659	      69
2020_09_22	  304667	    7583	    1660	      69
2020_09_23	  306327	    7652	    1660	      69
2020_09_24	  307986	    7721	    1659	      69
2020_09_25	  309646	    7790	    1660	      69
2020_09_26	  311306	    7859	    1660	      69
2020_09_27	  312966	    7929	    1660	      70
2020_09_28	  314401	    7994	    1435	      65
2020_09_29	  315836	    8059	    1435	      65
2020_09_30	  317272	    8124	    1436	      65
2020_10_01	  318707	    8189	    1435	      65
2020_10_02	  320143	    8254	    1436	      65
2020_10_03	  321578	    8319	    1435	      65
2020_10_04	  323014	    8384	    1436	      65
2020_10_05	  324587	    8440	    1573	      56
2020_10_06	  326161	    8496	    1574	      56
2020_10_07	  327735	    8552	    1574	      56
2020_10_08	  329309	    8609	    1574	      57
2020_10_09	  330883	    8665	    1574	      56
2020_10_10	  332457	    8721	    1574	      56
2020_10_11	  334031	    8778	    1574	      57
2020_10_12	  335954	    8852	    1923	      74
2020_10_13	  337877	    8926	    1923	      74
2020_10_14	  339800	    9000	    1923	      74
2020_10_15	  341723	    9074	    1923	      74
2020_10_16	  343646	    9148	    1923	      74
2020_10_17	  345569	    9222	    1923	      74
2020_10_18	  347493	    9296	    1924	      74
2020_10_19	  349851	    9378	    2358	      82
2020_10_20	  352209	    9461	    2358	      83
2020_10_21	  354567	    9543	    2358	      82
2020_10_22	  356925	    9626	    2358	      83
2020_10_23	  359283	    9708	    2358	      82
2020_10_24	  361641	    9791	    2358	      83
2020_10_25	  363999	    9874	    2358	      83
2020_10_26	  365623	    9928	    1624	      54
2020_10_27	  367247	    9982	    1624	      54
2020_10_28	  368871	   10036	    1624	      54
2020_10_29	  370495	   10090	    1624	      54
2020_10_30	  372119	   10144	    1624	      54
2020_10_31	  373743	   10198	    1624	      54
2020_11_01	  375367	   10252	    1624	      54
2020_11_02	  377705	   10330	    2338	      78
2020_11_03	  380044	   10409	    2339	      79
2020_11_04	  382383	   10488	    2339	      79
2020_11_05	  384722	   10566	    2339	      78
2020_11_06	  387061	   10645	    2339	      79
2020_11_07	  389400	   10724	    2339	      79
2020_11_08	  391739	   10803	    2339	      79
2020_11_09	  394498	   10890	    2759	      87
2020_11_10	  397257	   10978	    2759	      88
2020_11_11	  400017	   11066	    2760	      88
2020_11_12	  402776	   11154	    2759	      88
2020_11_13	  405536	   11242	    2760	      88
2020_11_14	  408295	   11330	    2759	      88
2020_11_15	  411055	   11418	    2760	      88
2020_11_16	  415305	   11532	    4250	     114
2020_11_17	  419555	   11646	    4250	     114
2020_11_18	  423805	   11761	    4250	     115
2020_11_19	  428055	   11875	    4250	     114
2020_11_20	  432305	   11990	    4250	     115
2020_11_21	  436555	   12104	    4250	     114
2020_11_22	  440805	   12219	    4250	     115
2020_11_23	  447534	   12383	    6729	     164
2020_11_24	  454264	   12548	    6730	     165
2020_11_25	  460993	   12713	    6729	     165
2020_11_26	  467723	   12878	    6730	     165
2020_11_27	  474452	   13043	    6729	     165
2020_11_28	  481182	   13208	    6730	     165
2020_11_29	  487912	   13373	    6730	     165
2020_11_30	  494381	   13563	    6469	     190
2020_12_01	  500850	   13753	    6469	     190
2020_12_02	  507320	   13943	    6470	     190
2020_12_03	  513789	   14134	    6469	     191
2020_12_04	  520259	   14324	    6470	     190
2020_12_05	  526728	   14514	    6469	     190
2020_12_06	  533198	   14705	    6470	     191
2020_12_07	  599237	   14918	   66039	     213
2020_12_08	  665276	   15131	   66039	     213
2020_12_09	  731315	   15345	   66039	     214
2020_12_10	  797354	   15558	   66039	     213
2020_12_11	  863393	   15772	   66039	     214
2020_12_12	  929432	   15985	   66039	     213
2020_12_13	  995471	   16199	   66039	     214
2020_12_14	 1023253	   16435	   27782	     236
2020_12_15	 1051035	   16671	   27782	     236
2020_12_16	 1078817	   16907	   27782	     236
2020_12_17	 1106600	   17143	   27783	     236
2020_12_18	 1134382	   17379	   27782	     236
2020_12_19	 1162164	   17615	   27782	     236
2020_12_20	 1189947	   17851	   27783	     236
2020_12_21	 1208388	   18104	   18441	     253
2020_12_22	 1226829	   18357	   18441	     253
2020_12_23	 1245270	   18610	   18441	     253
2020_12_24	 1263711	   18864	   18441	     254
2020_12_25	 1282152	   19117	   18441	     253
2020_12_26	 1300593	   19370	   18441	     253
2020_12_27	 1319035	   19624	   18442	     254
2020_12_28	 1333129	   19862	   14094	     238
2020_12_29	 1347224	   20101	   14095	     239
2020_12_30	 1361318	   20340	   14094	     239
2020_12_31	 1375413	   20578	   14095	     238
2021_01_01	 1389507	   20817	   14094	     239
2021_01_02	 1403602	   21056	   14095	     239
2021_01_03	 1417697	   21295	   14095	     239
2021_01_04	 1429851	   21485	   12154	     190
2021_01_05	 1442006	   21676	   12155	     191
2021_01_06	 1454161	   21867	   12155	     191
2021_01_07	 1466315	   22058	   12154	     191
2021_01_08	 1478470	   22249	   12155	     191
2021_01_09	 1490625	   22440	   12155	     191
2021_01_10	 1502780	   22631	   12155	     191
2021_01_11	 1511858	   22802	    9078	     171
2021_01_12	 1520936	   22974	    9078	     172
2021_01_13	 1530014	   23145	    9078	     171
2021_01_14	 1539092	   23317	    9078	     172
2021_01_15	 1548170	   23488	    9078	     171
2021_01_16	 1557248	   23660	    9078	     172
2021_01_17	 1566327	   23832	    9079	     172
2021_01_18	 1688898	   23989	  122571	     157
2021_01_19	 1811470	   24146	  122572	     157
2021_01_20	 1934041	   24303	  122571	     157
2021_01_21	 2056613	   24461	  122572	     158
2021_01_22	 2179184	   24618	  122571	     157
2021_01_23	 2301756	   24775	  122572	     157
2021_01_24	 2424328	   24933	  122572	     158
2021_01_25	 2430981	   25066	    6653	     133
2021_01_26	 2437634	   25199	    6653	     133
2021_01_27	 2444287	   25332	    6653	     133
2021_01_28	 2450941	   25465	    6654	     133
2021_01_29	 2457594	   25598	    6653	     133
2021_01_30	 2464247	   25731	    6653	     133
2021_01_31	 2470901	   25865	    6654	     134
2021_02_01	 2478598	   25982	    7697	     117
2021_02_02	 2486296	   26099	    7698	     117
2021_02_03	 2493994	   26216	    7698	     117
2021_02_04	 2501692	   26333	    7698	     117
2021_02_05	 2509390	   26450	    7698	     117
2021_02_06	 2517088	   26567	    7698	     117
2021_02_07	 2524786	   26685	    7698	     118
2021_02_08	 2532658	   26783	    7872	      98
2021_02_09	 2540531	   26882	    7873	      99
2021_02_10	 2548404	   26981	    7873	      99
2021_02_11	 2556277	   27080	    7873	      99
2021_02_12	 2564150	   27179	    7873	      99
2021_02_13	 2572023	   27278	    7873	      99
2021_02_14	 2579896	   27377	    7873	      99
2021_02_15	 2587321	   27463	    7425	      86
2021_02_16	 2594747	   27550	    7426	      87
2021_02_17	 2602173	   27636	    7426	      86
2021_02_18	 2609598	   27723	    7425	      87
2021_02_19	 2617024	   27809	    7426	      86
2021_02_20	 2624450	   27896	    7426	      87
2021_02_21	 2631876	   27983	    7426	      87
2021_02_22	 2640631	   28057	    8755	      74
2021_02_23	 2649386	   28131	    8755	      74
2021_02_24	 2658142	   28205	    8756	      74
2021_02_25	 2666897	   28280	    8755	      75
2021_02_26	 2675653	   28354	    8756	      74
2021_02_27	 2684408	   28428	    8755	      74
2021_02_28	 2693164	   28503	    8756	      75
2021_03_01	 2704030	   28569	   10866	      66
2021_03_02	 2714897	   28635	   10867	      66
2021_03_03	 2725763	   28701	   10866	      66
2021_03_04	 2736630	   28767	   10867	      66
2021_03_05	 2747496	   28833	   10866	      66
2021_03_06	 2758363	   28899	   10867	      66
2021_03_07	 2769230	   28965	   10867	      66
2021_03_08	 2783056	   29030	   13826	      65
2021_03_09	 2796882	   29095	   13826	      65
2021_03_10	 2810708	   29160	   13826	      65
2021_03_11	 2824534	   29225	   13826	      65
2021_03_12	 2838360	   29290	   13826	      65
2021_03_13	 2852186	   29355	   13826	      65
2021_03_14	 2866012	   29421	   13826	      66
2021_03_15	 2884109	   29497	   18097	      76
2021_03_16	 2902206	   29574	   18097	      77
2021_03_17	 2920304	   29651	   18098	      77
2021_03_18	 2938401	   29728	   18097	      77
2021_03_19	 2956499	   29805	   18098	      77
2021_03_20	 2974596	   29882	   18097	      77
2021_03_21	 2992694	   29959	   18098	      77
2021_03_22	 3019325	   30096	   26631	     137
2021_03_23	 3045957	   30234	   26632	     138
2021_03_24	 3072588	   30372	   26631	     138
2021_03_25	 3099220	   30509	   26632	     137
2021_03_26	 3125851	   30647	   26631	     138
2021_03_27	 3152483	   30785	   26632	     138
2021_03_28	 3179115	   30923	   26632	     138
2021_03_29	 3217106	   31088	   37991	     165
2021_03_30	 3255097	   31253	   37991	     165
2021_03_31	 3293088	   31418	   37991	     165
2021_04_01	 3331079	   31583	   37991	     165
2021_04_02	 3369070	   31748	   37991	     165
2021_04_03	 3407061	   31913	   37991	     165
2021_04_04	 3445052	   32078	   37991	     165
2021_04_05	 3495520	   32310	   50468	     232
2021_04_06	 3545989	   32542	   50469	     232
2021_04_07	 3596458	   32774	   50469	     232
2021_04_08	 3646926	   33006	   50468	     232
2021_04_09	 3697395	   33238	   50469	     232
2021_04_10	 3747864	   33470	   50469	     232
2021_04_11	 3798333	   33702	   50469	     232
2021_04_12	 3857520	   33974	   59187	     272
2021_04_13	 3916707	   34246	   59187	     272
2021_04_14	 3975895	   34518	   59188	     272
2021_04_15	 4035082	   34791	   59187	     273
2021_04_16	 4094270	   35063	   59188	     272
2021_04_17	 4153457	   35335	   59187	     272
2021_04_18	 4212645	   35608	   59188	     273
2021_04_19	 4266755	   35951	   54110	     343
2021_04_20	 4320865	   36294	   54110	     343
2021_04_21	 4374975	   36637	   54110	     343
2021_04_22	 4429085	   36981	   54110	     344
2021_04_23	 4483195	   37324	   54110	     343
2021_04_24	 4537305	   37667	   54110	     343
2021_04_25	 4591416	   38011	   54111	     344
2021_04_26	 4628272	   38367	   36856	     356
2021_04_27	 4665128	   38723	   36856	     356
2021_04_28	 4701984	   39079	   36856	     356
2021_04_29	 4738840	   39435	   36856	     356
2021_04_30	 4775696	   39791	   36856	     356
2021_05_01	 4812552	   40147	   36856	     356
2021_05_02	 4849408	   40504	   36856	     357
2021_05_03	 4873227	   40824	   23819	     320
2021_05_04	 4897046	   41144	   23819	     320
2021_05_05	 4920865	   41464	   23819	     320
2021_05_06	 4944684	   41785	   23819	     321
2021_05_07	 4968503	   42105	   23819	     320
2021_05_08	 4992322	   42425	   23819	     320
2021_05_09	 5016141	   42746	   23819	     321
2021_05_10	 5029101	   43001	   12960	     255
2021_05_11	 5042061	   43257	   12960	     256
2021_05_12	 5055021	   43513	   12960	     256
2021_05_13	 5067981	   43769	   12960	     256
2021_05_14	 5080941	   44025	   12960	     256
2021_05_15	 5093901	   44281	   12960	     256
2021_05_16	 5106862	   44537	   12961	     256
2021_05_17	 5117117	   44756	   10255	     219
2021_05_18	 5127372	   44975	   10255	     219
2021_05_19	 5137627	   45194	   10255	     219
2021_05_20	 5147882	   45413	   10255	     219
2021_05_21	 5158137	   45632	   10255	     219
2021_05_22	 5168392	   45851	   10255	     219
2021_05_23	 5178648	   46071	   10256	     220
2021_05_24	 5186838	   46242	    8190	     171
2021_05_25	 5195028	   46413	    8190	     171
2021_05_26	 5203218	   46585	    8190	     172
2021_05_27	 5211408	   46756	    8190	     171
2021_05_28	 5219598	   46928	    8190	     172
2021_05_29	 5227788	   47099	    8190	     171
2021_05_30	 5235978	   47271	    8190	     172
2021_05_31	 5242637	   47384	    6659	     113
2021_06_01	 5249296	   47498	    6659	     114
2021_06_02	 5255956	   47612	    6660	     114
2021_06_03	 5262615	   47726	    6659	     114
2021_06_04	 5269275	   47840	    6660	     114
2021_06_05	 5275934	   47954	    6659	     114
2021_06_06	 5282594	   48068	    6660	     114
2021_06_07	 5288714	   48153	    6120	      85
2021_06_08	 5294834	   48239	    6120	      86
2021_06_09	 5300954	   48325	    6120	      86
2021_06_10	 5307074	   48410	    6120	      85
2021_06_11	 5313194	   48496	    6120	      86
2021_06_12	 5319314	   48582	    6120	      86
2021_06_13	 5325435	   48668	    6121	      86
