#
# COVID-19 Country file (official WHO count)
# Country = Uganda
# Latitude = 0.0
# Population = 47187.703
# Territory = 241550.0
# LEB = 63.4
# DPA = 282000
# DPA65 = 53580
# GDP = 686.0
# GDP_PPP = 2397.0
# COVID-19 Mortality = 9.0
# First_Case = 2020_03_22
# Last_Case = 2021_06_13
# First_Death = 2020_07_24
# Last_Death = 2021_06_13
# Status as of 2021_06_13 = Community transmission
# Vaccine type = Oxford/AstraZeneca
# Vaccine start = 2021_03_09
#
Date	Conf_Cases	Conf_Deaths	Daily_Cases	Daily_Deaths
2020_03_22	       1	       0	       1	       0
2020_03_23	       1	       0	       0	       0
2020_03_24	       9	       0	       8	       0
2020_03_25	       9	       0	       0	       0
2020_03_26	      14	       0	       5	       0
2020_03_27	      14	       0	       0	       0
2020_03_28	      14	       0	       0	       0
2020_03_29	      14	       0	       0	       0
2020_03_30	      33	       0	      19	       0
2020_03_31	      33	       0	       0	       0
2020_04_01	      33	       0	       0	       0
2020_04_02	      44	       0	      11	       0
2020_04_03	      44	       0	       0	       0
2020_04_04	      45	       0	       1	       0
2020_04_05	      48	       0	       3	       0
2020_04_06	      48	       0	       0	       0
2020_04_07	      52	       0	       4	       0
2020_04_08	      52	       0	       0	       0
2020_04_09	      53	       0	       1	       0
2020_04_10	      53	       0	       0	       0
2020_04_11	      53	       0	       0	       0
2020_04_12	      53	       0	       0	       0
2020_04_13	      54	       0	       1	       0
2020_04_14	      54	       0	       0	       0
2020_04_15	      54	       0	       0	       0
2020_04_16	      55	       0	       1	       0
2020_04_17	      55	       0	       0	       0
2020_04_18	      55	       0	       0	       0
2020_04_19	      55	       0	       0	       0
2020_04_20	      55	       0	       0	       0
2020_04_21	      55	       0	       0	       0
2020_04_22	      56	       0	       1	       0
2020_04_23	      61	       0	       5	       0
2020_04_24	      63	       0	       2	       0
2020_04_25	      75	       0	      12	       0
2020_04_26	      75	       0	       0	       0
2020_04_27	      75	       0	       0	       0
2020_04_28	      79	       0	       4	       0
2020_04_29	      79	       0	       0	       0
2020_04_30	      79	       0	       0	       0
2020_05_01	      81	       0	       2	       0
2020_05_02	      83	       0	       2	       0
2020_05_03	      85	       0	       2	       0
2020_05_04	      88	       0	       3	       0
2020_05_05	      89	       0	       1	       0
2020_05_06	      97	       0	       8	       0
2020_05_07	      98	       0	       1	       0
2020_05_08	     101	       0	       3	       0
2020_05_09	     101	       0	       0	       0
2020_05_10	     116	       0	      15	       0
2020_05_11	     121	       0	       5	       0
2020_05_12	     122	       0	       1	       0
2020_05_13	     126	       0	       4	       0
2020_05_14	     139	       0	      13	       0
2020_05_15	     160	       0	      21	       0
2020_05_16	     203	       0	      43	       0
2020_05_17	     227	       0	      24	       0
2020_05_18	     227	       0	       0	       0
2020_05_19	     260	       0	      33	       0
2020_05_20	     260	       0	       0	       0
2020_05_21	     264	       0	       4	       0
2020_05_22	     264	       0	       0	       0
2020_05_23	     274	       0	      10	       0
2020_05_24	     312	       0	      38	       0
2020_05_25	     304	       0	      -8	       0
2020_05_26	     304	       0	       0	       0
2020_05_27	     341	       0	      37	       0
2020_05_28	     351	       0	      10	       0
2020_05_29	     410	       0	      59	       0
2020_05_30	     410	       0	       0	       0
2020_05_31	     446	       0	      36	       0
2020_06_01	     458	       0	      12	       0
2020_06_02	     458	       0	       0	       0
2020_06_03	     586	       0	     128	       0
2020_06_04	     636	       0	      50	       0
2020_06_05	     651	       0	      15	       0
2020_06_06	     686	       0	      35	       0
2020_06_07	     722	       0	      36	       0
2020_06_08	     745	       0	      23	       0
2020_06_09	     775	       0	      30	       0
2020_06_10	     775	       0	       0	       0
2020_06_11	     794	       0	      19	       0
2020_06_12	     808	       0	      14	       0
2020_06_13	     808	       0	       0	       0
2020_06_14	     823	       0	      15	       0
2020_06_15	     823	       0	       0	       0
2020_06_16	     823	       0	       0	       0
2020_06_17	     823	       0	       0	       0
2020_06_18	     823	       0	       0	       0
2020_06_19	     823	       0	       0	       0
2020_06_20	     823	       0	       0	       0
2020_06_21	     823	       0	       0	       0
2020_06_22	     755	       0	     -68	       0
2020_06_23	     774	       0	      19	       0
2020_06_24	     797	       0	      23	       0
2020_06_25	     805	       0	       8	       0
2020_06_26	     821	       0	      16	       0
2020_06_27	     833	       0	      12	       0
2020_06_28	     833	       0	       0	       0
2020_06_29	     833	       0	       0	       0
2020_06_30	     870	       0	      37	       0
2020_07_01	     889	       0	      19	       0
2020_07_02	     893	       0	       4	       0
2020_07_03	     902	       0	       9	       0
2020_07_04	     911	       0	       9	       0
2020_07_05	     927	       0	      16	       0
2020_07_06	     939	       0	      12	       0
2020_07_07	     953	       0	      14	       0
2020_07_08	     971	       0	      18	       0
2020_07_09	     977	       0	       6	       0
2020_07_10	    1000	       0	      23	       0
2020_07_11	    1006	       0	       6	       0
2020_07_12	    1013	       0	       7	       0
2020_07_13	    1025	       0	      12	       0
2020_07_14	    1029	       0	       4	       0
2020_07_15	    1040	       0	      11	       0
2020_07_16	    1043	       0	       3	       0
2020_07_17	    1051	       0	       8	       0
2020_07_18	    1056	       0	       5	       0
2020_07_19	    1062	       0	       6	       0
2020_07_20	    1065	       0	       3	       0
2020_07_21	    1069	       0	       4	       0
2020_07_22	    1072	       0	       3	       0
2020_07_23	    1075	       0	       3	       0
2020_07_24	    1080	       1	       5	       1
2020_07_25	    1089	       1	       9	       0
2020_07_26	    1089	       1	       0	       0
2020_07_27	    1115	       2	      26	       1
2020_07_28	    1128	       2	      13	       0
2020_07_29	    1135	       2	       7	       0
2020_07_30	    1135	       2	       0	       0
2020_07_31	    1147	       2	      12	       0
2020_08_01	    1154	       3	       7	       1
2020_08_02	    1176	       4	      22	       1
2020_08_03	    1182	       4	       6	       0
2020_08_04	    1195	       5	      13	       1
2020_08_05	    1203	       5	       8	       0
2020_08_06	    1213	       5	      10	       0
2020_08_07	    1223	       5	      10	       0
2020_08_08	    1254	       6	      31	       1
2020_08_09	    1269	       6	      15	       0
2020_08_10	    1283	       7	      14	       1
2020_08_11	    1297	       9	      14	       2
2020_08_12	    1313	       9	      16	       0
2020_08_13	    1332	       9	      19	       0
2020_08_14	    1353	      11	      21	       2
2020_08_15	    1385	      12	      32	       1
2020_08_16	    1385	      12	       0	       0
2020_08_17	    1496	      13	     111	       1
2020_08_18	    1608	      14	     112	       1
2020_08_19	    1719	      15	     111	       1
2020_08_20	    1831	      16	     112	       1
2020_08_21	    1942	      17	     111	       1
2020_08_22	    2054	      18	     112	       1
2020_08_23	    2166	      20	     112	       2
2020_08_24	    2250	      21	      84	       1
2020_08_25	    2334	      22	      84	       1
2020_08_26	    2418	      23	      84	       1
2020_08_27	    2503	      24	      85	       1
2020_08_28	    2587	      25	      84	       1
2020_08_29	    2671	      26	      84	       1
2020_08_30	    2756	      28	      85	       2
2020_08_31	    2867	      29	     111	       1
2020_09_01	    2979	      31	     112	       2
2020_09_02	    3091	      32	     112	       1
2020_09_03	    3203	      34	     112	       2
2020_09_04	    3315	      35	     112	       1
2020_09_05	    3427	      37	     112	       2
2020_09_06	    3539	      39	     112	       2
2020_09_07	    3705	      40	     166	       1
2020_09_08	    3871	      42	     166	       2
2020_09_09	    4037	      44	     166	       2
2020_09_10	    4204	      46	     167	       2
2020_09_11	    4370	      48	     166	       2
2020_09_12	    4536	      50	     166	       2
2020_09_13	    4703	      52	     167	       2
2020_09_14	    4890	      53	     187	       1
2020_09_15	    5078	      55	     188	       2
2020_09_16	    5266	      56	     188	       1
2020_09_17	    5453	      58	     187	       2
2020_09_18	    5641	      59	     188	       1
2020_09_19	    5829	      61	     188	       2
2020_09_20	    6017	      63	     188	       2
2020_09_21	    6209	      64	     192	       1
2020_09_22	    6401	      65	     192	       1
2020_09_23	    6594	      66	     193	       1
2020_09_24	    6786	      67	     192	       1
2020_09_25	    6979	      68	     193	       1
2020_09_26	    7171	      69	     192	       1
2020_09_27	    7364	      71	     193	       2
2020_09_28	    7525	      72	     161	       1
2020_09_29	    7686	      73	     161	       1
2020_09_30	    7847	      74	     161	       1
2020_10_01	    8008	      75	     161	       1
2020_10_02	    8169	      76	     161	       1
2020_10_03	    8330	      77	     161	       1
2020_10_04	    8491	      79	     161	       2
2020_10_05	    8640	      80	     149	       1
2020_10_06	    8790	      81	     150	       1
2020_10_07	    8939	      82	     149	       1
2020_10_08	    9089	      83	     150	       1
2020_10_09	    9238	      84	     149	       1
2020_10_10	    9388	      85	     150	       1
2020_10_11	    9538	      86	     150	       1
2020_10_12	    9702	      87	     164	       1
2020_10_13	    9867	      89	     165	       2
2020_10_14	   10032	      90	     165	       1
2020_10_15	   10196	      92	     164	       2
2020_10_16	   10361	      93	     165	       1
2020_10_17	   10526	      95	     165	       2
2020_10_18	   10691	      97	     165	       2
2020_10_19	   10814	      97	     123	       0
2020_10_20	   10938	      98	     124	       1
2020_10_21	   11062	      98	     124	       0
2020_10_22	   11185	      99	     123	       1
2020_10_23	   11309	      99	     124	       0
2020_10_24	   11433	     100	     124	       1
2020_10_25	   11557	     101	     124	       1
2020_10_26	   11691	     102	     134	       1
2020_10_27	   11825	     103	     134	       1
2020_10_28	   11959	     105	     134	       2
2020_10_29	   12093	     106	     134	       1
2020_10_30	   12227	     108	     134	       2
2020_10_31	   12361	     109	     134	       1
2020_11_01	   12495	     111	     134	       2
2020_11_02	   12719	     113	     224	       2
2020_11_03	   12943	     116	     224	       3
2020_11_04	   13168	     119	     225	       3
2020_11_05	   13392	     122	     224	       3
2020_11_06	   13617	     125	     225	       3
2020_11_07	   13841	     128	     224	       3
2020_11_08	   14066	     131	     225	       3
2020_11_09	   14312	     132	     246	       1
2020_11_10	   14558	     134	     246	       2
2020_11_11	   14804	     136	     246	       2
2020_11_12	   15050	     138	     246	       2
2020_11_13	   15296	     140	     246	       2
2020_11_14	   15542	     142	     246	       2
2020_11_15	   15789	     144	     247	       2
2020_11_16	   16057	     147	     268	       3
2020_11_17	   16325	     150	     268	       3
2020_11_18	   16593	     154	     268	       4
2020_11_19	   16862	     157	     269	       3
2020_11_20	   17130	     161	     268	       4
2020_11_21	   17398	     164	     268	       3
2020_11_22	   17667	     168	     269	       4
2020_11_23	   17992	     172	     325	       4
2020_11_24	   18317	     177	     325	       5
2020_11_25	   18642	     182	     325	       5
2020_11_26	   18968	     186	     326	       4
2020_11_27	   19293	     191	     325	       5
2020_11_28	   19618	     196	     325	       5
2020_11_29	   19944	     201	     326	       5
2020_11_30	   20264	     201	     320	       0
2020_12_01	   20585	     202	     321	       1
2020_12_02	   20905	     203	     320	       1
2020_12_03	   21226	     203	     321	       0
2020_12_04	   21546	     204	     320	       1
2020_12_05	   21867	     205	     321	       1
2020_12_06	   22188	     206	     321	       1
2020_12_07	   22885	     208	     697	       2
2020_12_08	   23583	     210	     698	       2
2020_12_09	   24280	     212	     697	       2
2020_12_10	   24978	     214	     698	       2
2020_12_11	   25675	     216	     697	       2
2020_12_12	   26373	     218	     698	       2
2020_12_13	   27071	     220	     698	       2
2020_12_14	   27589	     221	     518	       1
2020_12_15	   28108	     222	     519	       1
2020_12_16	   28627	     224	     519	       2
2020_12_17	   29145	     225	     518	       1
2020_12_18	   29664	     227	     519	       2
2020_12_19	   30183	     228	     519	       1
2020_12_20	   30702	     230	     519	       2
2020_12_21	   31110	     232	     408	       2
2020_12_22	   31519	     234	     409	       2
2020_12_23	   31928	     236	     409	       2
2020_12_24	   32336	     238	     408	       2
2020_12_25	   32745	     240	     409	       2
2020_12_26	   33154	     242	     409	       2
2020_12_27	   33563	     245	     409	       3
2020_12_28	   33870	     249	     307	       4
2020_12_29	   34177	     253	     307	       4
2020_12_30	   34484	     257	     307	       4
2020_12_31	   34791	     261	     307	       4
2021_01_01	   35098	     265	     307	       4
2021_01_02	   35405	     269	     307	       4
2021_01_03	   35712	     274	     307	       5
2021_01_04	   35975	     277	     263	       3
2021_01_05	   36238	     281	     263	       4
2021_01_06	   36501	     285	     263	       4
2021_01_07	   36764	     289	     263	       4
2021_01_08	   37027	     293	     263	       4
2021_01_09	   37290	     297	     263	       4
2021_01_10	   37554	     301	     264	       4
2021_01_11	   37629	     301	      75	       0
2021_01_12	   37705	     301	      76	       0
2021_01_13	   37781	     302	      76	       1
2021_01_14	   37857	     302	      76	       0
2021_01_15	   37933	     303	      76	       1
2021_01_16	   38009	     303	      76	       0
2021_01_17	   38085	     304	      76	       1
2021_01_18	   38222	     305	     137	       1
2021_01_19	   38359	     307	     137	       2
2021_01_20	   38496	     309	     137	       2
2021_01_21	   38633	     311	     137	       2
2021_01_22	   38770	     313	     137	       2
2021_01_23	   38907	     315	     137	       2
2021_01_24	   39044	     317	     137	       2
2021_01_25	   39113	     318	      69	       1
2021_01_26	   39183	     319	      70	       1
2021_01_27	   39253	     320	      70	       1
2021_01_28	   39323	     321	      70	       1
2021_01_29	   39393	     322	      70	       1
2021_01_30	   39463	     323	      70	       1
2021_01_31	   39533	     324	      70	       1
2021_02_01	   39574	     324	      41	       0
2021_02_02	   39615	     324	      41	       0
2021_02_03	   39656	     325	      41	       1
2021_02_04	   39697	     325	      41	       0
2021_02_05	   39738	     326	      41	       1
2021_02_06	   39779	     326	      41	       0
2021_02_07	   39821	     327	      42	       1
2021_02_08	   39849	     327	      28	       0
2021_02_09	   39877	     327	      28	       0
2021_02_10	   39905	     327	      28	       0
2021_02_11	   39934	     327	      29	       0
2021_02_12	   39962	     327	      28	       0
2021_02_13	   39990	     327	      28	       0
2021_02_14	   40019	     328	      29	       1
2021_02_15	   40044	     328	      25	       0
2021_02_16	   40070	     329	      26	       1
2021_02_17	   40096	     330	      26	       1
2021_02_18	   40121	     330	      25	       0
2021_02_19	   40147	     331	      26	       1
2021_02_20	   40173	     332	      26	       1
2021_02_21	   40199	     333	      26	       1
2021_02_22	   40218	     333	      19	       0
2021_02_23	   40237	     333	      19	       0
2021_02_24	   40257	     333	      20	       0
2021_02_25	   40276	     333	      19	       0
2021_02_26	   40296	     333	      20	       0
2021_02_27	   40315	     333	      19	       0
2021_02_28	   40335	     334	      20	       1
2021_03_01	   40351	     334	      16	       0
2021_03_02	   40368	     334	      17	       0
2021_03_03	   40385	     334	      17	       0
2021_03_04	   40401	     334	      16	       0
2021_03_05	   40418	     334	      17	       0
2021_03_06	   40435	     334	      17	       0
2021_03_07	   40452	     334	      17	       0
2021_03_08	   40465	     334	      13	       0
2021_03_09	   40478	     334	      13	       0
2021_03_10	   40491	     334	      13	       0
2021_03_11	   40504	     334	      13	       0
2021_03_12	   40517	     334	      13	       0
2021_03_13	   40530	     334	      13	       0
2021_03_14	   40544	     334	      14	       0
2021_03_15	   40559	     334	      15	       0
2021_03_16	   40574	     334	      15	       0
2021_03_17	   40589	     334	      15	       0
2021_03_18	   40605	     334	      16	       0
2021_03_19	   40620	     334	      15	       0
2021_03_20	   40635	     334	      15	       0
2021_03_21	   40651	     334	      16	       0
2021_03_22	   40667	     334	      16	       0
2021_03_23	   40684	     334	      17	       0
2021_03_24	   40700	     334	      16	       0
2021_03_25	   40717	     334	      17	       0
2021_03_26	   40733	     334	      16	       0
2021_03_27	   40750	     334	      17	       0
2021_03_28	   40767	     335	      17	       1
2021_03_29	   40794	     335	      27	       0
2021_03_30	   40822	     335	      28	       0
2021_03_31	   40850	     335	      28	       0
2021_04_01	   40878	     335	      28	       0
2021_04_02	   40906	     335	      28	       0
2021_04_03	   40934	     335	      28	       0
2021_04_04	   40962	     335	      28	       0
2021_04_05	   40983	     335	      21	       0
2021_04_06	   41005	     335	      22	       0
2021_04_07	   41026	     335	      21	       0
2021_04_08	   41048	     336	      22	       1
2021_04_09	   41069	     336	      21	       0
2021_04_10	   41091	     336	      22	       0
2021_04_11	   41113	     337	      22	       1
2021_04_12	   41145	     337	      32	       0
2021_04_13	   41177	     337	      32	       0
2021_04_14	   41210	     337	      33	       0
2021_04_15	   41242	     337	      32	       0
2021_04_16	   41275	     337	      33	       0
2021_04_17	   41307	     337	      32	       0
2021_04_18	   41340	     338	      33	       1
2021_04_19	   41373	     338	      33	       0
2021_04_20	   41407	     338	      34	       0
2021_04_21	   41440	     339	      33	       1
2021_04_22	   41474	     339	      34	       0
2021_04_23	   41507	     340	      33	       1
2021_04_24	   41541	     340	      34	       0
2021_04_25	   41575	     341	      34	       1
2021_04_26	   41622	     341	      47	       0
2021_04_27	   41669	     341	      47	       0
2021_04_28	   41717	     341	      48	       0
2021_04_29	   41764	     342	      47	       1
2021_04_30	   41812	     342	      48	       0
2021_05_01	   41859	     342	      47	       0
2021_05_02	   41907	     343	      48	       1
2021_05_03	   41964	     343	      57	       0
2021_05_04	   42021	     343	      57	       0
2021_05_05	   42078	     344	      57	       1
2021_05_06	   42136	     344	      58	       0
2021_05_07	   42193	     345	      57	       1
2021_05_08	   42250	     345	      57	       0
2021_05_09	   42308	     346	      58	       1
2021_05_10	   42360	     346	      52	       0
2021_05_11	   42412	     346	      52	       0
2021_05_12	   42464	     346	      52	       0
2021_05_13	   42517	     346	      53	       0
2021_05_14	   42569	     346	      52	       0
2021_05_15	   42621	     346	      52	       0
2021_05_16	   42674	     347	      53	       1
2021_05_17	   42793	     347	     119	       0
2021_05_18	   42912	     347	     119	       0
2021_05_19	   43031	     348	     119	       1
2021_05_20	   43150	     348	     119	       0
2021_05_21	   43269	     349	     119	       1
2021_05_22	   43388	     349	     119	       0
2021_05_23	   43507	     350	     119	       1
2021_05_24	   43853	     351	     346	       1
2021_05_25	   44199	     353	     346	       2
2021_05_26	   44545	     355	     346	       2
2021_05_27	   44892	     356	     347	       1
2021_05_28	   45238	     358	     346	       2
2021_05_29	   45584	     360	     346	       2
2021_05_30	   45931	     362	     347	       2
2021_05_31	   46751	     363	     820	       1
2021_06_01	   47572	     365	     821	       2
2021_06_02	   48393	     367	     821	       2
2021_06_03	   49213	     368	     820	       1
2021_06_04	   50034	     370	     821	       2
2021_06_05	   50855	     372	     821	       2
2021_06_06	   51676	     374	     821	       2
2021_06_07	   52900	     381	    1224	       7
2021_06_08	   54125	     388	    1225	       7
2021_06_09	   55350	     395	    1225	       7
2021_06_10	   56575	     402	    1225	       7
2021_06_11	   57800	     409	    1225	       7
2021_06_12	   59025	     416	    1225	       7
2021_06_13	   60250	     423	    1225	       7
