#
# COVID-19 Country file (official WHO count)
# Country = Uzbekistan
# Latitude = 41.0
# Population = 33235.825
# Territory = 447400.0
# LEB = 71.7
# DPA = 190000
# DPA65 = 98800
# GDP = 1640.0
# GDP_PPP = 8384.0
# COVID-19 Mortality = 21.3
# First_Case = 2020_03_16
# Last_Case = 2021_06_13
# First_Death = 2020_03_28
# Last_Death = 2021_06_13
# Status as of 2021_06_13 = Clusters of cases
# Vaccine type = Unknown
# Vaccine start = NA
#
Date	Conf_Cases	Conf_Deaths	Daily_Cases	Daily_Deaths
2020_03_16	       4	       0	       4	       0
2020_03_17	       4	       0	       0	       0
2020_03_18	      16	       0	      12	       0
2020_03_19	      16	       0	       0	       0
2020_03_20	      21	       0	       5	       0
2020_03_21	      33	       0	      12	       0
2020_03_22	      33	       0	       0	       0
2020_03_23	      46	       0	      13	       0
2020_03_24	      46	       0	       0	       0
2020_03_25	      50	       0	       4	       0
2020_03_26	      65	       0	      15	       0
2020_03_27	      83	       0	      18	       0
2020_03_28	     104	       1	      21	       1
2020_03_29	     133	       2	      29	       1
2020_03_30	     145	       2	      12	       0
2020_03_31	     149	       2	       4	       0
2020_04_01	     173	       2	      24	       0
2020_04_02	     190	       2	      17	       0
2020_04_03	     221	       2	      31	       0
2020_04_04	     241	       2	      20	       0
2020_04_05	     298	       2	      57	       0
2020_04_06	     390	       2	      92	       0
2020_04_07	     472	       2	      82	       0
2020_04_08	     534	       3	      62	       1
2020_04_09	     555	       3	      21	       0
2020_04_10	     624	       3	      69	       0
2020_04_11	     624	       3	       0	       0
2020_04_12	     796	       3	     172	       0
2020_04_13	     896	       4	     100	       1
2020_04_14	    1054	       4	     158	       0
2020_04_15	    1214	       4	     160	       0
2020_04_16	    1349	       4	     135	       0
2020_04_17	    1380	       4	      31	       0
2020_04_18	    1450	       4	      70	       0
2020_04_19	    1495	       5	      45	       1
2020_04_20	    1565	       5	      70	       0
2020_04_21	    1657	       5	      92	       0
2020_04_22	    1657	       6	       0	       1
2020_04_23	    1716	       7	      59	       1
2020_04_24	    1778	       7	      62	       0
2020_04_25	    1836	       8	      58	       1
2020_04_26	    1865	       8	      29	       0
2020_04_27	    1887	       8	      22	       0
2020_04_28	    1924	       8	      37	       0
2020_04_29	    1955	       8	      31	       0
2020_04_30	    2031	       9	      76	       1
2020_05_01	    2046	       9	      15	       0
2020_05_02	    2094	       9	      48	       0
2020_05_03	    2127	       9	      33	       0
2020_05_04	    2160	      10	      33	       1
2020_05_05	    2189	      10	      29	       0
2020_05_06	    2217	      10	      28	       0
2020_05_07	    2266	      10	      49	       0
2020_05_08	    2314	      10	      48	       0
2020_05_09	    2336	      10	      22	       0
2020_05_10	    2387	      10	      51	       0
2020_05_11	    2411	      10	      24	       0
2020_05_12	    2509	      10	      98	       0
2020_05_13	    2598	      10	      89	       0
2020_05_14	    2620	      11	      22	       1
2020_05_15	    2652	      11	      32	       0
2020_05_16	    2691	      11	      39	       0
2020_05_17	    2741	      11	      50	       0
2020_05_18	    2762	      12	      21	       1
2020_05_19	    2802	      13	      40	       1
2020_05_20	    2880	      13	      78	       0
2020_05_21	    2950	      13	      70	       0
2020_05_22	    3006	      13	      56	       0
2020_05_23	    3078	      13	      72	       0
2020_05_24	    3132	      13	      54	       0
2020_05_25	    3180	      13	      48	       0
2020_05_26	    3261	      13	      81	       0
2020_05_27	    3333	      14	      72	       1
2020_05_28	    3396	      14	      63	       0
2020_05_29	    3463	      14	      67	       0
2020_05_30	    3513	      14	      50	       0
2020_05_31	    3554	      14	      41	       0
2020_06_01	    3662	      15	     108	       1
2020_06_02	    3718	      15	      56	       0
2020_06_03	    3718	      15	       0	       0
2020_06_04	    3874	      16	     156	       1
2020_06_05	    3965	      16	      91	       0
2020_06_06	    4022	      16	      57	       0
2020_06_07	    4181	      17	     159	       1
2020_06_08	    4352	      17	     171	       0
2020_06_09	    4448	      18	      96	       1
2020_06_10	    4547	      18	      99	       0
2020_06_11	    4695	      19	     148	       1
2020_06_12	    4819	      19	     124	       0
2020_06_13	    4901	      19	      82	       0
2020_06_14	    4994	      19	      93	       0
2020_06_15	    5103	      19	     109	       0
2020_06_16	    5293	      19	     190	       0
2020_06_17	    5561	      19	     268	       0
2020_06_18	    5697	      19	     136	       0
2020_06_19	    5855	      19	     158	       0
2020_06_20	    6025	      19	     170	       0
2020_06_21	    6216	      19	     191	       0
2020_06_22	    6358	      19	     142	       0
2020_06_23	    6500	      19	     142	       0
2020_06_24	    6755	      19	     255	       0
2020_06_25	    6990	      19	     235	       0
2020_06_26	    7228	      20	     238	       1
2020_06_27	    7490	      20	     262	       0
2020_06_28	    7725	      20	     235	       0
2020_06_29	    8031	      22	     306	       2
2020_06_30	    8298	      24	     267	       2
2020_07_01	    8627	      26	     329	       2
2020_07_02	    8904	      26	     277	       0
2020_07_03	    9199	      27	     295	       1
2020_07_04	    9500	      29	     301	       2
2020_07_05	    9829	      31	     329	       2
2020_07_06	   10143	      35	     314	       4
2020_07_07	   10459	      38	     316	       3
2020_07_08	   10838	      41	     379	       3
2020_07_09	   11259	      47	     421	       6
2020_07_10	   11723	      52	     464	       5
2020_07_11	   12206	      55	     483	       3
2020_07_12	   12706	      58	     500	       3
2020_07_13	   13193	      61	     487	       3
2020_07_14	   13872	      64	     679	       3
2020_07_15	   14293	      68	     421	       4
2020_07_16	   14787	      72	     494	       4
2020_07_17	   15349	      76	     562	       4
2020_07_18	   15896	      80	     547	       4
2020_07_19	   16429	      84	     533	       4
2020_07_20	   16966	      88	     537	       4
2020_07_21	   17590	      92	     624	       4
2020_07_22	   18171	      96	     581	       4
2020_07_23	   18531	      99	     360	       3
2020_07_24	   18986	     103	     455	       4
2020_07_25	   19653	     104	     667	       1
2020_07_26	   19653	     104	       0	       0
2020_07_27	   20820	     117	    1167	      13
2020_07_28	   21506	     119	     686	       2
2020_07_29	   22169	     129	     663	      10
2020_07_30	   22872	     132	     703	       3
2020_07_31	   23558	     137	     686	       5
2020_08_01	   24304	     143	     746	       6
2020_08_02	   25040	     149	     736	       6
2020_08_03	   25828	     155	     788	       6
2020_08_04	   26550	     161	     722	       6
2020_08_05	   27314	     167	     764	       6
2020_08_06	   28069	     173	     755	       6
2020_08_07	   28809	     179	     740	       6
2020_08_08	   29459	     185	     650	       6
2020_08_09	   30197	     190	     738	       5
2020_08_10	   30820	     196	     623	       6
2020_08_11	   31545	     202	     725	       6
2020_08_12	   32215	     208	     670	       6
2020_08_13	   32837	     213	     622	       5
2020_08_14	   33561	     218	     724	       5
2020_08_15	   34251	     223	     690	       5
2020_08_16	   34944	     228	     693	       5
2020_08_17	   35480	     233	     536	       5
2020_08_18	   36016	     239	     536	       6
2020_08_19	   36552	     245	     536	       6
2020_08_20	   37089	     251	     537	       6
2020_08_21	   37625	     257	     536	       6
2020_08_22	   38161	     263	     536	       6
2020_08_23	   38698	     269	     537	       6
2020_08_24	   39070	     275	     372	       6
2020_08_25	   39442	     281	     372	       6
2020_08_26	   39814	     287	     372	       6
2020_08_27	   40186	     293	     372	       6
2020_08_28	   40558	     299	     372	       6
2020_08_29	   40930	     305	     372	       6
2020_08_30	   41303	     311	     373	       6
2020_08_31	   41613	     315	     310	       4
2020_09_01	   41923	     320	     310	       5
2020_09_02	   42234	     324	     311	       4
2020_09_03	   42544	     329	     310	       5
2020_09_04	   42855	     333	     311	       4
2020_09_05	   43165	     338	     310	       5
2020_09_06	   43476	     343	     311	       5
2020_09_07	   43985	     349	     509	       6
2020_09_08	   44494	     355	     509	       6
2020_09_09	   45004	     362	     510	       7
2020_09_10	   45513	     368	     509	       6
2020_09_11	   46023	     375	     510	       7
2020_09_12	   46532	     381	     509	       6
2020_09_13	   47042	     388	     510	       7
2020_09_14	   47641	     393	     599	       5
2020_09_15	   48240	     399	     599	       6
2020_09_16	   48839	     405	     599	       6
2020_09_17	   49438	     411	     599	       6
2020_09_18	   50037	     417	     599	       6
2020_09_19	   50636	     423	     599	       6
2020_09_20	   51235	     429	     599	       6
2020_09_21	   51766	     432	     531	       3
2020_09_22	   52297	     436	     531	       4
2020_09_23	   52828	     439	     531	       3
2020_09_24	   53359	     443	     531	       4
2020_09_25	   53890	     446	     531	       3
2020_09_26	   54421	     450	     531	       4
2020_09_27	   54953	     454	     532	       4
2020_09_28	   55448	     457	     495	       3
2020_09_29	   55943	     461	     495	       4
2020_09_30	   56439	     464	     496	       3
2020_10_01	   56934	     468	     495	       4
2020_10_02	   57430	     471	     496	       3
2020_10_03	   57925	     475	     495	       4
2020_10_04	   58421	     479	     496	       4
2020_10_05	   58774	     482	     353	       3
2020_10_06	   59127	     485	     353	       3
2020_10_07	   59480	     489	     353	       4
2020_10_08	   59834	     492	     354	       3
2020_10_09	   60187	     496	     353	       4
2020_10_10	   60540	     499	     353	       3
2020_10_11	   60894	     503	     354	       4
2020_10_12	   61256	     506	     362	       3
2020_10_13	   61618	     510	     362	       4
2020_10_14	   61980	     514	     362	       4
2020_10_15	   62343	     517	     363	       3
2020_10_16	   62705	     521	     362	       4
2020_10_17	   63067	     525	     362	       4
2020_10_18	   63430	     529	     363	       4
2020_10_19	   63763	     532	     333	       3
2020_10_20	   64097	     536	     334	       4
2020_10_21	   64430	     539	     333	       3
2020_10_22	   64764	     543	     334	       4
2020_10_23	   65097	     546	     333	       3
2020_10_24	   65431	     550	     334	       4
2020_10_25	   65765	     554	     334	       4
2020_10_26	   65949	     556	     184	       2
2020_10_27	   66133	     558	     184	       2
2020_10_28	   66317	     560	     184	       2
2020_10_29	   66502	     562	     185	       2
2020_10_30	   66686	     564	     184	       2
2020_10_31	   66870	     566	     184	       2
2020_11_01	   67055	     568	     185	       2
2020_11_02	   67274	     569	     219	       1
2020_11_03	   67494	     571	     220	       2
2020_11_04	   67714	     573	     220	       2
2020_11_05	   67933	     575	     219	       2
2020_11_06	   68153	     577	     220	       2
2020_11_07	   68373	     579	     220	       2
2020_11_08	   68593	     581	     220	       2
2020_11_09	   68808	     583	     215	       2
2020_11_10	   69024	     585	     216	       2
2020_11_11	   69239	     588	     215	       3
2020_11_12	   69455	     590	     216	       2
2020_11_13	   69670	     593	     215	       3
2020_11_14	   69886	     595	     216	       2
2020_11_15	   70102	     598	     216	       3
2020_11_16	   70309	     598	     207	       0
2020_11_17	   70516	     599	     207	       1
2020_11_18	   70723	     600	     207	       1
2020_11_19	   70930	     600	     207	       0
2020_11_20	   71137	     601	     207	       1
2020_11_21	   71344	     602	     207	       1
2020_11_22	   71552	     603	     208	       1
2020_11_23	   71731	     603	     179	       0
2020_11_24	   71911	     604	     180	       1
2020_11_25	   72090	     605	     179	       1
2020_11_26	   72270	     605	     180	       0
2020_11_27	   72449	     606	     179	       1
2020_11_28	   72629	     607	     180	       1
2020_11_29	   72809	     608	     180	       1
2020_11_30	   72965	     608	     156	       0
2020_12_01	   73121	     608	     156	       0
2020_12_02	   73278	     609	     157	       1
2020_12_03	   73434	     609	     156	       0
2020_12_04	   73591	     610	     157	       1
2020_12_05	   73747	     610	     156	       0
2020_12_06	   73904	     611	     157	       1
2020_12_07	   74033	     611	     129	       0
2020_12_08	   74163	     611	     130	       0
2020_12_09	   74292	     611	     129	       0
2020_12_10	   74422	     611	     130	       0
2020_12_11	   74551	     611	     129	       0
2020_12_12	   74681	     611	     130	       0
2020_12_13	   74811	     612	     130	       1
2020_12_14	   74953	     612	     142	       0
2020_12_15	   75095	     612	     142	       0
2020_12_16	   75237	     612	     142	       0
2020_12_17	   75379	     612	     142	       0
2020_12_18	   75521	     612	     142	       0
2020_12_19	   75663	     612	     142	       0
2020_12_20	   75806	     612	     143	       0
2020_12_21	   75941	     612	     135	       0
2020_12_22	   76076	     612	     135	       0
2020_12_23	   76211	     612	     135	       0
2020_12_24	   76346	     612	     135	       0
2020_12_25	   76481	     612	     135	       0
2020_12_26	   76616	     612	     135	       0
2020_12_27	   76751	     613	     135	       1
2020_12_28	   76820	     613	      69	       0
2020_12_29	   76890	     613	      70	       0
2020_12_30	   76959	     613	      69	       0
2020_12_31	   77029	     613	      70	       0
2021_01_01	   77098	     613	      69	       0
2021_01_02	   77168	     613	      70	       0
2021_01_03	   77238	     614	      70	       1
2021_01_04	   77285	     614	      47	       0
2021_01_05	   77333	     614	      48	       0
2021_01_06	   77381	     615	      48	       1
2021_01_07	   77428	     615	      47	       0
2021_01_08	   77476	     616	      48	       1
2021_01_09	   77524	     616	      48	       0
2021_01_10	   77572	     617	      48	       1
2021_01_11	   77628	     617	      56	       0
2021_01_12	   77685	     617	      57	       0
2021_01_13	   77741	     617	      56	       0
2021_01_14	   77798	     618	      57	       1
2021_01_15	   77854	     618	      56	       0
2021_01_16	   77911	     618	      57	       0
2021_01_17	   77968	     619	      57	       1
2021_01_18	   78026	     619	      58	       0
2021_01_19	   78084	     619	      58	       0
2021_01_20	   78142	     619	      58	       0
2021_01_21	   78200	     620	      58	       1
2021_01_22	   78258	     620	      58	       0
2021_01_23	   78316	     620	      58	       0
2021_01_24	   78375	     621	      59	       1
2021_01_25	   78423	     621	      48	       0
2021_01_26	   78471	     621	      48	       0
2021_01_27	   78519	     621	      48	       0
2021_01_28	   78567	     621	      48	       0
2021_01_29	   78615	     621	      48	       0
2021_01_30	   78663	     621	      48	       0
2021_01_31	   78711	     621	      48	       0
2021_02_01	   78766	     621	      55	       0
2021_02_02	   78821	     621	      55	       0
2021_02_03	   78876	     621	      55	       0
2021_02_04	   78932	     621	      56	       0
2021_02_05	   78987	     621	      55	       0
2021_02_06	   79042	     621	      55	       0
2021_02_07	   79098	     621	      56	       0
2021_02_08	   79143	     621	      45	       0
2021_02_09	   79188	     621	      45	       0
2021_02_10	   79234	     621	      46	       0
2021_02_11	   79279	     621	      45	       0
2021_02_12	   79325	     621	      46	       0
2021_02_13	   79370	     621	      45	       0
2021_02_14	   79416	     622	      46	       1
2021_02_15	   79450	     622	      34	       0
2021_02_16	   79484	     622	      34	       0
2021_02_17	   79518	     622	      34	       0
2021_02_18	   79552	     622	      34	       0
2021_02_19	   79586	     622	      34	       0
2021_02_20	   79620	     622	      34	       0
2021_02_21	   79654	     622	      34	       0
2021_02_22	   79687	     622	      33	       0
2021_02_23	   79720	     622	      33	       0
2021_02_24	   79753	     622	      33	       0
2021_02_25	   79786	     622	      33	       0
2021_02_26	   79819	     622	      33	       0
2021_02_27	   79852	     622	      33	       0
2021_02_28	   79886	     622	      34	       0
2021_03_01	   79927	     622	      41	       0
2021_03_02	   79968	     622	      41	       0
2021_03_03	   80010	     622	      42	       0
2021_03_04	   80051	     622	      41	       0
2021_03_05	   80093	     622	      42	       0
2021_03_06	   80134	     622	      41	       0
2021_03_07	   80176	     622	      42	       0
2021_03_08	   80231	     622	      55	       0
2021_03_09	   80287	     622	      56	       0
2021_03_10	   80343	     622	      56	       0
2021_03_11	   80399	     622	      56	       0
2021_03_12	   80455	     622	      56	       0
2021_03_13	   80511	     622	      56	       0
2021_03_14	   80567	     622	      56	       0
2021_03_15	   80677	     622	     110	       0
2021_03_16	   80787	     622	     110	       0
2021_03_17	   80897	     622	     110	       0
2021_03_18	   81008	     622	     111	       0
2021_03_19	   81118	     622	     110	       0
2021_03_20	   81228	     622	     110	       0
2021_03_21	   81339	     622	     111	       0
2021_03_22	   81482	     622	     143	       0
2021_03_23	   81625	     623	     143	       1
2021_03_24	   81768	     623	     143	       0
2021_03_25	   81911	     624	     143	       1
2021_03_26	   82054	     624	     143	       0
2021_03_27	   82197	     625	     143	       1
2021_03_28	   82340	     626	     143	       1
2021_03_29	   82523	     626	     183	       0
2021_03_30	   82706	     627	     183	       1
2021_03_31	   82889	     628	     183	       1
2021_04_01	   83073	     628	     184	       0
2021_04_02	   83256	     629	     183	       1
2021_04_03	   83439	     630	     183	       1
2021_04_04	   83623	     631	     184	       1
2021_04_05	   83808	     631	     185	       0
2021_04_06	   83994	     631	     186	       0
2021_04_07	   84179	     632	     185	       1
2021_04_08	   84365	     632	     186	       0
2021_04_09	   84550	     633	     185	       1
2021_04_10	   84736	     633	     186	       0
2021_04_11	   84922	     634	     186	       1
2021_04_12	   85173	     634	     251	       0
2021_04_13	   85424	     634	     251	       0
2021_04_14	   85675	     635	     251	       1
2021_04_15	   85926	     635	     251	       0
2021_04_16	   86177	     636	     251	       1
2021_04_17	   86428	     636	     251	       0
2021_04_18	   86680	     637	     252	       1
2021_04_19	   87015	     637	     335	       0
2021_04_20	   87350	     638	     335	       1
2021_04_21	   87685	     639	     335	       1
2021_04_22	   88021	     640	     336	       1
2021_04_23	   88356	     641	     335	       1
2021_04_24	   88691	     642	     335	       1
2021_04_25	   89027	     643	     336	       1
2021_04_26	   89400	     644	     373	       1
2021_04_27	   89774	     645	     374	       1
2021_04_28	   90148	     646	     374	       1
2021_04_29	   90521	     648	     373	       2
2021_04_30	   90895	     649	     374	       1
2021_05_01	   91269	     650	     374	       1
2021_05_02	   91643	     652	     374	       2
2021_05_03	   92036	     653	     393	       1
2021_05_04	   92429	     654	     393	       1
2021_05_05	   92823	     656	     394	       2
2021_05_06	   93216	     657	     393	       1
2021_05_07	   93610	     659	     394	       2
2021_05_08	   94003	     660	     393	       1
2021_05_09	   94397	     662	     394	       2
2021_05_10	   94721	     662	     324	       0
2021_05_11	   95046	     663	     325	       1
2021_05_12	   95371	     664	     325	       1
2021_05_13	   95695	     665	     324	       1
2021_05_14	   96020	     666	     325	       1
2021_05_15	   96345	     667	     325	       1
2021_05_16	   96670	     668	     325	       1
2021_05_17	   96924	     669	     254	       1
2021_05_18	   97178	     671	     254	       2
2021_05_19	   97433	     673	     255	       2
2021_05_20	   97687	     674	     254	       1
2021_05_21	   97942	     676	     255	       2
2021_05_22	   98196	     678	     254	       2
2021_05_23	   98451	     680	     255	       2
2021_05_24	   98690	     681	     239	       1
2021_05_25	   98929	     682	     239	       1
2021_05_26	   99168	     684	     239	       2
2021_05_27	   99407	     685	     239	       1
2021_05_28	   99646	     687	     239	       2
2021_05_29	   99885	     688	     239	       1
2021_05_30	  100124	     690	     239	       2
2021_05_31	  100352	     690	     228	       0
2021_06_01	  100580	     691	     228	       1
2021_06_02	  100808	     692	     228	       1
2021_06_03	  101037	     693	     229	       1
2021_06_04	  101265	     694	     228	       1
2021_06_05	  101493	     695	     228	       1
2021_06_06	  101722	     696	     229	       1
2021_06_07	  101977	     697	     255	       1
2021_06_08	  102232	     699	     255	       2
2021_06_09	  102488	     701	     256	       2
2021_06_10	  102743	     702	     255	       1
2021_06_11	  102999	     704	     256	       2
2021_06_12	  103254	     706	     255	       2
2021_06_13	  103510	     708	     256	       2
