#
# COVID-19 Country file (official WHO count)
# Country = World
# Latitude = 0.0
# Population = 7793055.708
# Territory = 136175515.4
# LEB = 72.3
# DPA = 58355033
# DPA65 = 33206373
# GDP = 10876.2
# GDP_PPP = 17707.0
# COVID-19 Mortality = 486.7
# First_Case = 2020_01_20
# Last_Case = 2021_06_13
# First_Death = 2020_01_20
# Last_Death = 2021_06_13
# Status as of 2021_06_13 = Pending
# Vaccine type = Unknown
# Vaccine start = NA
#
Date	Conf_Cases	Conf_Deaths	Daily_Cases	Daily_Deaths
2020_01_01	       0	       0	       0	       0
2020_01_02	       0	       0	       0	       0
2020_01_03	       0	       0	       0	       0
2020_01_04	       0	       0	       0	       0
2020_01_05	       0	       0	       0	       0
2020_01_06	       0	       0	       0	       0
2020_01_07	       0	       0	       0	       0
2020_01_08	       0	       0	       0	       0
2020_01_09	       0	       0	       0	       0
2020_01_10	       0	       0	       0	       0
2020_01_11	       0	       0	       0	       0
2020_01_12	       0	       0	       0	       0
2020_01_13	       0	       0	       0	       0
2020_01_14	       0	       0	       0	       0
2020_01_15	       0	       0	       0	       0
2020_01_16	       0	       0	       0	       0
2020_01_17	       0	       0	       0	       0
2020_01_18	       0	       0	       0	       0
2020_01_19	       0	       0	       0	       0
2020_01_20	     282	       4	     282	       4
2020_01_21	     314	       4	      32	       0
2020_01_22	     396	      12	      82	       8
2020_01_23	     578	      17	     182	       5
2020_01_24	     841	      25	     263	       8
2020_01_25	    1320	      41	     479	      16
2020_01_26	    2014	      56	     694	      15
2020_01_27	    2798	      80	     784	      24
2020_01_28	    4593	     106	    1795	      26
2020_01_29	    6065	     132	    1472	      26
2020_01_30	    7818	     170	    1753	      38
2020_01_31	    9826	     213	    2008	      43
2020_02_01	   11953	     259	    2127	      46
2020_02_02	   14557	     305	    2604	      46
2020_02_03	   17391	     362	    2834	      57
2020_02_04	   20630	     426	    3239	      64
2020_02_05	   24554	     492	    3924	      66
2020_02_06	   28276	     565	    3722	      73
2020_02_07	   31481	     638	    3205	      73
2020_02_08	   34886	     724	    3405	      86
2020_02_09	   37558	     813	    2672	      89
2020_02_10	   40554	     910	    2996	      97
2020_02_11	   43102	    1018	    2548	     108
2020_02_12	   45171	    1115	    2069	      97
2020_02_13	   46997	    1369	    1826	     254
2020_02_14	   64437	    1382	   17440	      13
2020_02_15	   67100	    1526	    2663	     144
2020_02_16	   69267	    1669	    2167	     143
2020_02_17	   71429	    1775	    2162	     106
2020_02_18	   73332	    1873	    1903	      98
2020_02_19	   75204	    2009	    1872	     136
2020_02_20	   75748	    2129	     544	     120
2020_02_21	   76767	    2247	    1019	     118
2020_02_22	   77812	    2359	    1045	     112
2020_02_23	   78811	    2462	     999	     103
2020_02_24	   79331	    2618	     520	     156
2020_02_25	   80239	    2700	     908	      82
2020_02_26	   81108	    2762	     869	      62
2020_02_27	   82294	    2804	    1186	      42
2020_02_28	   83652	    2858	    1358	      54
2020_02_29	   85403	    2924	    1751	      66
2020_03_01	   87137	    2977	    1734	      53
2020_03_02	   88948	    3043	    1811	      66
2020_03_03	   90870	    3112	    1922	      69
2020_03_04	   93091	    3198	    2221	      86
2020_03_05	   95324	    3281	    2233	      83
2020_03_06	   98192	    3380	    2868	      99
2020_03_07	  101927	    3486	    3735	     106
2020_03_08	  105586	    3584	    3659	      98
2020_03_09	  109577	    3809	    3991	     225
2020_03_10	  113702	    4012	    4125	     203
2020_03_11	  118322	    4292	    4620	     280
2020_03_12	  125048	    4613	    6726	     321
2020_03_13	  132758	    4955	    7710	     342
2020_03_14	  142539	    5393	    9781	     438
2020_03_15	  153517	    5735	   10978	     342
2020_03_16	  167506	    6606	   13989	     871
2020_03_17	  179112	    7426	   11606	     820
2020_03_18	  191127	    7807	   12015	     381
2020_03_19	  209839	    8778	   18712	     971
2020_03_20	  234073	    9840	   24234	    1062
2020_03_21	  266073	   11184	   32000	    1344
2020_03_22	  292142	   12784	   26069	    1600
2020_03_23	  332930	   14510	   40788	    1726
2020_03_24	  372757	   16231	   39827	    1721
2020_03_25	  413467	   18433	   40710	    2202
2020_03_26	  462684	   20834	   49217	    2401
2020_03_27	  509164	   23335	   46480	    2501
2020_03_28	  571678	   26494	   62514	    3159
2020_03_29	  634835	   29957	   63157	    3463
2020_03_30	  693224	   33106	   58389	    3149
2020_03_31	  750890	   36405	   57666	    3299
2020_04_01	  823626	   40598	   72736	    4193
2020_04_02	  896450	   45526	   72824	    4928
2020_04_03	  972303	   50322	   75853	    4796
2020_04_04	 1051635	   56985	   79332	    6663
2020_04_05	 1133758	   62784	   82123	    5799
2020_04_06	 1210956	   67594	   77198	    4810
2020_04_07	 1279722	   72614	   68766	    5020
2020_04_08	 1353361	   79235	   73639	    6621
2020_04_09	 1436198	   85522	   82837	    6287
2020_04_10	 1521252	   92798	   85054	    7276
2020_04_11	 1610909	   99690	   89657	    6892
2020_04_12	 1696588	  105952	   85679	    6262
2020_04_13	 1773084	  111652	   76496	    5700
2020_04_14	 1844863	  117021	   71779	    5369
2020_04_15	 1914916	  123010	   70053	    5989
2020_04_16	 1991562	  130885	   76646	    7875
2020_04_17	 2074529	  139378	   82967	    8493
2020_04_18	 2160207	  146088	   85678	    6710
2020_04_19	 2241359	  152551	   81152	    6463
2020_04_20	 2314621	  157847	   73262	    5296
2020_04_21	 2397216	  162956	   82595	    5109
2020_04_22	 2471136	  169006	   73920	    6050
2020_04_23	 2544792	  175694	   73656	    6688
2020_04_24	 2626321	  181938	   81529	    6244
2020_04_25	 2719897	  187705	   93576	    5767
2020_04_26	 2804796	  193710	   84899	    6005
2020_04_27	 2878196	  198668	   73400	    4958
2020_04_28	 2954222	  202597	   76026	    3929
2020_04_29	 3018952	  207973	   64730	    5376
2020_04_30	 3090445	  217769	   71493	    9796
2020_05_01	 3175207	  224172	   84762	    6403
2020_05_02	 3267184	  229971	   91977	    5799
2020_05_03	 3349786	  238628	   82602	    8657
2020_05_04	 3435894	  239604	   86108	     976
2020_05_05	 3517345	  243401	   81451	    3797
2020_05_06	 3588773	  247503	   71428	    4102
2020_05_07	 3672238	  254045	   83465	    6542
2020_05_08	 3759967	  259474	   87729	    5429
2020_05_09	 3855788	  265862	   95821	    6388
2020_05_10	 3917366	  274361	   61578	    8499
2020_05_11	 4006257	  278892	   88891	    4531
2020_05_12	 4088848	  283153	   82591	    4261
2020_05_13	 4170424	  287399	   81576	    4246
2020_05_14	 4248389	  294046	   77965	    6647
2020_05_15	 4338658	  297119	   90269	    3073
2020_05_16	 4425485	  302059	   86827	    4940
2020_05_17	 4525497	  307395	  100012	    5336
2020_05_18	 4618821	  311847	   93324	    4452
2020_05_19	 4731458	  316169	  112637	    4322
2020_05_20	 4789205	  318789	   57747	    2620
2020_05_21	 4893186	  323256	  103981	    4467
2020_05_22	 4993470	  327738	  100284	    4482
2020_05_23	 5103006	  333401	  109536	    5663
2020_05_24	 5204508	  337687	  101502	    4286
2020_05_25	 5304772	  342029	  100264	    4342
2020_05_26	 5404512	  343514	   99740	    1485
2020_05_27	 5488825	  349095	   84313	    5581
2020_05_28	 5593631	  353334	  104806	    4239
2020_05_29	 5701337	  357688	  107706	    4354
2020_05_30	 5817385	  362705	  116048	    5017
2020_05_31	 5934936	  367166	  117551	    4461
2020_06_01	 6057853	  371166	  122917	    4000
2020_06_02	 6194533	  376320	  136680	    5154
2020_06_03	 6287771	  379941	   93238	    3621
2020_06_04	 6416828	  382867	  129057	    2926
2020_06_05	 6535354	  387155	  118526	    4288
2020_06_06	 6663304	  392802	  127950	    5647
2020_06_07	 6799713	  397388	  136409	    4586
2020_06_08	 6931000	  400857	  131287	    3469
2020_06_09	 7039918	  404396	  108918	    3539
2020_06_10	 7145539	  408025	  105621	    3629
2020_06_11	 7273958	  413372	  128419	    5347
2020_06_12	 7410510	  418294	  136552	    4922
2020_06_13	 7553182	  423349	  142672	    5055
2020_06_14	 7690708	  427630	  137526	    4281
2020_06_15	 7823289	  431541	  132581	    3911
2020_06_16	 7941791	  434796	  118502	    3255
2020_06_17	 8061550	  440290	  119759	    5494
2020_06_18	 8242999	  445535	  181449	    5245
2020_06_19	 8385440	  450686	  142441	    5151
2020_06_20	 8525042	  456973	  139602	    6287
2020_06_21	 8708008	  461715	  182966	    4742
2020_06_22	 8860331	  465740	  152323	    4025
2020_06_23	 8993659	  469587	  133328	    3847
2020_06_24	 9129146	  473797	  135487	    4210
2020_06_25	 9296202	  479133	  167056	    5336
2020_06_26	 9473214	  484249	  177012	    5116
2020_06_27	 9653048	  491128	  179834	    6879
2020_06_28	 9843073	  495760	  190025	    4632
2020_06_29	10021401	  499913	  178328	    4153
2020_06_30	10185374	  503862	  163973	    3949
2020_07_01	10357662	  508055	  172288	    4193
2020_07_02	10533779	  512842	  176117	    4787
2020_07_03	10710005	  517877	  176226	    5035
2020_07_04	10922324	  523011	  212319	    5134
2020_07_05	11125245	  528204	  202921	    5193
2020_07_06	11327790	  532340	  202545	    4136
2020_07_07	11500302	  535759	  172512	    3419
2020_07_08	11669259	  539906	  168957	    4147
2020_07_09	11874226	  545481	  204967	    5575
2020_07_10	12102328	  551046	  228102	    5565
2020_07_11	12322395	  556335	  220067	    5289
2020_07_12	12552765	  561617	  230370	    5282
2020_07_13	12768307	  566654	  215542	    5037
2020_07_14	12964809	  570288	  196502	    3634
2020_07_15	13150645	  574464	  185836	    4176
2020_07_16	13378853	  580045	  228208	    5581
2020_07_17	13616593	  585727	  237740	    5682
2020_07_18	13876441	  593087	  259848	    7360
2020_07_19	14043176	  597583	  166735	    4496
2020_07_20	14348858	  603691	  305682	    6108
2020_07_21	14562550	  607781	  213692	    4090
2020_07_22	14765256	  612054	  202706	    4273
2020_07_23	15012731	  619150	  247475	    7096
2020_07_24	15296926	  628903	  284195	    9753
2020_07_25	15581009	  635173	  284083	    6270
2020_07_26	15581009	  635173	       0	       0
2020_07_27	16114449	  646641	  533440	   11468
2020_07_28	16341920	  650805	  227471	    4164
2020_07_29	16558289	  656093	  216369	    5288
2020_07_30	16812763	  662095	  254474	    6002
2020_07_31	17106007	  668910	  293244	    6815
2020_08_01	17396943	  675060	  290936	    6150
2020_08_02	17660523	  680894	  263580	    5834
2020_08_03	17918582	  686703	  258059	    5809
2020_08_04	18142718	  691013	  224136	    4310
2020_08_05	18354342	  696147	  211624	    5134
2020_08_06	18614177	  702642	  259835	    6495
2020_08_07	18902735	  709511	  288558	    6869
2020_08_08	19187943	  716075	  285208	    6564
2020_08_09	19462112	  722285	  274169	    6210
2020_08_10	19718030	  728013	  255918	    5728
2020_08_11	19936210	  732499	  218180	    4486
2020_08_12	20162474	  737417	  226264	    4918
2020_08_13	20439814	  744385	  277340	    6968
2020_08_14	20730456	  751154	  290642	    6769
2020_08_15	21026758	  755786	  296302	    4632
2020_08_16	21294845	  761779	  268087	    5993
2020_08_17	21546540	  767312	  251695	    5533
2020_08_18	21798315	  772896	  251775	    5584
2020_08_19	22050092	  778479	  251777	    5583
2020_08_20	22301870	  784073	  251778	    5594
2020_08_21	22553647	  789656	  251777	    5583
2020_08_22	22805422	  795240	  251775	    5584
2020_08_23	23057288	  800906	  251866	    5666
2020_08_24	23313902	  806278	  256614	    5372
2020_08_25	23570592	  811707	  256690	    5429
2020_08_26	23827277	  817138	  256685	    5431
2020_08_27	24083981	  822564	  256704	    5426
2020_08_28	24340666	  827995	  256685	    5431
2020_08_29	24597356	  833424	  256690	    5429
2020_08_30	24854140	  838924	  256784	    5500
2020_08_31	25126782	  844245	  272642	    5321
2020_09_01	25399501	  849625	  272719	    5380
2020_09_02	25672234	  855004	  272733	    5379
2020_09_03	25944951	  860404	  272717	    5400
2020_09_04	26217684	  865783	  272733	    5379
2020_09_05	26490403	  871163	  272719	    5380
2020_09_06	26763217	  876616	  272814	    5453
2020_09_07	27030948	  882391	  267731	    5775
2020_09_08	27298765	  888214	  267817	    5823
2020_09_09	27566588	  894035	  267823	    5821
2020_09_10	27834400	  899871	  267812	    5836
2020_09_11	28102223	  905692	  267823	    5821
2020_09_12	28370040	  911515	  267817	    5823
2020_09_13	28637952	  917417	  267912	    5902
2020_09_14	28928975	  922647	  291023	    5230
2020_09_15	29220069	  927927	  291094	    5280
2020_09_16	29511175	  933203	  291106	    5276
2020_09_17	29802279	  938501	  291104	    5298
2020_09_18	30093385	  943777	  291106	    5276
2020_09_19	30384479	  949057	  291094	    5280
2020_09_20	30675675	  954417	  291196	    5360
2020_09_21	30969203	  959615	  293528	    5198
2020_09_22	31262809	  964865	  293606	    5250
2020_09_23	31556424	  970122	  293615	    5257
2020_09_24	31850029	  975389	  293605	    5267
2020_09_25	32143644	  980646	  293615	    5257
2020_09_26	32437250	  985896	  293606	    5250
2020_09_27	32730945	  991224	  293695	    5328
2020_09_28	33027059	  996815	  296114	    5591
2020_09_29	33323260	 1002446	  296201	    5631
2020_09_30	33619460	 1008094	  296200	    5648
2020_10_01	33915662	 1013742	  296202	    5648
2020_10_02	34211862	 1019390	  296200	    5648
2020_10_03	34508063	 1025021	  296201	    5631
2020_10_04	34804348	 1030738	  296285	    5717
2020_10_05	35133629	 1036345	  329281	    5607
2020_10_06	35462982	 1041994	  329353	    5649
2020_10_07	35792337	 1047653	  329355	    5659
2020_10_08	36121697	 1053313	  329360	    5660
2020_10_09	36451052	 1058972	  329355	    5659
2020_10_10	36780405	 1064621	  329353	    5649
2020_10_11	37109851	 1070355	  329446	    5734
2020_10_12	37539548	 1076636	  429697	    6281
2020_10_13	37969333	 1082971	  429785	    6335
2020_10_14	38399107	 1089314	  429774	    6343
2020_10_15	38828897	 1095656	  429790	    6342
2020_10_16	39258671	 1101999	  429774	    6343
2020_10_17	39688456	 1108334	  429785	    6335
2020_10_18	40118332	 1114749	  429876	    6415
2020_10_19	40578688	 1120798	  460356	    6049
2020_10_20	41039137	 1126907	  460449	    6109
2020_10_21	41499581	 1133010	  460444	    6103
2020_10_22	41960020	 1139121	  460439	    6111
2020_10_23	42420464	 1145224	  460444	    6103
2020_10_24	42880913	 1151333	  460449	    6109
2020_10_25	43341451	 1157509	  460538	    6176
2020_10_26	43716706	 1162510	  375255	    5001
2020_10_27	44092036	 1167562	  375330	    5052
2020_10_28	44467372	 1172619	  375336	    5057
2020_10_29	44842705	 1177672	  375333	    5053
2020_10_30	45218041	 1182729	  375336	    5057
2020_10_31	45593371	 1187781	  375330	    5052
2020_11_01	45968799	 1192911	  375428	    5130
2020_11_02	46505640	 1200772	  536841	    7861
2020_11_03	47042570	 1208692	  536930	    7920
2020_11_04	47579500	 1216618	  536930	    7926
2020_11_05	48116436	 1224536	  536936	    7918
2020_11_06	48653366	 1232462	  536930	    7926
2020_11_07	49190296	 1240382	  536930	    7920
2020_11_08	49727316	 1248373	  537020	    7991
2020_11_09	50304289	 1256968	  576973	    8595
2020_11_10	50881344	 1265626	  577055	    8658
2020_11_11	51458402	 1274279	  577058	    8653
2020_11_12	52035470	 1282937	  577068	    8658
2020_11_13	52612528	 1291590	  577058	    8653
2020_11_14	53189583	 1300248	  577055	    8658
2020_11_15	53766728	 1308975	  577145	    8727
2020_11_16	54354566	 1318694	  587838	    9719
2020_11_17	54942489	 1328462	  587923	    9768
2020_11_18	55530402	 1338227	  587913	    9765
2020_11_19	56118330	 1348008	  587928	    9781
2020_11_20	56706243	 1357773	  587913	    9765
2020_11_21	57294166	 1367541	  587923	    9768
2020_11_22	57882183	 1377395	  588017	    9854
2020_11_23	58451302	 1387569	  569119	   10174
2020_11_24	59020511	 1397792	  569209	   10223
2020_11_25	59589714	 1408016	  569203	   10224
2020_11_26	60158919	 1418246	  569205	   10230
2020_11_27	60728122	 1428470	  569203	   10224
2020_11_28	61297331	 1438693	  569209	   10223
2020_11_29	61866635	 1448990	  569304	   10297
2020_11_30	62438801	 1459605	  572166	   10615
2020_12_01	63011050	 1470264	  572249	   10659
2020_12_02	63583301	 1480927	  572251	   10663
2020_12_03	64155548	 1491595	  572247	   10668
2020_12_04	64727799	 1502258	  572251	   10663
2020_12_05	65300048	 1512917	  572249	   10659
2020_12_06	65872391	 1523656	  572343	   10739
2020_12_07	66530085	 1534496	  657694	   10840
2020_12_08	67187853	 1545383	  657768	   10887
2020_12_09	67845638	 1556285	  657785	   10902
2020_12_10	68503411	 1567167	  657773	   10882
2020_12_11	69161196	 1578069	  657785	   10902
2020_12_12	69818964	 1588956	  657768	   10887
2020_12_13	70476833	 1599922	  657869	   10966
2020_12_14	71141385	 1611414	  664552	   11492
2020_12_15	71806021	 1622959	  664636	   11545
2020_12_16	72470660	 1634522	  664639	   11563
2020_12_17	73135302	 1646060	  664642	   11538
2020_12_18	73799941	 1657623	  664639	   11563
2020_12_19	74464577	 1669168	  664636	   11545
2020_12_20	75129303	 1680794	  664726	   11626
2020_12_21	75715303	 1691273	  586000	   10479
2020_12_22	76301387	 1701809	  586084	   10536
2020_12_23	76887468	 1712345	  586081	   10536
2020_12_24	77473553	 1722891	  586085	   10546
2020_12_25	78059634	 1733427	  586081	   10536
2020_12_26	78645718	 1743963	  586084	   10536
2020_12_27	79231889	 1754574	  586171	   10611
2020_12_28	79816750	 1765531	  584861	   10957
2020_12_29	80401683	 1776547	  584933	   11016
2020_12_30	80986626	 1787556	  584943	   11009
2020_12_31	81571562	 1798579	  584936	   11023
2021_01_01	82156505	 1809588	  584943	   11009
2021_01_02	82741438	 1820604	  584933	   11016
2021_01_03	83326475	 1831703	  585037	   11099
2021_01_04	84049372	 1844138	  722897	   12435
2021_01_05	84772352	 1856633	  722980	   12495
2021_01_06	85495344	 1869138	  722992	   12505
2021_01_07	86218314	 1881627	  722970	   12489
2021_01_08	86941306	 1894132	  722992	   12505
2021_01_09	87664286	 1906627	  722980	   12495
2021_01_10	88387348	 1919204	  723062	   12577
2021_01_11	89077248	 1932819	  689900	   13615
2021_01_12	89767242	 1946492	  689994	   13673
2021_01_13	90457232	 1960174	  689990	   13682
2021_01_14	91147220	 1973848	  689988	   13674
2021_01_15	91837210	 1987530	  689990	   13682
2021_01_16	92527204	 2001203	  689994	   13673
2021_01_17	93217283	 2014957	  690079	   13754
2021_01_18	93940556	 2028858	  723273	   13901
2021_01_19	94663920	 2042829	  723364	   13971
2021_01_20	95387283	 2056795	  723363	   13966
2021_01_21	96110652	 2070770	  723369	   13975
2021_01_22	96834015	 2084737	  723363	   13967
2021_01_23	97557379	 2098708	  723364	   13971
2021_01_24	98280840	 2112759	  723461	   14051
2021_01_25	98832031	 2126841	  551191	   14082
2021_01_26	99383303	 2140976	  551272	   14135
2021_01_27	99934574	 2155127	  551271	   14151
2021_01_28	100485860	 2169262	  551286	   14135
2021_01_29	101037131	 2183413	  551271	   14151
2021_01_30	101588403	 2197548	  551272	   14135
2021_01_31	102139767	 2211762	  551364	   14214
2021_02_01	102609627	 2224676	  469860	   12914
2021_02_02	103079567	 2237651	  469940	   12975
2021_02_03	103549514	 2250630	  469947	   12979
2021_02_04	104019453	 2263606	  469939	   12976
2021_02_05	104489400	 2276585	  469947	   12979
2021_02_06	104959340	 2289560	  469940	   12975
2021_02_07	105429378	 2302614	  470038	   13054
2021_02_08	105831802	 2314565	  402424	   11951
2021_02_09	106234319	 2326577	  402517	   12012
2021_02_10	106636832	 2338589	  402513	   12012
2021_02_11	107039353	 2350603	  402521	   12014
2021_02_12	107441866	 2362615	  402513	   12012
2021_02_13	107844383	 2374627	  402517	   12012
2021_02_14	108246988	 2386717	  402605	   12090
2021_02_15	108606465	 2396458	  359477	    9741
2021_02_16	108966016	 2406253	  359551	    9795
2021_02_17	109325576	 2416049	  359560	    9796
2021_02_18	109685136	 2425856	  359560	    9807
2021_02_19	110044696	 2435652	  359560	    9796
2021_02_20	110404247	 2445447	  359551	    9795
2021_02_21	110763894	 2455331	  359647	    9884
2021_02_22	111150711	 2464599	  386817	    9268
2021_02_23	111537602	 2473924	  386891	    9325
2021_02_24	111924503	 2483252	  386901	    9328
2021_02_25	112311397	 2492592	  386894	    9340
2021_02_26	112698298	 2501920	  386901	    9328
2021_02_27	113085189	 2511245	  386891	    9325
2021_02_28	113472183	 2520653	  386994	    9408
2021_03_01	113857021	 2529427	  384838	    8774
2021_03_02	114241935	 2538264	  384914	    8837
2021_03_03	114626868	 2547104	  384933	    8840
2021_03_04	115011782	 2555938	  384914	    8834
2021_03_05	115396715	 2564778	  384933	    8840
2021_03_06	115781629	 2573615	  384914	    8837
2021_03_07	116166648	 2582528	  385019	    8913
2021_03_08	116600319	 2591030	  433671	    8502
2021_03_09	117034071	 2599589	  433752	    8559
2021_03_10	117467833	 2608150	  433762	    8561
2021_03_11	117901583	 2616718	  433750	    8568
2021_03_12	118335345	 2625279	  433762	    8561
2021_03_13	118769097	 2633838	  433752	    8559
2021_03_14	119202943	 2642483	  433846	    8645
2021_03_15	119679141	 2651173	  476198	    8690
2021_03_16	120155412	 2659926	  476271	    8753
2021_03_17	120631687	 2668680	  476275	    8754
2021_03_18	121107968	 2677438	  476281	    8758
2021_03_19	121584243	 2686192	  476275	    8754
2021_03_20	122060514	 2694945	  476271	    8753
2021_03_21	122536876	 2703780	  476362	    8835
2021_03_22	123084724	 2713127	  547848	    9347
2021_03_23	123632671	 2722538	  547947	    9411
2021_03_24	124180598	 2731950	  547927	    9412
2021_03_25	124728537	 2741372	  547939	    9422
2021_03_26	125276464	 2750784	  547927	    9412
2021_03_27	125824411	 2760195	  547947	    9411
2021_03_28	126372438	 2769696	  548027	    9501
2021_03_29	126956179	 2780001	  583741	   10305
2021_03_30	127539994	 2790375	  583815	   10374
2021_03_31	128123806	 2800746	  583812	   10371
2021_04_01	128707639	 2811124	  583833	   10378
2021_04_02	129291451	 2821495	  583812	   10371
2021_04_03	129875266	 2831869	  583815	   10374
2021_04_04	130459180	 2842325	  583914	   10456
2021_04_05	131116001	 2853354	  656821	   11029
2021_04_06	131772919	 2864434	  656918	   11080
2021_04_07	132429833	 2875514	  656914	   11080
2021_04_08	133086744	 2886607	  656911	   11093
2021_04_09	133743658	 2897687	  656914	   11080
2021_04_10	134400576	 2908767	  656918	   11080
2021_04_11	135057583	 2919932	  657007	   11165
2021_04_12	135811039	 2931890	  753456	   11958
2021_04_13	136564582	 2943904	  753543	   12014
2021_04_14	137318120	 2955929	  753538	   12025
2021_04_15	138071665	 2967953	  753545	   12024
2021_04_16	138825203	 2979978	  753538	   12025
2021_04_17	139578746	 2991992	  753543	   12014
2021_04_18	140332382	 3004088	  753636	   12096
2021_04_19	141151600	 3016654	  819218	   12566
2021_04_20	141970897	 3029278	  819297	   12624
2021_04_21	142790203	 3041907	  819306	   12629
2021_04_22	143609505	 3054542	  819302	   12635
2021_04_23	144428811	 3067171	  819306	   12629
2021_04_24	145248108	 3079795	  819297	   12624
2021_04_25	146067506	 3092497	  819398	   12702
2021_04_26	146888139	 3105904	  820633	   13407
2021_04_27	147708865	 3119372	  820726	   13468
2021_04_28	148529585	 3132850	  820720	   13478
2021_04_29	149350302	 3146313	  820717	   13463
2021_04_30	150171022	 3159791	  820720	   13478
2021_05_01	150991748	 3173259	  820726	   13468
2021_05_02	151812551	 3186817	  820803	   13558
2021_05_03	152605296	 3199755	  792745	   12938
2021_05_04	153398135	 3212750	  792839	   12995
2021_05_05	154190976	 3225754	  792841	   13004
2021_05_06	154983803	 3238749	  792827	   12995
2021_05_07	155776644	 3251753	  792841	   13004
2021_05_08	156569483	 3264748	  792839	   12995
2021_05_09	157362403	 3277834	  792920	   13086
2021_05_10	158051163	 3290136	  688760	   12302
2021_05_11	158739993	 3302512	  688830	   12376
2021_05_12	159428824	 3314880	  688831	   12368
2021_05_13	160117665	 3327259	  688841	   12379
2021_05_14	160806496	 3339627	  688831	   12368
2021_05_15	161495326	 3352003	  688830	   12376
2021_05_16	162184246	 3364446	  688920	   12443
2021_05_17	162779555	 3376483	  595309	   12037
2021_05_18	163374945	 3388592	  595390	   12109
2021_05_19	163970333	 3400698	  595388	   12106
2021_05_20	164565727	 3412798	  595394	   12100
2021_05_21	165161115	 3424904	  595388	   12106
2021_05_22	165756505	 3437013	  595390	   12109
2021_05_23	166351984	 3449189	  595479	   12176
2021_05_24	166816593	 3460785	  464609	   11596
2021_05_25	167281285	 3472447	  464692	   11662
2021_05_26	167745971	 3484111	  464686	   11664
2021_05_27	168210670	 3495772	  464699	   11661
2021_05_28	168675356	 3507436	  464686	   11664
2021_05_29	169140048	 3519098	  464692	   11662
2021_05_30	169604835	 3530837	  464787	   11739
2021_05_31	170037929	 3557647	  433094	   26810
2021_06_01	170471101	 3584513	  433172	   26866
2021_06_02	170904281	 3611379	  433180	   26866
2021_06_03	171337461	 3638258	  433180	   26879
2021_06_04	171770641	 3665124	  433180	   26866
2021_06_05	172203813	 3691990	  433172	   26866
2021_06_06	172637074	 3718944	  433261	   26954
2021_06_07	173022139	 3729496	  385065	   10552
2021_06_08	173407286	 3740103	  385147	   10607
2021_06_09	173792442	 3750716	  385156	   10613
2021_06_10	174177589	 3761327	  385147	   10611
2021_06_11	174562745	 3771940	  385156	   10613
2021_06_12	174947892	 3782547	  385147	   10607
2021_06_13	175333131	 3793230	  385239	   10683
