#
# COVID-19 Country file (official WHO count)
# Country = Yemen
# Latitude = 15.0
# Population = 30245.305
# Territory = 527968.0
# LEB = 66.1
# DPA = 175000
# DPA65 = 56000
# GDP = 959.0
# GDP_PPP = 2396.0
# COVID-19 Mortality = 44.5
# First_Case = 2020_04_11
# Last_Case = 2021_06_13
# First_Death = 2020_05_01
# Last_Death = 2021_06_13
# Status as of 2021_06_13 = Community transmission
# Vaccine type = Unknown
# Vaccine start = NA
#
Date	Conf_Cases	Conf_Deaths	Daily_Cases	Daily_Deaths
2020_04_11	       1	       0	       1	       0
2020_04_12	       1	       0	       0	       0
2020_04_13	       1	       0	       0	       0
2020_04_14	       1	       0	       0	       0
2020_04_15	       1	       0	       0	       0
2020_04_16	       1	       0	       0	       0
2020_04_17	       1	       0	       0	       0
2020_04_18	       1	       0	       0	       0
2020_04_19	       1	       0	       0	       0
2020_04_20	       1	       0	       0	       0
2020_04_21	       1	       0	       0	       0
2020_04_22	       1	       0	       0	       0
2020_04_23	       1	       0	       0	       0
2020_04_24	       1	       0	       0	       0
2020_04_25	       1	       0	       0	       0
2020_04_26	       1	       0	       0	       0
2020_04_27	       1	       0	       0	       0
2020_04_28	       1	       0	       0	       0
2020_04_29	       1	       0	       0	       0
2020_04_30	       6	       0	       5	       0
2020_05_01	       6	       2	       0	       2
2020_05_02	       7	       2	       1	       0
2020_05_03	      10	       2	       3	       0
2020_05_04	      10	       2	       0	       0
2020_05_05	      12	       2	       2	       0
2020_05_06	      23	       3	      11	       1
2020_05_07	      26	       6	       3	       3
2020_05_08	      26	       6	       0	       0
2020_05_09	      36	       8	      10	       2
2020_05_10	      36	       8	       0	       0
2020_05_11	      53	       9	      17	       1
2020_05_12	      58	      10	       5	       1
2020_05_13	      67	      11	       9	       1
2020_05_14	      72	      13	       5	       2
2020_05_15	      87	      13	      15	       0
2020_05_16	     108	      16	      21	       3
2020_05_17	     126	      19	      18	       3
2020_05_18	     132	      21	       6	       2
2020_05_19	     134	      21	       2	       0
2020_05_20	     171	      29	      37	       8
2020_05_21	     184	      30	      13	       1
2020_05_22	     197	      33	      13	       3
2020_05_23	     209	      34	      12	       1
2020_05_24	     216	      40	       7	       6
2020_05_25	     226	      43	      10	       3
2020_05_26	     237	      45	      11	       2
2020_05_27	     253	      50	      16	       5
2020_05_28	     260	      54	       7	       4
2020_05_29	     282	      61	      22	       7
2020_05_30	     287	      66	       5	       5
2020_05_31	     314	      78	      27	      12
2020_06_01	     327	      81	      13	       3
2020_06_02	     358	      85	      31	       4
2020_06_03	     403	      88	      45	       3
2020_06_04	     423	      96	      20	       8
2020_06_05	     457	     104	      34	       8
2020_06_06	     473	     112	      16	       8
2020_06_07	     486	     112	      13	       0
2020_06_08	     488	     113	       2	       1
2020_06_09	     500	     113	      12	       0
2020_06_10	     528	     128	      28	      15
2020_06_11	     564	     130	      36	       2
2020_06_12	     595	     137	      31	       7
2020_06_13	     636	     140	      41	       3
2020_06_14	     709	     161	      73	      21
2020_06_15	     732	     165	      23	       4
2020_06_16	     848	     209	     116	      44
2020_06_17	     889	     215	      41	       6
2020_06_18	     906	     245	      17	      30
2020_06_19	     913	     249	       7	       4
2020_06_20	     923	     252	      10	       3
2020_06_21	     926	     255	       3	       3
2020_06_22	     945	     257	      19	       2
2020_06_23	     971	     258	      26	       1
2020_06_24	     996	     262	      25	       4
2020_06_25	    1019	     275	      23	      13
2020_06_26	    1080	     289	      61	      14
2020_06_27	    1093	     294	      13	       5
2020_06_28	    1107	     297	      14	       3
2020_06_29	    1122	     303	      15	       6
2020_06_30	    1132	     305	      10	       2
2020_07_01	    1162	     313	      30	       8
2020_07_02	    1194	     319	      32	       6
2020_07_03	    1225	     326	      31	       7
2020_07_04	    1244	     336	      19	      10
2020_07_05	    1252	     338	       8	       2
2020_07_06	    1269	     339	      17	       1
2020_07_07	    1294	     346	      25	       7
2020_07_08	    1307	     349	      13	       3
2020_07_09	    1328	     352	      21	       3
2020_07_10	    1328	     352	       0	       0
2020_07_11	    1352	     355	      24	       3
2020_07_12	    1389	     365	      37	      10
2020_07_13	    1469	     418	      80	      53
2020_07_14	    1502	     425	      33	       7
2020_07_15	    1520	     430	      18	       5
2020_07_16	    1530	     434	      10	       4
2020_07_17	    1556	     439	      26	       5
2020_07_18	    1580	     441	      24	       2
2020_07_19	    1585	     444	       5	       3
2020_07_20	    1610	     445	      25	       1
2020_07_21	    1623	     448	      13	       3
2020_07_22	    1633	     457	      10	       9
2020_07_23	    1644	     459	      11	       2
2020_07_24	    1658	     462	      14	       3
2020_07_25	    1678	     462	      20	       0
2020_07_26	    1678	     462	       0	       0
2020_07_27	    1685	     480	       7	      18
2020_07_28	    1695	     484	      10	       4
2020_07_29	    1707	     485	      12	       1
2020_07_30	    1715	     486	       8	       1
2020_07_31	    1730	     488	      15	       2
2020_08_01	    1732	     494	       2	       6
2020_08_02	    1734	     495	       2	       1
2020_08_03	    1738	     498	       4	       3
2020_08_04	    1738	     500	       0	       2
2020_08_05	    1764	     507	      26	       7
2020_08_06	    1767	     509	       3	       2
2020_08_07	    1767	     509	       0	       0
2020_08_08	    1800	     513	      33	       4
2020_08_09	    1801	     513	       1	       0
2020_08_10	    1808	     516	       7	       3
2020_08_11	    1830	     519	      22	       3
2020_08_12	    1835	     524	       5	       5
2020_08_13	    1845	     529	      10	       5
2020_08_14	    1851	     529	       6	       0
2020_08_15	    1862	     529	      11	       0
2020_08_16	    1862	     529	       0	       0
2020_08_17	    1869	     531	       7	       2
2020_08_18	    1876	     534	       7	       3
2020_08_19	    1883	     536	       7	       2
2020_08_20	    1890	     539	       7	       3
2020_08_21	    1897	     541	       7	       2
2020_08_22	    1904	     544	       7	       3
2020_08_23	    1911	     547	       7	       3
2020_08_24	    1916	     549	       5	       2
2020_08_25	    1922	     551	       6	       2
2020_08_26	    1927	     554	       5	       3
2020_08_27	    1933	     556	       6	       2
2020_08_28	    1938	     559	       5	       3
2020_08_29	    1944	     561	       6	       2
2020_08_30	    1950	     564	       6	       3
2020_08_31	    1955	     565	       5	       1
2020_09_01	    1960	     566	       5	       1
2020_09_02	    1965	     567	       5	       1
2020_09_03	    1971	     569	       6	       2
2020_09_04	    1976	     570	       5	       1
2020_09_05	    1981	     571	       5	       1
2020_09_06	    1987	     573	       6	       2
2020_09_07	    1990	     574	       3	       1
2020_09_08	    1994	     575	       4	       1
2020_09_09	    1998	     577	       4	       2
2020_09_10	    2001	     578	       3	       1
2020_09_11	    2005	     580	       4	       2
2020_09_12	    2009	     581	       4	       1
2020_09_13	    2013	     583	       4	       2
2020_09_14	    2015	     583	       2	       0
2020_09_15	    2017	     583	       2	       0
2020_09_16	    2020	     584	       3	       1
2020_09_17	    2022	     584	       2	       0
2020_09_18	    2025	     585	       3	       1
2020_09_19	    2027	     585	       2	       0
2020_09_20	    2030	     586	       3	       1
2020_09_21	    2030	     586	       0	       0
2020_09_22	    2031	     586	       1	       0
2020_09_23	    2031	     586	       0	       0
2020_09_24	    2032	     587	       1	       1
2020_09_25	    2032	     587	       0	       0
2020_09_26	    2033	     587	       1	       0
2020_09_27	    2034	     588	       1	       1
2020_09_28	    2035	     588	       1	       0
2020_09_29	    2037	     588	       2	       0
2020_09_30	    2038	     588	       1	       0
2020_10_01	    2040	     589	       2	       1
2020_10_02	    2041	     589	       1	       0
2020_10_03	    2043	     589	       2	       0
2020_10_04	    2045	     590	       2	       1
2020_10_05	    2046	     590	       1	       0
2020_10_06	    2047	     591	       1	       1
2020_10_07	    2049	     592	       2	       1
2020_10_08	    2050	     593	       1	       1
2020_10_09	    2052	     594	       2	       1
2020_10_10	    2053	     595	       1	       1
2020_10_11	    2055	     596	       2	       1
2020_10_12	    2055	     596	       0	       0
2020_10_13	    2056	     596	       1	       0
2020_10_14	    2057	     597	       1	       1
2020_10_15	    2057	     597	       0	       0
2020_10_16	    2058	     598	       1	       1
2020_10_17	    2059	     598	       1	       0
2020_10_18	    2060	     599	       1	       1
2020_10_19	    2060	     599	       0	       0
2020_10_20	    2061	     599	       1	       0
2020_10_21	    2061	     599	       0	       0
2020_10_22	    2062	     599	       1	       0
2020_10_23	    2062	     599	       0	       0
2020_10_24	    2063	     599	       1	       0
2020_10_25	    2064	     600	       1	       1
2020_10_26	    2064	     600	       0	       0
2020_10_27	    2064	     600	       0	       0
2020_10_28	    2065	     600	       1	       0
2020_10_29	    2065	     600	       0	       0
2020_10_30	    2066	     600	       1	       0
2020_10_31	    2066	     600	       0	       0
2020_11_01	    2067	     600	       1	       0
2020_11_02	    2067	     600	       0	       0
2020_11_03	    2067	     600	       0	       0
2020_11_04	    2068	     600	       1	       0
2020_11_05	    2068	     601	       0	       1
2020_11_06	    2069	     601	       1	       0
2020_11_07	    2069	     601	       0	       0
2020_11_08	    2070	     602	       1	       1
2020_11_09	    2070	     602	       0	       0
2020_11_10	    2070	     602	       0	       0
2020_11_11	    2070	     602	       0	       0
2020_11_12	    2071	     602	       1	       0
2020_11_13	    2071	     602	       0	       0
2020_11_14	    2071	     602	       0	       0
2020_11_15	    2072	     603	       1	       1
2020_11_16	    2072	     603	       0	       0
2020_11_17	    2072	     603	       0	       0
2020_11_18	    2072	     603	       0	       0
2020_11_19	    2072	     604	       0	       1
2020_11_20	    2072	     604	       0	       0
2020_11_21	    2072	     604	       0	       0
2020_11_22	    2073	     605	       1	       1
2020_11_23	    2073	     605	       0	       0
2020_11_24	    2074	     605	       1	       0
2020_11_25	    2075	     605	       1	       0
2020_11_26	    2075	     605	       0	       0
2020_11_27	    2076	     605	       1	       0
2020_11_28	    2077	     605	       1	       0
2020_11_29	    2078	     605	       1	       0
2020_11_30	    2078	     605	       0	       0
2020_12_01	    2078	     605	       0	       0
2020_12_02	    2079	     605	       1	       0
2020_12_03	    2079	     606	       0	       1
2020_12_04	    2080	     606	       1	       0
2020_12_05	    2080	     606	       0	       0
2020_12_06	    2081	     607	       1	       1
2020_12_07	    2081	     607	       0	       0
2020_12_08	    2082	     607	       1	       0
2020_12_09	    2083	     607	       1	       0
2020_12_10	    2084	     607	       1	       0
2020_12_11	    2085	     607	       1	       0
2020_12_12	    2086	     607	       1	       0
2020_12_13	    2087	     607	       1	       0
2020_12_14	    2087	     607	       0	       0
2020_12_15	    2088	     607	       1	       0
2020_12_16	    2088	     607	       0	       0
2020_12_17	    2089	     607	       1	       0
2020_12_18	    2089	     607	       0	       0
2020_12_19	    2090	     607	       1	       0
2020_12_20	    2091	     607	       1	       0
2020_12_21	    2091	     607	       0	       0
2020_12_22	    2092	     607	       1	       0
2020_12_23	    2093	     607	       1	       0
2020_12_24	    2093	     607	       0	       0
2020_12_25	    2094	     607	       1	       0
2020_12_26	    2095	     607	       1	       0
2020_12_27	    2096	     607	       1	       0
2020_12_28	    2097	     607	       1	       0
2020_12_29	    2098	     608	       1	       1
2020_12_30	    2099	     608	       1	       0
2020_12_31	    2101	     609	       2	       1
2021_01_01	    2102	     609	       1	       0
2021_01_02	    2103	     610	       1	       1
2021_01_03	    2105	     611	       2	       1
2021_01_04	    2105	     611	       0	       0
2021_01_05	    2105	     611	       0	       0
2021_01_06	    2106	     611	       1	       0
2021_01_07	    2106	     611	       0	       0
2021_01_08	    2107	     611	       1	       0
2021_01_09	    2107	     611	       0	       0
2021_01_10	    2108	     611	       1	       0
2021_01_11	    2109	     611	       1	       0
2021_01_12	    2110	     611	       1	       0
2021_01_13	    2111	     611	       1	       0
2021_01_14	    2112	     612	       1	       1
2021_01_15	    2113	     612	       1	       0
2021_01_16	    2114	     612	       1	       0
2021_01_17	    2116	     613	       2	       1
2021_01_18	    2116	     613	       0	       0
2021_01_19	    2117	     613	       1	       0
2021_01_20	    2118	     614	       1	       1
2021_01_21	    2119	     614	       1	       0
2021_01_22	    2120	     615	       1	       1
2021_01_23	    2121	     615	       1	       0
2021_01_24	    2122	     616	       1	       1
2021_01_25	    2122	     616	       0	       0
2021_01_26	    2122	     616	       0	       0
2021_01_27	    2122	     616	       0	       0
2021_01_28	    2123	     616	       1	       0
2021_01_29	    2123	     616	       0	       0
2021_01_30	    2123	     616	       0	       0
2021_01_31	    2124	     616	       1	       0
2021_02_01	    2125	     616	       1	       0
2021_02_02	    2126	     616	       1	       0
2021_02_03	    2127	     616	       1	       0
2021_02_04	    2128	     616	       1	       0
2021_02_05	    2129	     616	       1	       0
2021_02_06	    2130	     616	       1	       0
2021_02_07	    2131	     616	       1	       0
2021_02_08	    2132	     616	       1	       0
2021_02_09	    2133	     616	       1	       0
2021_02_10	    2134	     616	       1	       0
2021_02_11	    2136	     616	       2	       0
2021_02_12	    2137	     616	       1	       0
2021_02_13	    2138	     616	       1	       0
2021_02_14	    2140	     617	       2	       1
2021_02_15	    2143	     617	       3	       0
2021_02_16	    2146	     617	       3	       0
2021_02_17	    2149	     617	       3	       0
2021_02_18	    2152	     618	       3	       1
2021_02_19	    2155	     618	       3	       0
2021_02_20	    2158	     618	       3	       0
2021_02_21	    2161	     619	       3	       1
2021_02_22	    2177	     620	      16	       1
2021_02_23	    2193	     622	      16	       2
2021_02_24	    2209	     624	      16	       2
2021_02_25	    2225	     626	      16	       2
2021_02_26	    2241	     628	      16	       2
2021_02_27	    2257	     630	      16	       2
2021_02_28	    2273	     632	      16	       2
2021_03_01	    2298	     634	      25	       2
2021_03_02	    2323	     637	      25	       3
2021_03_03	    2348	     640	      25	       3
2021_03_04	    2373	     642	      25	       2
2021_03_05	    2398	     645	      25	       3
2021_03_06	    2423	     648	      25	       3
2021_03_07	    2448	     651	      25	       3
2021_03_08	    2494	     655	      46	       4
2021_03_09	    2541	     660	      47	       5
2021_03_10	    2588	     665	      47	       5
2021_03_11	    2634	     669	      46	       4
2021_03_12	    2681	     674	      47	       5
2021_03_13	    2728	     679	      47	       5
2021_03_14	    2775	     684	      47	       5
2021_03_15	    2847	     691	      72	       7
2021_03_16	    2919	     699	      72	       8
2021_03_17	    2992	     707	      73	       8
2021_03_18	    3064	     714	      72	       7
2021_03_19	    3137	     722	      73	       8
2021_03_20	    3209	     730	      72	       8
2021_03_21	    3282	     738	      73	       8
2021_03_22	    3380	     751	      98	      13
2021_03_23	    3479	     765	      99	      14
2021_03_24	    3578	     778	      99	      13
2021_03_25	    3676	     792	      98	      14
2021_03_26	    3775	     805	      99	      13
2021_03_27	    3874	     819	      99	      14
2021_03_28	    3973	     833	      99	      14
2021_03_29	    4077	     847	     104	      14
2021_03_30	    4181	     861	     104	      14
2021_03_31	    4285	     875	     104	      14
2021_04_01	    4389	     890	     104	      15
2021_04_02	    4493	     904	     104	      14
2021_04_03	    4597	     918	     104	      14
2021_04_04	    4701	     933	     104	      15
2021_04_05	    4783	     947	      82	      14
2021_04_06	    4866	     961	      83	      14
2021_04_07	    4949	     975	      83	      14
2021_04_08	    5031	     989	      82	      14
2021_04_09	    5114	    1003	      83	      14
2021_04_10	    5197	    1017	      83	      14
2021_04_11	    5280	    1032	      83	      15
2021_04_12	    5350	    1044	      70	      12
2021_04_13	    5421	    1057	      71	      13
2021_04_14	    5491	    1069	      70	      12
2021_04_15	    5562	    1082	      71	      13
2021_04_16	    5632	    1094	      70	      12
2021_04_17	    5703	    1107	      71	      13
2021_04_18	    5774	    1120	      71	      13
2021_04_19	    5821	    1128	      47	       8
2021_04_20	    5869	    1136	      48	       8
2021_04_21	    5917	    1144	      48	       8
2021_04_22	    5965	    1152	      48	       8
2021_04_23	    6013	    1160	      48	       8
2021_04_24	    6061	    1168	      48	       8
2021_04_25	    6109	    1176	      48	       8
2021_04_26	    6140	    1183	      31	       7
2021_04_27	    6171	    1191	      31	       8
2021_04_28	    6203	    1199	      32	       8
2021_04_29	    6234	    1206	      31	       7
2021_04_30	    6266	    1214	      32	       8
2021_05_01	    6297	    1222	      31	       8
2021_05_02	    6329	    1230	      32	       8
2021_05_03	    6348	    1235	      19	       5
2021_05_04	    6368	    1241	      20	       6
2021_05_05	    6387	    1247	      19	       6
2021_05_06	    6407	    1253	      20	       6
2021_05_07	    6426	    1259	      19	       6
2021_05_08	    6446	    1265	      20	       6
2021_05_09	    6466	    1271	      20	       6
2021_05_10	    6476	    1273	      10	       2
2021_05_11	    6487	    1275	      11	       2
2021_05_12	    6498	    1277	      11	       2
2021_05_13	    6509	    1279	      11	       2
2021_05_14	    6520	    1281	      11	       2
2021_05_15	    6531	    1283	      11	       2
2021_05_16	    6542	    1286	      11	       3
2021_05_17	    6557	    1288	      15	       2
2021_05_18	    6573	    1291	      16	       3
2021_05_19	    6589	    1294	      16	       3
2021_05_20	    6605	    1296	      16	       2
2021_05_21	    6621	    1299	      16	       3
2021_05_22	    6637	    1302	      16	       3
2021_05_23	    6653	    1305	      16	       3
2021_05_24	    6664	    1307	      11	       2
2021_05_25	    6676	    1309	      12	       2
2021_05_26	    6688	    1311	      12	       2
2021_05_27	    6699	    1313	      11	       2
2021_05_28	    6711	    1315	      12	       2
2021_05_29	    6723	    1317	      12	       2
2021_05_30	    6735	    1320	      12	       3
2021_05_31	    6741	    1320	       6	       0
2021_06_01	    6747	    1321	       6	       1
2021_06_02	    6754	    1322	       7	       1
2021_06_03	    6760	    1322	       6	       0
2021_06_04	    6767	    1323	       7	       1
2021_06_05	    6773	    1324	       6	       1
2021_06_06	    6780	    1325	       7	       1
2021_06_07	    6791	    1328	      11	       3
2021_06_08	    6802	    1331	      11	       3
2021_06_09	    6813	    1334	      11	       3
2021_06_10	    6824	    1337	      11	       3
2021_06_11	    6835	    1340	      11	       3
2021_06_12	    6846	    1343	      11	       3
2021_06_13	    6857	    1347	      11	       4
