#
# COVID-19 Country file (official WHO count)
# Country = Zimbabwe
# Latitude = -18.0
# Population = 17680.465
# Territory = 390757.0
# LEB = 61.5
# DPA = 114000
# DPA65 = 29640
# GDP = 1366.0
# GDP_PPP = 2703.0
# COVID-19 Mortality = 92.3
# First_Case = 2020_03_21
# Last_Case = 2021_06_13
# First_Death = 2020_03_24
# Last_Death = 2021_06_13
# Status as of 2021_06_13 = Community transmission
# Vaccine type = Sinopharm/Beijing
# Vaccine start = 2021_02_18
#
Date	Conf_Cases	Conf_Deaths	Daily_Cases	Daily_Deaths
2020_03_21	       1	       0	       1	       0
2020_03_22	       2	       0	       1	       0
2020_03_23	       2	       0	       0	       0
2020_03_24	       2	       1	       0	       1
2020_03_25	       2	       1	       0	       0
2020_03_26	       2	       1	       0	       0
2020_03_27	       3	       1	       1	       0
2020_03_28	       5	       1	       2	       0
2020_03_29	       5	       1	       0	       0
2020_03_30	       5	       1	       0	       0
2020_03_31	       5	       1	       0	       0
2020_04_01	       8	       1	       3	       0
2020_04_02	       8	       1	       0	       0
2020_04_03	       8	       1	       0	       0
2020_04_04	       9	       1	       1	       0
2020_04_05	       9	       1	       0	       0
2020_04_06	       9	       1	       0	       0
2020_04_07	       9	       1	       0	       0
2020_04_08	      11	       2	       2	       1
2020_04_09	      11	       3	       0	       1
2020_04_10	      11	       3	       0	       0
2020_04_11	      11	       3	       0	       0
2020_04_12	      13	       3	       2	       0
2020_04_13	      14	       3	       1	       0
2020_04_14	      17	       3	       3	       0
2020_04_15	      18	       3	       1	       0
2020_04_16	      23	       3	       5	       0
2020_04_17	      23	       3	       0	       0
2020_04_18	      24	       3	       1	       0
2020_04_19	      25	       3	       1	       0
2020_04_20	      25	       3	       0	       0
2020_04_21	      25	       3	       0	       0
2020_04_22	      28	       3	       3	       0
2020_04_23	      28	       4	       0	       1
2020_04_24	      28	       4	       0	       0
2020_04_25	      29	       4	       1	       0
2020_04_26	      31	       4	       2	       0
2020_04_27	      31	       4	       0	       0
2020_04_28	      31	       4	       0	       0
2020_04_29	      32	       4	       1	       0
2020_04_30	      32	       4	       0	       0
2020_05_01	      32	       4	       0	       0
2020_05_02	      34	       4	       2	       0
2020_05_03	      34	       4	       0	       0
2020_05_04	      34	       4	       0	       0
2020_05_05	      34	       4	       0	       0
2020_05_06	      34	       4	       0	       0
2020_05_07	      34	       4	       0	       0
2020_05_08	      34	       4	       0	       0
2020_05_09	      34	       4	       0	       0
2020_05_10	      35	       4	       1	       0
2020_05_11	      36	       4	       1	       0
2020_05_12	      36	       4	       0	       0
2020_05_13	      37	       4	       1	       0
2020_05_14	      37	       4	       0	       0
2020_05_15	      37	       4	       0	       0
2020_05_16	      42	       4	       5	       0
2020_05_17	      44	       4	       2	       0
2020_05_18	      44	       4	       0	       0
2020_05_19	      46	       4	       2	       0
2020_05_20	      46	       4	       0	       0
2020_05_21	      48	       4	       2	       0
2020_05_22	      51	       4	       3	       0
2020_05_23	      51	       4	       0	       0
2020_05_24	      56	       4	       5	       0
2020_05_25	      56	       4	       0	       0
2020_05_26	      56	       4	       0	       0
2020_05_27	      56	       4	       0	       0
2020_05_28	     132	       4	      76	       0
2020_05_29	     132	       4	       0	       0
2020_05_30	     149	       4	      17	       0
2020_05_31	     174	       4	      25	       0
2020_06_01	     178	       4	       4	       0
2020_06_02	     178	       4	       0	       0
2020_06_03	     206	       4	      28	       0
2020_06_04	     222	       4	      16	       0
2020_06_05	     222	       4	       0	       0
2020_06_06	     265	       4	      43	       0
2020_06_07	     279	       4	      14	       0
2020_06_08	     279	       4	       0	       0
2020_06_09	     287	       4	       8	       0
2020_06_10	     314	       4	      27	       0
2020_06_11	     320	       4	       6	       0
2020_06_12	     332	       4	      12	       0
2020_06_13	     343	       4	      11	       0
2020_06_14	     356	       4	      13	       0
2020_06_15	     383	       4	      27	       0
2020_06_16	     387	       4	       4	       0
2020_06_17	     391	       4	       4	       0
2020_06_18	     401	       4	      10	       0
2020_06_19	     463	       4	      62	       0
2020_06_20	     479	       4	      16	       0
2020_06_21	     479	       4	       0	       0
2020_06_22	     489	       6	      10	       2
2020_06_23	     512	       6	      23	       0
2020_06_24	     525	       6	      13	       0
2020_06_25	     530	       6	       5	       0
2020_06_26	     551	       6	      21	       0
2020_06_27	     561	       7	      10	       1
2020_06_28	     567	       7	       6	       0
2020_06_29	     567	       6	       0	      -1
2020_06_30	     574	       7	       7	       1
2020_07_01	     591	       7	      17	       0
2020_07_02	     605	       7	      14	       0
2020_07_03	     617	       7	      12	       0
2020_07_04	     625	       7	       8	       0
2020_07_05	     698	       8	      73	       1
2020_07_06	     716	       8	      18	       0
2020_07_07	     734	       9	      18	       1
2020_07_08	     787	       9	      53	       0
2020_07_09	     885	       9	      98	       0
2020_07_10	     926	      12	      41	       3
2020_07_11	     942	      13	      16	       1
2020_07_12	     982	      18	      40	       5
2020_07_13	     985	      18	       3	       0
2020_07_14	    1034	      19	      49	       1
2020_07_15	    1064	      20	      30	       1
2020_07_16	    1089	      20	      25	       0
2020_07_17	    1362	      23	     273	       3
2020_07_18	    1420	      24	      58	       1
2020_07_19	    1478	      25	      58	       1
2020_07_20	    1611	      25	     133	       0
2020_07_21	    1713	      26	     102	       1
2020_07_22	    1820	      26	     107	       0
2020_07_23	    2034	      26	     214	       0
2020_07_24	    2124	      28	      90	       2
2020_07_25	    2296	      32	     172	       4
2020_07_26	    2296	      32	       0	       0
2020_07_27	    2512	      34	     216	       2
2020_07_28	    2704	      36	     192	       2
2020_07_29	    2817	      40	     113	       4
2020_07_30	    2879	      41	      62	       1
2020_07_31	    3092	      53	     213	      12
2020_08_01	    3169	      67	      77	      14
2020_08_02	    3659	      69	     490	       2
2020_08_03	    3921	      70	     262	       1
2020_08_04	    4075	      80	     154	      10
2020_08_05	    4221	      81	     146	       1
2020_08_06	    4339	      84	     118	       3
2020_08_07	    4395	      97	      56	      13
2020_08_08	    4451	     102	      56	       5
2020_08_09	    4575	     102	     124	       0
2020_08_10	    4649	     104	      74	       2
2020_08_11	    4748	     104	      99	       0
2020_08_12	    4818	     104	      70	       0
2020_08_13	    4893	     122	      75	      18
2020_08_14	    4990	     128	      97	       6
2020_08_15	    5072	     128	      82	       0
2020_08_16	    5176	     130	     104	       2
2020_08_17	    5278	     133	     102	       3
2020_08_18	    5380	     136	     102	       3
2020_08_19	    5483	     139	     103	       3
2020_08_20	    5585	     143	     102	       4
2020_08_21	    5688	     146	     103	       3
2020_08_22	    5790	     149	     102	       3
2020_08_23	    5893	     153	     103	       4
2020_08_24	    5966	     159	      73	       6
2020_08_25	    6039	     165	      73	       6
2020_08_26	    6112	     171	      73	       6
2020_08_27	    6186	     177	      74	       6
2020_08_28	    6259	     183	      73	       6
2020_08_29	    6332	     189	      73	       6
2020_08_30	    6406	     196	      74	       7
2020_08_31	    6467	     197	      61	       1
2020_09_01	    6529	     198	      62	       1
2020_09_02	    6590	     200	      61	       2
2020_09_03	    6652	     201	      62	       1
2020_09_04	    6713	     203	      61	       2
2020_09_05	    6775	     204	      62	       1
2020_09_06	    6837	     206	      62	       2
2020_09_07	    6932	     208	      95	       2
2020_09_08	    7028	     211	      96	       3
2020_09_09	    7124	     213	      96	       2
2020_09_10	    7220	     216	      96	       3
2020_09_11	    7316	     218	      96	       2
2020_09_12	    7412	     221	      96	       3
2020_09_13	    7508	     224	      96	       3
2020_09_14	    7531	     224	      23	       0
2020_09_15	    7554	     224	      23	       0
2020_09_16	    7578	     224	      24	       0
2020_09_17	    7601	     224	      23	       0
2020_09_18	    7625	     224	      24	       0
2020_09_19	    7648	     224	      23	       0
2020_09_20	    7672	     225	      24	       1
2020_09_21	    7690	     225	      18	       0
2020_09_22	    7709	     225	      19	       0
2020_09_23	    7728	     225	      19	       0
2020_09_24	    7746	     226	      18	       1
2020_09_25	    7765	     226	      19	       0
2020_09_26	    7784	     226	      19	       0
2020_09_27	    7803	     227	      19	       1
2020_09_28	    7810	     227	       7	       0
2020_09_29	    7818	     227	       8	       0
2020_09_30	    7826	     227	       8	       0
2020_10_01	    7834	     227	       8	       0
2020_10_02	    7842	     227	       8	       0
2020_10_03	    7850	     227	       8	       0
2020_10_04	    7858	     228	       8	       1
2020_10_05	    7877	     228	      19	       0
2020_10_06	    7896	     228	      19	       0
2020_10_07	    7916	     228	      20	       0
2020_10_08	    7935	     228	      19	       0
2020_10_09	    7955	     228	      20	       0
2020_10_10	    7974	     228	      19	       0
2020_10_11	    7994	     229	      20	       1
2020_10_12	    8017	     229	      23	       0
2020_10_13	    8041	     229	      24	       0
2020_10_14	    8064	     230	      23	       1
2020_10_15	    8088	     230	      24	       0
2020_10_16	    8111	     231	      23	       1
2020_10_17	    8135	     231	      24	       0
2020_10_18	    8159	     232	      24	       1
2020_10_19	    8179	     233	      20	       1
2020_10_20	    8200	     234	      21	       1
2020_10_21	    8220	     236	      20	       2
2020_10_22	    8241	     237	      21	       1
2020_10_23	    8261	     239	      20	       2
2020_10_24	    8282	     240	      21	       1
2020_10_25	    8303	     242	      21	       2
2020_10_26	    8312	     242	       9	       0
2020_10_27	    8321	     242	       9	       0
2020_10_28	    8330	     242	       9	       0
2020_10_29	    8339	     242	       9	       0
2020_10_30	    8348	     242	       9	       0
2020_10_31	    8357	     242	       9	       0
2020_11_01	    8367	     243	      10	       1
2020_11_02	    8381	     244	      14	       1
2020_11_03	    8396	     245	      15	       1
2020_11_04	    8411	     246	      15	       1
2020_11_05	    8426	     247	      15	       1
2020_11_06	    8441	     248	      15	       1
2020_11_07	    8456	     249	      15	       1
2020_11_08	    8471	     250	      15	       1
2020_11_09	    8516	     251	      45	       1
2020_11_10	    8561	     252	      45	       1
2020_11_11	    8606	     253	      45	       1
2020_11_12	    8651	     254	      45	       1
2020_11_13	    8696	     255	      45	       1
2020_11_14	    8741	     256	      45	       1
2020_11_15	    8786	     257	      45	       1
2020_11_16	    8833	     258	      47	       1
2020_11_17	    8881	     259	      48	       1
2020_11_18	    8929	     260	      48	       1
2020_11_19	    8976	     261	      47	       1
2020_11_20	    9024	     262	      48	       1
2020_11_21	    9072	     263	      48	       1
2020_11_22	    9120	     265	      48	       2
2020_11_23	    9220	     266	     100	       1
2020_11_24	    9320	     267	     100	       1
2020_11_25	    9420	     269	     100	       2
2020_11_26	    9521	     270	     101	       1
2020_11_27	    9621	     272	     100	       2
2020_11_28	    9721	     273	     100	       1
2020_11_29	    9822	     275	     101	       2
2020_11_30	    9935	     277	     113	       2
2020_12_01	   10049	     279	     114	       2
2020_12_02	   10162	     281	     113	       2
2020_12_03	   10276	     284	     114	       3
2020_12_04	   10389	     286	     113	       2
2020_12_05	   10503	     288	     114	       2
2020_12_06	   10617	     291	     114	       3
2020_12_07	   10683	     293	      66	       2
2020_12_08	   10749	     295	      66	       2
2020_12_09	   10815	     297	      66	       2
2020_12_10	   10882	     299	      67	       2
2020_12_11	   10948	     301	      66	       2
2020_12_12	   11014	     303	      66	       2
2020_12_13	   11081	     305	      67	       2
2020_12_14	   11233	     306	     152	       1
2020_12_15	   11386	     308	     153	       2
2020_12_16	   11539	     310	     153	       2
2020_12_17	   11692	     312	     153	       2
2020_12_18	   11845	     314	     153	       2
2020_12_19	   11998	     316	     153	       2
2020_12_20	   12151	     318	     153	       2
2020_12_21	   12267	     321	     116	       3
2020_12_22	   12383	     324	     116	       3
2020_12_23	   12499	     327	     116	       3
2020_12_24	   12615	     331	     116	       4
2020_12_25	   12731	     334	     116	       3
2020_12_26	   12847	     337	     116	       3
2020_12_27	   12963	     341	     116	       4
2020_12_28	   13181	     346	     218	       5
2020_12_29	   13399	     351	     218	       5
2020_12_30	   13617	     356	     218	       5
2020_12_31	   13836	     361	     219	       5
2021_01_01	   14054	     366	     218	       5
2021_01_02	   14272	     371	     218	       5
2021_01_03	   14491	     377	     219	       6
2021_01_04	   15349	     392	     858	      15
2021_01_05	   16207	     407	     858	      15
2021_01_06	   17065	     422	     858	      15
2021_01_07	   17924	     437	     859	      15
2021_01_08	   18782	     452	     858	      15
2021_01_09	   19640	     467	     858	      15
2021_01_10	   20499	     483	     859	      16
2021_01_11	   21410	     511	     911	      28
2021_01_12	   22322	     540	     912	      29
2021_01_13	   23234	     568	     912	      28
2021_01_14	   24145	     597	     911	      29
2021_01_15	   25057	     625	     912	      28
2021_01_16	   25969	     654	     912	      29
2021_01_17	   26881	     683	     912	      29
2021_01_18	   27470	     724	     589	      41
2021_01_19	   28059	     766	     589	      42
2021_01_20	   28649	     807	     590	      41
2021_01_21	   29238	     849	     589	      42
2021_01_22	   29828	     890	     590	      41
2021_01_23	   30417	     932	     589	      42
2021_01_24	   31007	     974	     590	      42
2021_01_25	   31330	    1005	     323	      31
2021_01_26	   31653	    1036	     323	      31
2021_01_27	   31977	    1067	     324	      31
2021_01_28	   32300	    1099	     323	      32
2021_01_29	   32624	    1130	     324	      31
2021_01_30	   32947	    1161	     323	      31
2021_01_31	   33271	    1193	     324	      32
2021_02_01	   33444	    1210	     173	      17
2021_02_02	   33618	    1228	     174	      18
2021_02_03	   33792	    1245	     174	      17
2021_02_04	   33965	    1263	     173	      18
2021_02_05	   34139	    1280	     174	      17
2021_02_06	   34313	    1298	     174	      18
2021_02_07	   34487	    1316	     174	      18
2021_02_08	   34575	    1327	      88	      11
2021_02_09	   34663	    1339	      88	      12
2021_02_10	   34751	    1351	      88	      12
2021_02_11	   34839	    1362	      88	      11
2021_02_12	   34927	    1374	      88	      12
2021_02_13	   35015	    1386	      88	      12
2021_02_14	   35104	    1398	      89	      12
2021_02_15	   35198	    1402	      94	       4
2021_02_16	   35293	    1407	      95	       5
2021_02_17	   35388	    1412	      95	       5
2021_02_18	   35483	    1417	      95	       5
2021_02_19	   35578	    1422	      95	       5
2021_02_20	   35673	    1427	      95	       5
2021_02_21	   35768	    1432	      95	       5
2021_02_22	   35800	    1435	      32	       3
2021_02_23	   35832	    1439	      32	       4
2021_02_24	   35864	    1443	      32	       4
2021_02_25	   35897	    1446	      33	       3
2021_02_26	   35929	    1450	      32	       4
2021_02_27	   35961	    1454	      32	       4
2021_02_28	   35994	    1458	      33	       4
2021_03_01	   36032	    1461	      38	       3
2021_03_02	   36070	    1465	      38	       4
2021_03_03	   36108	    1469	      38	       4
2021_03_04	   36146	    1473	      38	       4
2021_03_05	   36184	    1477	      38	       4
2021_03_06	   36222	    1481	      38	       4
2021_03_07	   36260	    1485	      38	       4
2021_03_08	   36290	    1487	      30	       2
2021_03_09	   36320	    1489	      30	       2
2021_03_10	   36350	    1491	      30	       2
2021_03_11	   36380	    1494	      30	       3
2021_03_12	   36410	    1496	      30	       2
2021_03_13	   36440	    1498	      30	       2
2021_03_14	   36471	    1501	      31	       3
2021_03_15	   36498	    1502	      27	       1
2021_03_16	   36525	    1503	      27	       1
2021_03_17	   36552	    1504	      27	       1
2021_03_18	   36580	    1506	      28	       2
2021_03_19	   36607	    1507	      27	       1
2021_03_20	   36634	    1508	      27	       1
2021_03_21	   36662	    1510	      28	       2
2021_03_22	   36684	    1511	      22	       1
2021_03_23	   36706	    1512	      22	       1
2021_03_24	   36728	    1513	      22	       1
2021_03_25	   36751	    1515	      23	       2
2021_03_26	   36773	    1516	      22	       1
2021_03_27	   36795	    1517	      22	       1
2021_03_28	   36818	    1519	      23	       2
2021_03_29	   36831	    1519	      13	       0
2021_03_30	   36844	    1520	      13	       1
2021_03_31	   36857	    1521	      13	       1
2021_04_01	   36871	    1521	      14	       0
2021_04_02	   36884	    1522	      13	       1
2021_04_03	   36897	    1523	      13	       1
2021_04_04	   36911	    1524	      14	       1
2021_04_05	   36962	    1526	      51	       2
2021_04_06	   37014	    1528	      52	       2
2021_04_07	   37066	    1530	      52	       2
2021_04_08	   37117	    1532	      51	       2
2021_04_09	   37169	    1534	      52	       2
2021_04_10	   37221	    1536	      52	       2
2021_04_11	   37273	    1538	      52	       2
2021_04_12	   37329	    1540	      56	       2
2021_04_13	   37386	    1542	      57	       2
2021_04_14	   37442	    1544	      56	       2
2021_04_15	   37499	    1546	      57	       2
2021_04_16	   37555	    1548	      56	       2
2021_04_17	   37612	    1550	      57	       2
2021_04_18	   37669	    1552	      57	       2
2021_04_19	   37725	    1552	      56	       0
2021_04_20	   37781	    1553	      56	       1
2021_04_21	   37838	    1553	      57	       0
2021_04_22	   37894	    1554	      56	       1
2021_04_23	   37951	    1554	      57	       0
2021_04_24	   38007	    1555	      56	       1
2021_04_25	   38064	    1556	      57	       1
2021_04_26	   38092	    1557	      28	       1
2021_04_27	   38120	    1559	      28	       2
2021_04_28	   38148	    1561	      28	       2
2021_04_29	   38176	    1562	      28	       1
2021_04_30	   38204	    1564	      28	       2
2021_05_01	   38232	    1566	      28	       2
2021_05_02	   38260	    1568	      28	       2
2021_05_03	   38282	    1569	      22	       1
2021_05_04	   38304	    1570	      22	       1
2021_05_05	   38326	    1571	      22	       1
2021_05_06	   38348	    1572	      22	       1
2021_05_07	   38370	    1573	      22	       1
2021_05_08	   38392	    1574	      22	       1
2021_05_09	   38414	    1576	      22	       2
2021_05_10	   38434	    1576	      20	       0
2021_05_11	   38454	    1577	      20	       1
2021_05_12	   38474	    1578	      20	       1
2021_05_13	   38494	    1579	      20	       1
2021_05_14	   38514	    1580	      20	       1
2021_05_15	   38534	    1581	      20	       1
2021_05_16	   38554	    1582	      20	       1
2021_05_17	   38571	    1582	      17	       0
2021_05_18	   38589	    1583	      18	       1
2021_05_19	   38607	    1583	      18	       0
2021_05_20	   38625	    1584	      18	       1
2021_05_21	   38643	    1584	      18	       0
2021_05_22	   38661	    1585	      18	       1
2021_05_23	   38679	    1586	      18	       1
2021_05_24	   38715	    1587	      36	       1
2021_05_25	   38751	    1588	      36	       1
2021_05_26	   38787	    1589	      36	       1
2021_05_27	   38824	    1590	      37	       1
2021_05_28	   38860	    1591	      36	       1
2021_05_29	   38896	    1592	      36	       1
2021_05_30	   38933	    1594	      37	       2
2021_05_31	   38966	    1595	      33	       1
2021_06_01	   39000	    1597	      34	       2
2021_06_02	   39033	    1598	      33	       1
2021_06_03	   39067	    1600	      34	       2
2021_06_04	   39100	    1601	      33	       1
2021_06_05	   39134	    1603	      34	       2
2021_06_06	   39168	    1605	      34	       2
2021_06_07	   39265	    1608	      97	       3
2021_06_08	   39363	    1612	      98	       4
2021_06_09	   39461	    1616	      98	       4
2021_06_10	   39558	    1620	      97	       4
2021_06_11	   39656	    1624	      98	       4
2021_06_12	   39754	    1628	      98	       4
2021_06_13	   39852	    1632	      98	       4
