#
# World-3 in JS by Brian Hayes
# BAU calibration run
# http://bit-player.org/extras/limits/ltg.html
# Time step 0.25 years
# Resource multiplier 1
# Consumption factor 0.43
#
Year	LEB	BR_Crude	DR_Crude	Population
1900	32.6	38.1	28.9	1621
1901	32.4	39.7	28.8	1664
1902	32.4	40.7	28.9	1664
1903	32.4	41.2	29.1	1664
1904	32.4	41.5	29.2	1707
1905	32.4	41.5	29.3	1749
1906	32.4	41.5	29.3	1749
1907	32.4	41.5	29.5	1749
1908	32.4	41.3	29.6	1792
1909	32.4	41.2	29.7	1792
1910	32.4	41.1	29.7	1835
1911	32.4	41.1	29.9	1835
1912	32.4	40.9	29.9	1877
1913	32.4	40.9	30.0	1877
1914	32.4	40.8	30.0	1920
1915	32.4	40.8	30.0	1920
1916	32.6	40.8	30.0	1963
1917	32.6	40.7	30.0	1963
1918	32.6	40.7	30.0	2005
1919	32.6	40.7	30.1	2005
1920	32.6	40.7	30.1	2048
1921	32.6	40.5	30.0	2048
1922	32.6	40.5	30.0	2091
1923	32.9	40.5	30.0	2091
1924	32.9	40.5	30.0	2133
1925	32.9	40.5	30.0	2133
1926	33.1	40.4	30.0	2176
1927	33.1	40.4	29.9	2176
1928	33.1	40.4	29.9	2219
1929	33.3	40.4	29.9	2261
1930	33.3	40.4	29.7	2261
1931	33.3	40.4	29.7	2304
1932	33.5	40.3	29.6	2304
1933	33.5	40.3	29.6	2347
1934	33.7	40.3	29.5	2347
1935	33.7	40.3	29.5	2389
1936	33.7	40.3	29.3	2432
1937	33.9	40.1	29.2	2432
1938	33.9	40.1	29.2	2475
1939	34.1	40.1	29.1	2517
1940	38.8	40.1	25.9	2517
1941	39.3	41.2	24.1	2560
1942	39.3	40.9	24.0	2603
1943	39.3	40.7	24.0	2645
1944	39.5	40.4	23.9	2688
1945	39.7	40.3	23.7	2773
1946	39.7	40.1	23.6	2816
1947	39.9	40.0	23.5	2859
1948	40.1	39.9	23.3	2901
1949	40.3	39.7	23.2	2944
1950	40.5	39.6	23.1	2987
1951	40.5	39.5	22.9	3029
1952	40.7	39.2	22.8	3072
1953	41.0	39.1	22.7	3115
1954	41.2	38.9	22.5	3200
1955	41.4	38.8	22.4	3243
1956	41.6	38.7	22.3	3285
1957	41.8	38.4	22.1	3371
1958	42.0	38.3	22.0	3413
1959	42.2	38.1	21.9	3456
1960	42.5	38.0	21.6	3541
1961	42.9	37.9	21.5	3584
1962	43.1	37.7	21.3	3627
1963	43.3	37.5	21.2	3712
1964	43.5	37.3	20.9	3755
1965	43.9	37.2	20.7	3840
1966	44.2	36.9	20.5	3883
1967	44.4	36.8	20.4	3968
1968	44.8	36.7	20.1	4011
1969	45.0	36.4	19.9	4096
1970	45.2	36.3	19.7	4181
1971	45.4	36.0	19.6	4224
1972	45.9	35.7	19.5	4309
1973	46.1	35.5	19.2	4395
1974	46.5	35.3	19.1	4437
1975	46.7	35.2	18.8	4523
1976	47.1	34.9	18.7	4608
1977	47.4	34.8	18.4	4693
1978	47.8	34.7	18.1	4736
1979	48.0	34.4	18.0	4821
1980	48.4	34.3	17.7	4907
1981	48.9	34.0	17.5	4992
1982	49.1	33.7	17.3	5077
1983	49.3	33.6	17.2	5163
1984	49.5	33.3	16.9	5248
1985	49.9	33.1	16.9	5291
1986	50.1	32.8	16.5	5461
1987	50.3	32.7	16.5	5504
1988	50.6	32.4	16.4	5589
1989	50.8	32.1	16.3	5717
1990	51.0	32.1	16.3	5803
1991	51.2	31.7	16.3	5845
1992	51.2	31.3	16.1	5973
1993	51.4	31.1	16.1	6059
1994	51.6	30.9	16.0	6144
1995	51.8	30.7	16.0	6229
1996	52.1	30.4	15.9	6315
1997	52.3	30.1	15.9	6443
1998	52.5	29.9	15.7	6528
1999	52.7	29.6	15.7	6613
2000	52.9	29.3	15.6	6699
2001	53.1	29.1	15.5	6827
2002	53.3	28.9	15.5	6912
2003	53.5	28.7	15.3	6955
2004	53.8	28.4	15.3	7083
2005	54.0	28.1	15.2	7168
2006	54.4	27.9	15.2	7253
2007	54.6	27.6	15.1	7381
2008	54.8	27.3	14.9	7424
2009	55.0	27.1	14.9	7552
2010	55.3	26.8	14.8	7637
2011	55.5	26.7	14.7	7723
2012	55.9	26.4	14.7	7808
2013	56.1	26.1	14.5	7936
2014	56.3	25.9	14.4	8021
2015	56.5	25.6	14.4	8064
2016	56.7	24.9	14.4	8192
2017	56.7	24.5	14.3	8277
2018	57.0	24.1	14.3	8363
2019	57.2	23.7	14.3	8448
2020	57.4	23.5	14.3	8533
2021	57.4	23.2	14.3	8619
2022	57.4	22.8	14.3	8661
2023	57.4	22.4	14.3	8747
2024	57.4	22.0	14.4	8832
2025	57.4	21.7	14.5	8917
2026	57.2	21.5	14.5	8960
2027	57.2	21.2	14.7	9003
2028	57.0	20.7	14.8	9088
2029	56.3	19.5	15.2	9131
2030	55.9	18.9	15.6	9173
2031	55.5	18.4	15.9	9173
2032	54.6	17.9	16.3	9216
2033	54.0	17.7	16.8	9216
2034	53.3	17.7	17.1	9216
2035	52.9	17.7	17.2	9216
2036	51.8	17.7	18.1	9216
2037	50.3	17.7	18.8	9216
2038	49.5	17.7	19.6	9173
2039	48.6	17.7	20.4	9173
2040	47.6	17.7	21.3	9131
2041	46.5	17.9	22.1	9088
2042	45.9	17.9	22.7	9003
2043	45.0	18.0	23.3	8917
2044	43.9	18.1	24.4	8875
2045	42.2	18.4	25.6	8832
2046	41.2	18.5	26.7	8832
2047	40.1	18.7	27.7	8704
2048	38.8	18.8	28.8	8704
2049	37.8	19.1	29.9	8576
2050	37.1	19.2	30.5	8491
2051	36.5	19.5	31.1	8405
2052	35.8	19.7	31.6	8320
2053	35.4	19.9	32.0	8192
2054	35.2	20.1	32.1	8107
2055	35.2	20.3	32.3	8021
2056	35.0	20.7	32.4	7936
2057	34.8	20.9	32.5	7808
2058	34.8	21.2	32.5	7765
2059	35.0	21.5	32.5	7680
2060	34.6	21.9	32.5	7595
2061	33.9	22.0	33.1	7467
2062	33.5	22.3	33.6	7424
2063	33.1	22.5	34.0	7381
2064	32.6	22.9	34.4	7253
2065	32.2	23.2	34.8	7168
2066	31.8	23.5	35.1	7083
2067	31.6	23.7	35.3	7040
2068	31.1	24.1	35.6	6912
2069	30.9	24.4	35.9	6827
2070	30.7	24.7	36.0	6784
2071	30.5	24.9	36.1	6699
2072	30.1	25.2	36.4	6613
2073	29.9	25.6	36.7	6528
2074	29.7	25.9	36.8	6485
2075	29.7	26.3	36.9	6443
2076	29.4	26.5	37.2	6357
2077	29.2	26.9	37.3	6272
2078	29.0	27.2	37.5	6229
2079	29.0	27.5	37.6	6187
2080	28.8	27.7	37.9	6101
2081	28.6	28.1	38.1	6016
2082	28.4	28.4	38.3	5973
2083	28.2	28.5	38.4	5931
2084	28.2	28.8	38.7	5888
2085	27.9	29.1	38.8	5803
2086	27.9	29.3	38.8	5760
2087	27.7	29.5	38.9	5717
2088	27.7	29.7	39.1	5632
2089	27.5	29.9	39.1	5632
2090	27.5	30.0	39.2	5589
2091	27.5	30.1	39.2	5547
2092	27.3	30.4	39.2	5419
2093	27.5	30.5	39.2	5376
2094	27.5	30.7	39.2	5376
2095	27.3	30.8	39.2	5333
2096	27.3	30.9	39.3	5291
2097	27.3	31.2	39.2	5248
2098	27.3	31.3	39.2	5205
2099	27.3	31.5	39.2	5163
2100	27.5	31.7	39.3	5035
