#
# World-3 in JS by Brian Hayes
# BAU calibration run
# http://bit-player.org/extras/limits/ltg.html
# Time step 0.5 years
# Resource multiplier 1
# Consumption factor 0.43
#
Year	Population	GoodsPC	ServicesPC	FoodPC	PollutionIndex	Industrial	Services	Food	Pollution
1900	1630.1	42.9	82.2	284.2	0.18	69.9	134.0	463.2	24.8
1901	1630.1	44.2	82.2	278.8	0.18	72.1	134.0	454.5	24.8
1902	1630.1	44.2	82.2	278.8	0.18	72.1	134.0	454.5	24.8
1903	1673.0	45.6	80.1	276.1	0.18	76.2	134.0	462.0	24.8
1904	1673.0	46.9	80.1	276.1	0.18	78.5	134.0	462.0	24.8
1905	1715.8	48.3	78.1	276.1	0.18	82.8	134.0	473.8	24.8
1906	1715.8	49.6	78.1	276.1	0.18	85.1	134.0	473.8	24.8
1907	1758.7	49.6	76.2	278.8	0.18	87.2	134.0	490.4	24.8
1908	1758.7	50.9	91.5	278.8	0.18	89.6	160.9	490.4	24.8
1909	1801.6	52.3	89.3	278.8	0.18	94.2	160.9	502.3	24.8
1910	1844.5	53.6	87.2	278.8	0.18	98.9	160.9	514.3	24.8
1911	1844.5	55.0	87.2	281.5	0.18	101.4	160.9	519.2	24.8
1912	1887.4	56.3	85.3	281.5	0.18	106.3	160.9	531.3	24.8
1913	1930.2	57.6	83.4	284.2	0.18	111.3	160.9	548.5	24.8
1914	1930.2	57.6	97.2	284.2	0.18	111.3	187.7	548.5	24.8
1915	1844.5	59.0	101.8	284.2	0.18	108.8	187.7	524.2	24.8
1916	1930.2	60.3	97.2	286.9	0.18	116.4	187.7	553.7	24.8
1917	1930.2	63.0	97.2	289.5	0.18	121.6	187.7	558.9	24.8
1918	1930.2	64.3	97.2	289.5	0.18	124.2	187.7	558.9	24.8
1919	1973.1	65.7	108.7	292.2	0.18	129.6	214.5	576.6	24.8
1920	2016.2	67.0	106.4	292.2	0.18	135.1	214.5	589.2	24.8
1921	2016.2	67.0	106.4	294.9	0.18	135.1	214.5	594.6	24.8
1922	2059.0	69.7	104.2	292.2	0.18	143.5	214.5	601.7	24.8
1923	2059.0	71.0	104.2	297.6	0.18	146.3	214.5	612.7	24.8
1924	2101.9	72.4	114.8	300.3	0.18	152.1	241.3	631.1	24.8
1925	2144.8	73.7	112.5	300.3	0.18	158.1	241.3	644.0	24.8
1926	2144.8	76.4	112.5	303.0	0.18	163.9	241.3	649.8	24.8
1927	2187.7	77.8	122.5	305.6	0.18	170.1	268.1	668.6	24.8
1928	2187.7	79.1	122.5	308.3	0.27	173.0	268.1	674.5	37.2
1929	2230.6	81.8	120.2	305.6	0.27	182.4	268.1	681.7	37.2
1930	2230.6	83.1	120.2	311.0	0.27	185.4	268.1	693.7	37.2
1931	2273.4	84.5	129.7	313.7	0.27	192.0	294.9	713.1	37.2
1932	2273.4	87.1	129.7	316.4	0.27	198.1	294.9	719.2	37.2
1933	2316.3	89.8	138.9	319.0	0.27	208.0	321.7	739.0	37.2
1934	2359.2	91.2	136.4	316.4	0.27	215.1	321.7	746.3	37.2
1935	2359.2	92.5	136.4	321.7	0.27	218.2	321.7	759.0	37.2
1936	2402.1	95.2	145.1	324.4	0.27	228.6	348.5	779.2	37.2
1937	2445.1	97.9	142.5	327.1	0.27	239.3	348.5	799.7	37.2
1938	2445.1	99.2	142.5	329.8	0.36	242.5	348.5	806.3	49.6
1939	2488.0	101.9	150.8	332.4	0.36	253.5	375.3	827.1	49.6
1940	2488.0	104.6	150.8	335.1	0.36	260.1	375.3	833.8	49.6
1941	2573.8	105.9	156.2	332.4	0.36	272.6	402.1	855.6	49.6
1942	2616.6	108.6	153.7	337.8	0.36	284.1	402.1	883.9	49.6
1943	2616.6	109.9	164.0	337.8	0.36	287.6	429.0	883.9	49.6
1944	2702.4	111.3	158.7	340.5	0.36	300.7	429.0	920.1	49.6
1945	2745.3	113.9	166.0	343.2	0.46	312.8	455.8	942.1	62.0
1946	2788.2	115.3	163.5	343.2	0.46	321.4	455.8	956.8	62.0
1947	2831.0	116.6	170.5	345.8	0.46	330.2	482.6	979.1	62.0
1948	2873.9	119.3	167.9	345.8	0.46	342.9	482.6	993.9	62.0
1949	2917.0	122.0	174.6	348.5	0.46	355.8	509.4	1016.6	62.0
1950	3002.7	124.7	178.6	351.2	0.55	374.3	536.2	1054.6	74.5
1951	3002.7	126.0	178.6	351.2	0.55	378.4	536.2	1054.6	74.5
1952	3088.5	127.3	182.3	353.9	0.55	393.3	563.0	1093.0	74.5
1953	3131.4	130.0	188.4	356.6	0.55	407.2	589.8	1116.5	74.5
1954	3174.2	132.7	185.8	353.9	0.55	421.3	589.8	1123.3	74.5
1955	3260.0	134.1	189.1	359.3	0.55	437.0	616.6	1171.2	74.5
1956	3302.9	136.7	194.8	361.9	0.64	451.6	643.4	1195.4	86.9
1957	3345.9	139.4	200.3	364.6	0.64	466.5	670.2	1220.0	86.9
1958	3388.8	142.1	197.8	367.3	0.64	481.5	670.2	1244.7	86.9
1959	3431.7	143.4	203.1	370.0	0.64	492.2	697.1	1269.6	86.9
1960	3517.4	146.1	205.8	372.7	0.73	514.0	723.9	1310.8	99.3
1961	3560.3	148.8	210.9	375.3	0.73	529.8	750.7	1336.3	99.3
1962	3646.1	151.5	213.2	378.0	0.73	552.3	777.5	1378.3	99.3
1963	3689.0	154.2	218.0	378.0	0.82	568.7	804.3	1394.5	111.7
1964	3731.8	156.8	222.7	378.0	0.82	585.3	831.1	1410.7	111.7
1965	3817.8	159.5	224.7	386.1	0.82	609.0	857.9	1473.9	111.7
1966	3903.5	162.2	226.6	386.1	0.91	633.2	884.7	1507.0	124.1
1967	3946.4	164.9	231.0	388.7	0.91	650.7	911.5	1534.1	124.1
1968	3989.3	167.6	235.2	391.4	0.91	668.4	938.3	1561.5	124.1
1969	4075.0	171.6	236.8	391.4	1.00	699.2	965.1	1595.1	136.5
1970	4160.8	172.9	238.4	391.4	1.00	719.5	992.0	1628.6	136.5
1971	4203.7	175.6	242.4	391.4	1.00	738.2	1018.8	1645.4	136.5
1972	4289.6	179.6	250.0	391.4	1.10	770.5	1072.4	1679.0	148.9
1973	4375.4	182.3	251.2	388.7	1.10	797.7	1099.2	1700.9	148.9
1974	4418.2	185.0	260.9	394.1	1.19	817.3	1152.8	1741.2	161.3
1975	4504.0	187.7	261.9	394.1	1.19	845.3	1179.6	1775.0	161.3
1976	4589.8	190.4	262.8	394.1	1.19	873.7	1206.4	1808.8	161.3
1977	4675.7	193.0	269.5	394.1	1.28	902.5	1260.1	1842.7	173.8
1978	4718.6	194.4	272.7	396.8	1.37	917.1	1286.9	1872.2	186.2
1979	4804.3	199.7	273.4	396.8	1.37	959.6	1313.7	1906.3	186.2
1980	4890.1	202.4	279.6	396.8	1.46	989.8	1367.3	1940.3	198.6
1981	4975.8	205.1	285.6	396.8	1.46	1020.5	1420.9	1974.3	198.6
1982	5061.6	206.4	286.0	396.8	1.55	1044.9	1447.7	2008.3	211.0
1983	5147.5	209.1	291.7	396.8	1.55	1076.4	1501.3	2042.4	211.0
1984	5233.3	211.8	297.1	396.8	1.64	1108.4	1555.0	2076.5	223.4
1985	5319.0	214.5	302.4	396.8	1.73	1140.8	1608.6	2110.5	235.8
1986	5404.8	217.2	302.6	396.8	1.73	1173.7	1635.4	2144.5	235.8
1987	5490.6	219.8	307.6	396.8	1.83	1207.0	1689.0	2178.5	248.2
1988	5576.5	222.5	312.5	396.8	1.92	1240.9	1742.6	2212.6	260.7
1989	5705.1	225.2	314.8	396.8	2.01	1284.8	1796.2	2263.7	273.1
1990	5790.9	227.9	319.5	396.8	2.10	1319.6	1849.9	2297.7	285.5
1991	5833.8	230.6	326.3	396.8	2.10	1345.1	1903.5	2314.7	285.5
1992	5962.4	233.2	328.2	396.8	2.19	1390.7	1957.1	2365.8	297.9
1993	6048.3	235.9	336.9	396.8	2.28	1426.9	2037.5	2399.9	310.3
1994	6134.1	238.6	340.9	396.8	2.37	1463.6	2091.2	2433.9	322.7
1995	6219.8	241.3	344.8	396.8	2.46	1500.8	2144.8	2467.9	335.2
1996	6262.7	244.0	351.0	399.5	2.56	1527.9	2198.4	2501.7	347.6
1997	6477.3	248.0	351.8	396.8	2.74	1606.3	2278.8	2570.1	372.4
1998	6520.2	250.7	357.7	396.8	2.83	1634.4	2332.4	2587.1	384.8
1999	6605.9	252.0	361.2	396.8	2.92	1664.8	2386.1	2621.1	397.2
2000	6691.7	256.0	368.6	396.8	3.10	1713.3	2466.5	2655.1	422.0
2001	6820.3	258.7	373.4	399.5	3.19	1764.5	2546.9	2724.4	434.4
2002	6906.2	261.4	376.5	399.5	3.29	1805.3	2600.5	2758.8	446.8
2003	6992.0	264.1	379.6	399.5	3.38	1846.4	2654.2	2793.0	459.3
2004	7077.8	268.1	386.4	399.5	3.56	1897.5	2734.6	2827.3	484.1
2005	7163.5	270.8	393.0	399.5	3.65	1939.7	2815.0	2861.5	496.5
2006	7249.3	273.5	399.4	399.5	3.83	1982.4	2895.4	2895.8	521.3
2007	7378.1	277.5	403.3	399.5	4.02	2047.3	2975.9	2947.2	546.1
2008	7463.8	280.2	405.9	399.5	4.20	2091.1	3029.5	2981.5	570.9
2009	7549.6	282.8	415.5	399.5	4.38	2135.3	3136.7	3015.8	595.8
2010	7635.4	285.5	417.8	399.5	4.47	2180.1	3190.3	3050.0	608.2
2011	7721.1	288.2	423.6	399.5	4.65	2225.3	3270.8	3084.3	633.0
2012	7807.0	292.2	429.3	399.5	4.84	2281.4	3351.2	3118.6	657.8
2013	7935.7	296.2	435.8	394.1	5.11	2350.9	3458.4	3127.5	695.1
2014	8021.4	298.9	441.2	396.8	5.29	2397.8	3538.9	3182.7	719.9
2015	8064.3	300.3	445.5	396.8	5.48	2421.5	3592.5	3199.8	744.7
2016	8193.0	301.6	451.6	396.8	5.66	2471.1	3699.7	3250.8	769.6
2017	8278.9	303.0	453.4	394.1	5.84	2508.1	3753.4	3262.7	794.4
2018	8364.6	304.3	458.3	394.1	6.11	2545.3	3833.8	3296.5	831.6
2019	8450.4	304.3	469.5	388.7	6.39	2571.4	3967.8	3285.0	868.9
2020	8536.2	304.3	468.0	388.7	6.66	2597.5	3994.6	3318.3	906.1
2021	8621.9	304.3	469.5	383.4	6.94	2623.6	4048.3	3305.5	943.3
2022	8664.8	303.0	473.4	386.1	7.21	2625.0	4101.9	3345.1	980.6
2023	8750.7	300.3	474.9	383.4	7.39	2627.6	4155.5	3354.9	1005.4
2024	8836.5	297.6	476.3	378.0	7.76	2629.6	4209.1	3340.4	1055.0
2025	8879.4	293.6	480.1	375.3	8.03	2606.7	4262.7	3332.8	1092.3
2026	8965.1	290.9	478.5	372.7	8.31	2607.8	4289.5	3340.9	1129.5
2027	9008.0	286.9	479.2	367.3	8.58	2584.1	4316.4	3308.5	1166.8
2028	9008.0	277.5	482.1	361.9	8.94	2499.5	4343.2	3260.3	1216.4
2029	9136.8	261.4	475.4	353.9	9.31	2388.3	4343.2	3233.4	1266.1
2030	9179.7	250.7	470.2	348.5	9.58	2301.1	4316.4	3199.4	1303.3
2031	9179.7	239.9	467.3	340.5	9.86	2202.6	4289.5	3125.5	1340.5
2032	9222.6	226.5	459.3	329.8	10.13	2089.3	4235.9	3041.2	1377.8
2033	9222.6	214.5	450.6	319.0	10.50	1978.0	4155.5	2942.3	1427.4
2034	9222.6	209.1	441.9	311.0	10.86	1928.6	4075.1	2868.1	1477.0
2035	9222.6	203.8	436.0	303.0	11.04	1879.1	4021.4	2794.0	1501.9
2036	9222.6	186.3	421.5	289.5	11.32	1718.4	3887.4	2670.3	1539.1
2037	9222.6	175.6	407.0	278.8	11.59	1619.5	3753.4	2571.4	1576.3
2038	9222.6	168.9	395.3	268.1	11.86	1557.7	3646.1	2472.6	1613.6
2039	9179.7	163.5	388.4	260.1	11.86	1501.2	3565.7	2387.2	1613.6
2040	9136.8	156.8	375.6	252.0	12.14	1433.0	3431.6	2302.6	1650.8
2041	9093.8	150.1	365.6	241.3	12.23	1365.3	3324.4	2194.2	1663.3
2042	9093.8	144.8	353.8	235.9	12.32	1316.5	3217.2	2145.4	1675.7
2043	9050.9	139.4	346.6	230.6	12.32	1261.8	3136.7	2086.8	1675.7
2044	8965.1	132.7	334.9	222.5	12.32	1189.8	3002.7	1994.9	1675.7
2045	8922.2	127.3	324.5	217.2	12.32	1136.2	2895.4	1937.6	1675.7
2046	8836.5	123.3	318.6	211.8	12.23	1089.8	2815.0	1871.6	1663.3
2047	8793.6	119.3	311.0	209.1	12.14	1049.1	2734.6	1838.9	1650.8
2048	8664.8	113.9	303.2	203.8	11.96	987.3	2627.3	1765.5	1626.0
2049	8579.0	108.6	293.8	201.1	11.77	931.5	2520.1	1725.0	1601.2
2050	8493.3	105.9	287.3	201.1	11.59	899.4	2439.7	1707.7	1576.3
2051	8407.5	103.2	280.6	198.4	11.41	867.8	2359.2	1668.0	1551.5
2052	8321.8	96.5	270.6	195.7	11.13	803.2	2252.0	1628.7	1514.3
2053	8193.0	93.8	265.1	198.4	10.86	768.8	2171.6	1625.4	1477.0
2054	8107.2	91.2	257.9	198.4	10.59	739.0	2091.2	1608.4	1439.8
2055	8021.4	87.1	257.3	198.4	10.31	698.9	2064.3	1591.4	1402.6
2056	7892.8	84.5	244.6	201.1	9.95	666.5	1930.3	1587.0	1353.0
2057	7807.0	80.4	237.0	201.1	9.67	627.9	1849.9	1569.8	1315.7
2058	7721.1	77.8	232.6	201.1	9.31	600.3	1796.2	1552.5	1266.1
2059	7635.4	75.1	228.2	201.1	9.04	573.1	1742.6	1535.2	1228.8
2060	7549.6	72.4	220.2	203.8	8.67	546.5	1662.2	1538.2	1179.2
2061	7463.8	69.7	211.9	201.1	8.31	520.3	1581.8	1500.8	1129.5
2062	7378.1	67.0	207.1	198.4	8.03	494.5	1528.2	1463.7	1092.3
2063	7292.2	64.3	202.2	198.4	7.76	469.2	1474.5	1446.7	1055.0
2064	7206.4	61.7	197.2	195.7	7.39	444.3	1420.9	1410.4	1005.4
2065	7120.6	59.0	192.0	195.7	7.03	420.0	1367.3	1393.6	955.7
2066	7034.9	57.6	186.7	190.4	6.84	405.5	1313.7	1339.1	930.9
2067	6992.0	56.3	180.2	195.7	6.48	393.6	1260.1	1368.4	881.3
2068	6863.2	53.6	175.8	193.0	6.21	368.0	1206.4	1324.8	844.1
2069	6777.4	50.9	170.1	187.7	5.84	345.2	1152.8	1271.9	794.4
2070	6734.6	49.6	167.2	190.4	5.66	334.0	1126.0	1281.9	769.6
2071	6648.8	48.3	161.3	190.4	5.38	320.8	1072.4	1265.6	732.3
2072	6563.0	45.6	159.3	190.4	5.11	299.1	1045.6	1249.3	695.1
2073	6520.2	44.2	152.1	190.4	4.84	288.4	992.0	1241.1	657.8
2074	6477.3	42.9	149.0	190.4	4.65	277.8	965.1	1233.0	633.0
2075	6391.4	41.6	146.8	185.0	4.38	265.6	938.3	1182.3	595.8
2076	6305.6	38.9	140.3	187.7	4.20	245.1	884.7	1183.4	570.9
2077	6219.8	37.5	137.9	187.7	3.92	233.5	857.9	1167.3	533.7
2078	6177.0	36.2	134.5	187.7	3.74	223.6	831.1	1159.2	508.9
2079	6134.1	34.9	131.1	187.7	3.56	213.8	804.3	1151.2	484.1
2080	6091.2	33.5	123.2	187.7	3.38	204.1	750.7	1143.1	459.3
2081	5962.4	32.2	121.4	187.7	3.19	191.8	723.9	1119.0	434.4
2082	5919.5	30.8	117.8	187.7	3.01	182.5	697.1	1110.9	409.6
2083	5876.6	29.5	118.6	187.7	2.92	173.3	697.1	1102.9	397.2
2084	5833.8	28.2	110.3	190.4	2.74	164.2	643.4	1110.5	372.4
2085	5748.0	26.8	107.3	190.4	2.56	154.1	616.6	1094.1	347.6
2086	5705.1	26.8	108.1	190.4	2.46	153.0	616.6	1086.0	335.2
2087	5662.2	25.5	104.2	190.4	2.37	144.2	589.8	1077.8	322.7
2088	5619.4	24.1	100.2	190.4	2.19	135.6	563.0	1069.6	297.9
2089	5533.4	24.1	96.9	190.4	2.10	133.5	536.2	1053.3	285.5
2090	5490.6	22.8	97.7	193.0	2.10	125.1	536.2	1059.8	285.5
2091	5447.7	21.5	93.5	193.0	2.01	116.9	509.4	1051.6	273.1
2092	5404.8	21.5	89.3	193.0	1.83	115.9	482.6	1043.3	248.2
2093	5361.9	20.1	85.0	193.0	1.73	107.8	455.8	1035.0	235.8
2094	5319.0	20.1	85.7	195.7	1.64	106.9	455.8	1041.0	223.4
2095	5319.0	18.8	80.7	195.7	1.64	99.8	429.0	1041.0	223.4
2096	5233.3	18.8	82.0	195.7	1.55	98.2	429.0	1024.2	211.0
2097	5190.4	17.4	77.5	195.7	1.28	90.4	402.1	1015.8	173.8
2098	5190.4	16.1	77.5	198.4	1.37	83.5	402.1	1029.7	186.2
2099	5147.5	16.1	72.9	198.4	1.19	82.8	375.3	1021.2	161.3
2100	5061.6	16.1	68.9	201.1	1.00	81.4	348.5	1017.7	136.5
